Fecha,AGU_N,AGU_S,AGU_P,AGU_PF,AGU_PA,AGU_PH,AGU_PHL,AGU_PHG,AGU_PHC,BCN_N,BCN_S,BCN_P,BCN_PF,BCN_PA,BCN_PH,BCN_PHL,BCN_PHG,BCN_PHC,BCS_N,BCS_S,BCS_P,BCS_PF,BCS_PA,BCS_PH,BCS_PHL,BCS_PHG,BCS_PHC,CAM_N,CAM_S,CAM_P,CAM_PF,CAM_PA,CAM_PH,CAM_PHL,CAM_PHG,CAM_PHC,COA_N,COA_S,COA_P,COA_PF,COA_PA,COA_PH,COA_PHL,COA_PHG,COA_PHC,COL_N,COL_S,COL_P,COL_PF,COL_PA,COL_PH,COL_PHL,COL_PHG,COL_PHC,CHP_N,CHP_S,CHP_P,CHP_PF,CHP_PA,CHP_PH,CHP_PHL,CHP_PHG,CHP_PHC,CHH_N,CHH_S,CHH_P,CHH_PF,CHH_PA,CHH_PH,CHH_PHL,CHH_PHG,CHH_PHC,CMX_N,CMX_S,CMX_P,CMX_PF,CMX_PA,CMX_PH,CMX_PHL,CMX_PHG,CMX_PHC,DUR_N,DUR_S,DUR_P,DUR_PF,DUR_PA,DUR_PH,DUR_PHL,DUR_PHG,DUR_PHC,GUA_N,GUA_S,GUA_P,GUA_PF,GUA_PA,GUA_PH,GUA_PHL,GUA_PHG,GUA_PHC,GRO_N,GRO_S,GRO_P,GRO_PF,GRO_PA,GRO_PH,GRO_PHL,GRO_PHG,GRO_PHC,HID_N,HID_S,HID_P,HID_PF,HID_PA,HID_PH,HID_PHL,HID_PHG,HID_PHC,JAL_N,JAL_S,JAL_P,JAL_PF,JAL_PA,JAL_PH,JAL_PHL,JAL_PHG,JAL_PHC,MEX_N,MEX_S,MEX_P,MEX_PF,MEX_PA,MEX_PH,MEX_PHL,MEX_PHG,MEX_PHC,MIC_N,MIC_S,MIC_P,MIC_PF,MIC_PA,MIC_PH,MIC_PHL,MIC_PHG,MIC_PHC,MOR_N,MOR_S,MOR_P,MOR_PF,MOR_PA,MOR_PH,MOR_PHL,MOR_PHG,MOR_PHC,NAY_N,NAY_S,NAY_P,NAY_PF,NAY_PA,NAY_PH,NAY_PHL,NAY_PHG,NAY_PHC,NLE_N,NLE_S,NLE_P,NLE_PF,NLE_PA,NLE_PH,NLE_PHL,NLE_PHG,NLE_PHC,OAX_N,OAX_S,OAX_P,OAX_PF,OAX_PA,OAX_PH,OAX_PHL,OAX_PHG,OAX_PHC,PUE_N,PUE_S,PUE_P,PUE_PF,PUE_PA,PUE_PH,PUE_PHL,PUE_PHG,PUE_PHC,QUE_N,QUE_S,QUE_P,QUE_PF,QUE_PA,QUE_PH,QUE_PHL,QUE_PHG,QUE_PHC,ROO_N,ROO_S,ROO_P,ROO_PF,ROO_PA,ROO_PH,ROO_PHL,ROO_PHG,ROO_PHC,SLP_N,SLP_S,SLP_P,SLP_PF,SLP_PA,SLP_PH,SLP_PHL,SLP_PHG,SLP_PHC,SIN_N,SIN_S,SIN_P,SIN_PF,SIN_PA,SIN_PH,SIN_PHL,SIN_PHG,SIN_PHC,SON_N,SON_S,SON_P,SON_PF,SON_PA,SON_PH,SON_PHL,SON_PHG,SON_PHC,TAB_N,TAB_S,TAB_P,TAB_PF,TAB_PA,TAB_PH,TAB_PHL,TAB_PHG,TAB_PHC,TAM_N,TAM_S,TAM_P,TAM_PF,TAM_PA,TAM_PH,TAM_PHL,TAM_PHG,TAM_PHC,TLA_N,TLA_S,TLA_P,TLA_PF,TLA_PA,TLA_PH,TLA_PHL,TLA_PHG,TLA_PHC,VER_N,VER_S,VER_P,VER_PF,VER_PA,VER_PH,VER_PHL,VER_PHG,VER_PHC,YUC_N,YUC_S,YUC_P,YUC_PF,YUC_PA,YUC_PH,YUC_PHL,YUC_PHG,YUC_PHC,ZAC_N,ZAC_S,ZAC_P,ZAC_PF,ZAC_PA,ZAC_PH,ZAC_PHL,ZAC_PHG,ZAC_PHC,TOT_N,TOT_S,TOT_P,TOT_PF,TOT_PA,TOT_PH,TOT_PHL,TOT_PHG,TOT_PHC
2020-01-01,0,0,0,0,0,0,0,0,0,0,0,0,0,0,0,0,0,0,2,0,0,0,0,0,0,0,0,0,0,0,0,0,0,0,0,0,2,0,0,0,0,0,0,0,0,0,0,0,0,0,0,0,0,0,0,0,0,0,0,0,0,0,0,1,0,0,0,0,0,0,0,0,6,2,0,0,0,0,0,0,0,0,0,0,0,0,0,0,0,0,0,1,0,0,0,0,0,0,0,1,0,0,0,0,0,0,0,0,0,0,0,0,0,0,0,0,0,2,0,0,0,0,0,0,0,0,1,0,0,0,0,0,0,0,0,0,0,0,0,0,0,0,0,0,0,0,0,0,0,0,0,0,0,0,1,0,0,0,0,0,0,0,1,2,0,0,0,0,0,0,0,1,0,0,0,0,0,0,0,0,1,0,0,0,0,0,0,0,0,0,0,0,0,0,0,0,0,0,3,0,0,0,0,0,0,0,0,0,0,0,0,0,0,0,0,0,0,0,0,0,0,0,0,0,0,0,1,0,0,0,0,0,0,0,0,0,0,0,0,0,0,0,0,1,0,0,0,0,0,0,0,0,0,1,0,0,0,0,0,0,0,1,0,0,0,0,0,0,0,0,1,0,0,0,0,0,0,0,0,1,0,0,0,0,0,0,0,0,25,8,0,0,0,0,0,0,0
2020-01-02,3,0,0,0,0,0,0,0,0,1,0,0,0,0,0,0,0,0,4,1,0,0,0,0,0,0,0,0,0,0,0,0,0,0,0,0,4,0,0,0,0,0,0,0,0,0,1,0,0,0,0,0,0,0,0,0,0,0,0,0,0,0,0,5,2,0,0,0,0,0,0,0,30,14,0,0,0,0,0,0,0,0,0,0,0,0,0,0,0,0,1,4,0,0,0,0,0,0,0,1,0,0,0,0,0,0,0,0,2,3,0,0,0,0,0,0,0,4,2,0,0,0,0,0,0,0,5,3,0,0,0,0,0,0,0,3,0,0,0,0,0,0,0,0,0,4,0,0,0,0,0,0,0,0,3,0,0,0,0,0,0,0,5,12,0,0,0,0,0,0,0,2,0,0,0,0,0,0,0,0,2,1,0,0,0,0,0,0,0,4,0,0,0,0,0,0,0,0,4,1,0,0,0,0,0,0,0,2,0,0,0,0,0,0,0,0,1,0,0,0,0,0,0,0,0,2,2,0,0,0,0,0,0,0,0,0,0,0,0,0,0,0,0,3,1,0,0,0,0,0,0,0,2,3,0,0,0,0,0,0,0,5,1,0,0,0,0,0,0,0,1,0,0,0,0,0,0,0,0,1,0,0,0,0,0,0,0,0,97,58,0,0,0,0,0,0,0
2020-01-03,3,1,0,0,0,0,0,0,0,7,1,0,0,0,0,0,0,0,8,2,0,0,0,0,0,0,0,0,0,0,0,0,0,0,0,0,8,0,0,0,0,0,0,0,0,0,2,0,0,0,0,0,0,0,0,4,0,0,0,0,0,0,0,6,3,0,0,0,0,0,0,0,58,31,0,0,0,0,0,0,0,1,0,0,0,0,0,0,0,0,2,9,0,0,0,0,0,0,0,2,1,0,0,0,0,0,0,0,6,11,0,0,0,0,0,0,0,11,12,0,0,0,0,0,0,0,8,9,0,0,0,0,0,0,0,5,2,0,0,0,0,0,0,0,0,9,0,0,0,0,0,0,0,2,6,0,0,0,0,0,0,0,9,45,0,0,0,0,0,0,0,6,1,0,0,0,0,0,0,0,3,3,0,0,0,0,0,0,0,5,0,0,0,0,0,0,0,0,8,3,0,0,0,0,0,0,0,3,0,0,0,0,0,0,0,0,3,0,0,0,0,0,0,0,0,5,2,0,0,0,0,0,0,0,1,0,0,0,0,0,0,0,0,4,2,0,0,0,0,0,0,0,2,3,0,0,0,0,0,0,0,6,4,0,0,0,0,0,0,0,2,5,0,0,0,0,0,0,0,2,1,0,0,0,0,0,0,0,186,172,0,0,0,0,0,0,0
2020-01-04,3,1,0,0,0,0,0,0,0,9,1,0,0,0,0,0,0,0,9,3,0,0,0,0,0,0,0,0,0,0,0,0,0,0,0,0,10,0,0,0,0,0,0,0,0,0,3,0,0,0,0,0,0,0,0,4,0,0,0,0,0,0,0,7,3,0,0,0,0,0,0,0,71,39,0,0,0,0,0,0,0,4,1,0,0,0,0,0,0,0,3,10,0,0,0,0,0,0,0,3,1,0,0,0,0,0,0,0,7,13,0,0,0,0,0,0,0,12,13,0,0,0,0,0,0,0,8,10,0,0,0,0,0,0,0,7,2,0,0,0,0,0,0,0,0,10,0,0,0,0,0,0,0,3,6,0,0,0,0,0,0,0,9,50,0,0,0,0,0,0,0,6,1,0,0,0,0,0,0,0,6,4,0,0,0,0,0,0,0,6,0,0,0,0,0,0,0,0,9,3,0,0,0,0,0,0,0,3,1,0,0,0,0,0,0,0,3,1,0,0,0,0,0,0,0,6,2,0,0,0,0,0,0,0,2,0,0,0,0,0,0,0,0,4,3,0,0,0,0,0,0,0,3,7,0,0,0,0,0,0,0,12,4,0,0,0,0,0,0,0,2,5,0,0,0,0,0,0,0,4,1,0,0,0,0,0,0,0,231,202,0,0,0,0,0,0,0
2020-01-05,4,1,0,0,0,0,0,0,0,12,1,0,0,0,0,0,0,0,11,5,0,0,0,0,0,0,0,1,0,0,0,0,0,0,0,0,14,0,0,0,0,0,0,0,0,1,3,0,0,0,0,0,0,0,0,4,0,0,0,0,0,0,0,12,3,0,0,0,0,0,0,0,85,50,0,0,0,0,0,0,0,5,1,0,0,0,0,0,0,0,6,16,0,0,0,0,0,0,0,5,2,0,0,0,0,0,0,0,7,16,0,0,0,0,0,0,0,14,16,0,0,0,0,0,0,0,13,10,0,0,0,0,0,0,0,9,2,0,0,0,0,0,0,0,2,10,0,0,0,0,0,0,0,4,6,0,0,0,0,0,0,0,9,61,0,0,0,0,0,0,0,10,2,0,0,0,0,0,0,0,7,4,0,0,0,0,0,0,0,10,2,0,0,0,0,0,0,0,13,3,0,0,0,0,0,0,0,6,2,0,0,0,0,0,0,0,6,1,0,0,0,0,0,0,0,8,3,0,0,0,0,0,0,0,3,0,0,0,0,0,0,0,0,5,3,0,0,0,0,0,0,0,4,10,0,0,0,0,0,0,0,17,5,0,0,0,0,0,0,0,3,5,0,0,0,0,0,0,0,6,1,0,0,0,0,0,0,0,312,248,0,0,0,0,0,0,0
2020-01-06,7,2,0,0,0,0,0,0,0,21,7,0,0,0,0,0,0,0,16,6,0,0,0,0,0,0,0,1,1,0,0,0,0,0,0,0,21,1,0,0,0,0,0,0,0,1,5,0,0,0,0,0,0,0,2,7,0,0,0,0,0,0,0,20,6,0,0,0,0,0,0,0,121,73,0,0,0,0,0,0,0,6,2,0,0,0,0,0,0,0,12,19,0,0,0,0,0,0,0,6,3,0,0,0,0,0,0,0,13,17,0,0,0,0,0,0,0,26,28,0,0,0,0,0,0,0,22,15,0,0,0,0,0,0,0,11,2,0,0,0,0,0,0,0,2,10,0,0,0,0,0,0,0,4,8,0,0,0,0,0,0,0,14,99,0,0,0,0,0,0,0,14,2,0,0,0,0,0,0,0,13,11,0,0,0,0,0,0,0,15,7,0,0,0,0,0,0,0,22,4,0,0,0,0,0,0,0,12,3,0,0,0,0,0,0,0,7,3,0,0,0,0,0,0,0,10,5,0,0,0,0,0,0,0,6,2,0,0,0,0,0,0,0,6,5,0,0,0,0,0,0,0,6,14,0,0,0,0,0,0,0,28,6,0,0,0,0,0,0,0,5,5,0,0,0,0,0,0,0,8,6,0,0,0,0,0,0,0,478,384,0,0,0,0,0,0,0
2020-01-07,13,3,0,0,0,0,0,0,0,24,11,0,0,0,0,0,0,0,18,8,0,0,0,0,0,0,0,1,1,0,0,0,0,0,0,0,32,1,0,0,0,0,0,0,0,1,9,0,0,0,0,0,0,0,2,9,0,0,0,0,0,0,0,33,7,0,0,0,0,0,0,0,161,108,0,0,0,0,0,0,0,11,2,0,0,0,0,0,0,0,15,26,0,0,0,0,0,0,0,9,4,0,0,0,0,0,0,0,17,25,0,0,0,0,0,0,0,36,42,0,0,0,0,0,0,0,30,23,0,0,0,0,0,0,0,14,2,0,0,0,0,0,0,0,3,10,0,0,0,0,0,0,0,8,17,0,0,0,0,0,0,0,20,137,0,0,0,0,0,0,0,17,2,0,0,0,0,0,0,0,18,12,0,0,0,0,0,0,0,20,10,0,0,0,0,0,0,0,30,5,0,0,0,0,0,0,0,28,7,0,0,0,0,0,0,0,9,7,0,0,0,0,0,0,0,14,6,0,0,0,0,0,0,0,7,2,0,0,0,0,0,0,0,8,7,0,0,0,0,0,0,0,11,19,0,0,0,0,0,0,0,33,7,0,0,0,0,0,0,0,6,8,0,0,0,0,0,0,0,13,8,0,0,0,0,0,0,0,662,545,0,0,0,0,0,0,0
2020-01-08,16,5,0,0,0,0,0,0,0,29,14,0,0,0,0,0,0,0,22,8,0,0,0,0,0,0,0,2,2,0,0,0,0,0,0,0,40,2,0,0,0,0,0,0,0,1,13,0,0,0,0,0,0,0,3,11,0,0,0,0,0,0,0,35,8,0,0,0,0,0,0,0,195,139,0,0,0,0,0,0,0,15,2,0,0,0,0,0,0,0,19,28,0,0,0,0,0,0,0,11,5,0,0,0,0,0,0,0,28,32,0,0,0,0,0,0,0,50,60,0,0,0,0,0,0,0,36,31,0,0,0,0,0,0,0,21,3,0,0,0,0,0,0,0,3,14,0,0,0,0,0,0,0,13,26,0,0,0,0,0,0,0,26,203,0,0,0,0,0,0,0,19,3,0,0,0,0,0,0,0,23,18,0,0,0,0,0,0,0,25,17,0,0,0,0,0,0,0,36,9,0,0,0,0,0,0,0,34,9,0,0,0,0,0,0,0,16,8,0,0,0,0,0,0,0,18,6,0,0,0,0,0,0,0,9,4,0,0,0,0,0,0,0,9,8,0,0,0,0,0,0,0,14,24,0,0,0,0,0,0,0,38,17,0,0,0,0,0,0,0,7,10,0,0,0,0,0,0,0,18,9,0,0,0,0,0,0,0,831,748,0,0,0,0,0,0,0
2020-01-09,29,6,0,0,0,0,0,0,0,33,17,0,0,0,0,0,0,0,28,8,0,0,0,0,0,0,0,4,6,0,0,0,0,0,0,0,48,4,0,0,0,0,0,0,0,3,13,0,0,0,0,0,0,0,3,14,0,0,0,0,0,0,0,40,13,0,0,0,0,0,0,0,238,172,0,0,0,0,0,0,0,19,4,0,0,0,0,0,0,0,23,35,0,0,0,0,0,0,0,13,7,0,0,0,0,0,0,0,37,32,0,0,0,0,0,0,0,73,80,0,0,0,0,0,0,0,49,35,0,0,0,0,0,0,0,27,5,0,0,0,0,0,0,0,3,15,0,0,0,0,0,0,0,15,38,0,0,0,0,0,0,0,28,234,0,0,0,0,0,0,0,24,4,0,0,0,0,0,0,0,28,21,0,0,0,0,0,0,0,30,22,0,0,0,0,0,0,0,39,12,0,0,0,0,0,0,0,39,14,0,0,0,0,0,0,0,17,11,0,0,0,0,0,0,0,22,7,0,0,0,0,0,0,0,9,6,0,0,0,0,0,0,0,10,11,0,0,0,0,0,0,0,15,28,0,0,0,0,0,0,0,46,21,0,0,0,0,0,0,0,8,13,0,0,0,0,0,0,0,22,10,0,0,0,0,0,0,0,1022,918,0,0,0,0,0,0,0
2020-01-10,34,9,0,0,0,0,0,0,0,39,21,0,0,0,0,0,0,0,28,10,0,0,0,0,0,0,0,4,6,0,0,0,0,0,0,0,50,5,0,0,0,0,0,0,0,3,13,0,0,0,0,0,0,0,4,14,0,0,0,0,0,0,0,44,13,0,0,0,0,0,0,0,272,193,0,0,0,0,0,0,0,23,7,0,0,0,0,0,0,0,26,39,0,0,0,0,0,0,0,14,7,0,0,0,0,0,0,0,43,42,0,0,0,0,0,0,0,85,98,0,0,0,0,0,0,0,68,40,0,0,0,0,0,0,0,36,7,0,0,0,0,0,0,0,3,18,0,0,0,0,0,0,0,18,45,0,0,0,0,0,0,0,31,288,0,0,0,0,0,0,0,27,5,0,0,0,0,0,0,0,31,22,0,0,0,0,0,0,0,30,29,0,0,0,0,0,0,0,41,14,0,0,0,0,0,0,0,41,19,0,0,0,0,0,0,0,20,14,0,0,0,0,0,0,0,25,10,0,0,0,0,0,0,0,9,6,0,0,0,0,0,0,0,12,13,0,0,0,0,0,0,0,19,34,0,0,0,0,0,0,0,57,24,0,0,0,0,0,0,0,9,15,0,0,0,0,0,0,0,23,17,0,0,0,0,0,0,0,1169,1097,0,0,0,0,0,0,0
2020-01-11,34,9,0,0,0,0,0,0,0,40,21,0,0,0,0,0,0,0,28,10,0,0,0,0,0,0,0,4,6,0,0,0,0,0,0,0,51,5,0,0,0,0,0,0,0,4,13,0,0,0,0,0,0,0,4,14,0,0,0,0,0,0,0,45,13,0,0,0,0,0,0,0,283,205,0,0,0,0,0,0,0,23,7,0,0,0,0,0,0,0,26,44,0,0,0,0,0,0,0,14,7,0,0,0,0,0,0,0,43,43,0,0,0,0,0,0,0,91,102,0,0,0,0,0,0,0,69,43,0,0,0,0,0,0,0,37,7,0,0,0,0,0,0,0,4,18,0,0,0,0,0,0,0,19,45,0,0,0,0,0,0,0,34,289,0,0,0,0,0,0,0,28,6,0,0,0,0,0,0,0,33,22,0,0,0,0,0,0,0,32,33,0,0,0,0,0,0,0,41,15,0,0,0,0,0,0,0,44,19,0,0,0,0,0,0,0,21,14,0,0,0,0,0,0,0,26,10,0,0,0,0,0,0,0,9,6,0,0,0,0,0,0,0,13,13,0,0,0,0,0,0,0,19,34,0,0,0,0,0,0,0,60,25,0,0,0,0,0,0,0,10,15,0,0,0,0,0,0,0,25,17,0,0,0,0,0,0,0,1214,1130,0,0,0,0,0,0,0
2020-01-12,39,9,0,0,0,0,0,0,0,42,21,0,0,0,0,0,0,0,29,11,0,0,0,0,0,0,0,4,6,0,0,0,0,0,0,0,58,5,0,0,0,0,0,0,0,4,14,0,0,0,0,0,0,0,5,15,0,0,0,0,0,0,0,56,19,0,0,0,0,0,0,0,301,217,0,0,0,0,0,0,0,27,7,0,0,0,0,0,0,0,31,46,0,0,0,0,0,0,0,21,7,0,0,0,0,0,0,0,49,54,0,0,0,0,0,0,0,104,102,0,0,0,0,0,0,0,72,43,0,0,0,0,0,0,0,41,7,0,0,0,0,0,0,0,4,18,0,0,0,0,0,0,0,21,45,0,0,0,0,0,0,0,36,306,0,0,0,0,0,0,0,31,7,0,0,0,0,0,0,0,33,22,0,0,0,0,0,0,0,37,35,0,0,0,0,0,0,0,46,16,0,0,0,0,0,0,0,51,20,0,0,0,0,0,0,0,23,14,0,0,0,0,0,0,0,28,10,0,0,0,0,0,0,0,9,6,0,0,0,0,0,0,0,13,14,0,0,0,0,0,0,0,21,42,0,0,0,0,0,0,0,67,26,0,0,0,0,0,0,0,10,16,0,0,0,0,0,0,0,30,17,0,0,0,0,0,0,0,1343,1197,0,0,0,0,0,0,0
2020-01-13,55,11,0,0,0,0,0,0,0,45,25,0,0,0,0,0,0,0,32,13,0,0,0,0,0,0,0,5,6,0,0,0,0,0,0,0,73,9,0,0,0,0,0,0,0,5,16,0,0,0,0,0,0,0,6,17,0,0,0,0,0,0,0,65,19,0,0,0,0,0,0,0,338,245,0,0,0,0,0,0,0,29,7,0,0,0,0,0,0,0,35,56,0,0,0,0,0,0,0,24,7,0,0,0,0,0,0,0,57,63,0,0,0,0,0,0,0,124,127,0,0,0,0,0,0,0,76,50,0,0,0,0,0,0,0,49,7,0,0,0,0,0,0,0,7,23,0,0,0,0,0,0,0,25,52,0,0,0,0,0,0,0,46,365,0,0,0,0,0,0,0,37,9,0,0,0,0,0,0,0,44,27,0,0,0,0,0,0,0,48,46,0,0,0,0,0,0,0,52,20,0,0,0,0,0,0,0,63,26,0,0,0,0,0,0,0,25,17,0,0,0,0,0,0,0,35,11,0,0,0,0,0,0,0,11,7,0,0,0,0,0,0,0,14,17,0,0,0,0,0,0,0,21,47,0,0,0,0,0,0,0,79,32,0,0,0,0,0,0,0,10,20,0,0,0,0,0,0,0,33,21,0,0,0,0,0,0,0,1568,1418,0,0,0,0,0,0,0
2020-01-14,66,13,0,0,0,0,0,0,0,50,36,0,0,0,0,0,0,0,33,14,0,0,0,0,0,0,0,6,6,0,0,0,0,0,0,0,87,14,0,0,0,0,0,0,0,6,17,0,0,0,0,0,0,0,7,18,0,0,0,0,0,0,0,77,19,0,0,0,0,0,0,0,395,286,0,0,0,0,0,0,0,32,9,0,0,0,0,0,0,0,39,61,0,0,0,0,0,0,0,28,7,0,0,0,0,0,0,0,58,70,0,0,0,0,0,0,0,148,160,0,0,0,0,0,0,0,87,61,0,0,0,0,0,0,0,55,9,0,0,0,0,0,0,0,14,28,0,0,0,0,0,0,0,28,59,0,0,0,0,0,0,0,53,424,0,0,0,0,0,0,0,41,10,0,0,0,0,0,0,0,46,37,0,0,0,0,0,0,0,58,55,0,0,0,0,0,0,0,57,23,0,0,0,0,0,0,0,71,43,0,0,0,0,0,0,0,30,19,0,0,0,0,0,0,0,44,14,0,0,0,0,0,0,0,12,9,0,0,0,0,0,0,0,17,17,0,0,0,0,0,0,0,23,53,0,0,0,0,0,0,0,90,37,0,0,0,0,0,0,0,10,23,0,0,0,0,0,0,0,39,24,0,0,0,0,0,0,0,1807,1675,0,0,0,0,0,0,0
2020-01-15,72,16,0,0,0,0,0,0,0,63,54,0,0,0,0,0,0,0,39,14,0,0,0,0,0,0,0,7,6,0,0,0,0,0,0,0,107,18,0,0,0,0,0,0,0,7,18,0,0,0,0,0,0,0,9,19,0,0,0,0,0,0,0,82,23,0,0,0,0,0,0,0,435,326,0,0,0,0,0,0,0,36,9,0,0,0,0,0,0,0,39,65,0,0,0,0,0,0,0,31,12,0,0,0,0,0,0,0,71,76,0,0,0,0,0,0,0,179,201,0,0,0,0,0,0,0,104,74,0,0,0,0,0,0,0,56,10,0,0,0,0,0,0,0,16,39,0,0,0,0,0,0,0,33,59,0,0,0,0,0,0,0,65,520,0,0,0,0,0,0,0,43,15,0,0,0,0,0,0,0,53,42,0,0,0,0,0,0,0,83,64,0,0,0,0,0,0,0,59,28,0,0,0,0,0,0,0,81,59,0,0,0,0,0,0,0,35,22,0,0,0,0,0,0,0,56,16,0,0,0,0,0,0,0,13,10,0,0,0,0,0,0,0,22,20,0,0,0,0,0,0,0,23,55,0,0,0,0,0,0,0,98,48,0,0,0,0,0,0,0,11,25,0,0,0,0,0,0,0,45,28,0,0,0,0,0,0,0,2073,1991,0,0,0,0,0,0,0
2020-01-16,85,20,0,0,0,0,0,0,0,67,69,0,0,0,0,0,0,0,47,14,0,0,0,0,0,0,0,8,7,0,0,0,0,0,0,0,123,19,0,0,0,0,0,0,0,7,19,0,0,0,0,0,0,0,10,24,0,0,0,0,0,0,0,93,24,0,0,0,0,0,0,0,471,352,0,0,0,0,0,0,0,40,14,0,0,0,0,0,0,0,44,79,0,0,0,0,0,0,0,32,13,0,0,0,0,0,0,0,74,88,0,0,0,0,0,0,0,208,267,0,0,0,0,0,0,0,111,84,0,0,0,0,0,0,0,65,11,0,0,0,0,0,0,0,19,44,0,0,0,0,0,0,0,34,66,0,0,0,0,0,0,0,76,583,0,0,0,0,0,0,0,47,16,0,0,0,0,0,0,0,56,45,0,0,0,0,0,0,0,93,80,0,0,0,0,0,0,0,61,30,0,0,0,0,0,0,0,96,61,0,0,0,0,0,0,0,39,28,0,0,0,0,0,0,0,62,17,0,0,0,0,0,0,0,14,15,0,0,0,0,0,0,0,29,20,0,0,0,0,0,0,0,24,63,0,0,0,0,0,0,0,108,57,0,0,0,0,0,0,0,11,31,0,0,0,0,0,0,0,49,30,0,0,0,0,0,0,0,2303,2290,0,0,0,0,0,0,0
2020-01-17,93,26,0,0,0,0,0,0,0,72,80,0,0,0,0,0,0,0,49,18,0,0,0,0,0,0,0,8,7,0,0,0,0,0,0,0,139,28,0,0,0,0,0,0,0,8,23,0,0,0,0,0,0,0,12,26,0,0,0,0,0,0,0,96,29,0,0,0,0,0,0,0,502,382,0,0,0,0,0,0,0,43,19,0,0,0,0,0,0,0,46,96,0,0,0,0,0,0,0,32,14,0,0,0,0,0,0,0,85,99,0,0,0,0,0,0,0,231,322,0,0,0,0,0,0,0,121,88,0,0,0,0,0,0,0,76,12,0,0,0,0,0,0,0,19,50,0,0,0,0,0,0,0,36,76,0,0,0,0,0,0,0,81,638,0,0,0,0,0,0,0,49,16,0,0,0,0,0,0,0,60,48,0,0,0,0,0,0,0,103,94,0,0,0,0,0,0,0,63,32,0,0,0,0,0,0,0,105,68,0,0,0,0,0,0,0,39,29,0,0,0,0,0,0,0,67,18,0,0,0,0,0,0,0,14,18,0,0,0,0,0,0,0,32,22,0,0,0,0,0,0,0,25,72,0,0,0,0,0,0,0,115,60,0,0,0,0,0,0,0,12,37,0,0,0,0,0,0,0,55,31,0,0,0,0,0,0,0,2488,2578,0,0,0,0,0,0,0
2020-01-18,93,26,0,0,0,0,0,0,0,74,84,0,0,0,0,0,0,0,51,18,0,0,0,0,0,0,0,8,7,0,0,0,0,0,0,0,143,28,0,0,0,0,0,0,0,8,23,0,0,0,0,0,0,0,12,26,0,0,0,0,0,0,0,99,31,0,0,0,0,0,0,0,512,400,0,0,0,0,0,0,0,46,19,0,0,0,0,0,0,0,47,101,0,0,0,0,0,0,0,33,14,0,0,0,0,0,0,0,86,103,0,0,0,0,0,0,0,244,326,0,0,0,0,0,0,0,123,88,0,0,0,0,0,0,0,79,12,0,0,0,0,0,0,0,19,51,0,0,0,0,0,0,0,36,76,0,0,0,0,0,0,0,86,640,0,0,0,0,0,0,0,52,16,0,0,0,0,0,0,0,62,50,0,0,0,0,0,0,0,103,99,0,0,0,0,0,0,0,64,32,0,0,0,0,0,0,0,108,68,0,0,0,0,0,0,0,39,29,0,0,0,0,0,0,0,69,19,0,0,0,0,0,0,0,14,18,0,0,0,0,0,0,0,34,23,0,0,0,0,0,0,0,25,73,0,0,0,0,0,0,0,119,60,0,0,0,0,0,0,0,12,38,0,0,0,0,0,0,0,57,32,0,0,0,0,0,0,0,2557,2630,0,0,0,0,0,0,0
2020-01-19,98,26,0,0,0,0,0,0,0,77,88,0,0,0,0,0,0,0,52,20,0,0,0,0,0,0,0,9,7,0,0,0,0,0,0,0,147,28,0,0,0,0,0,0,0,8,26,0,0,0,0,0,0,0,14,27,0,0,0,0,0,0,0,102,33,0,0,0,0,0,0,0,525,411,0,0,0,0,0,0,0,52,19,0,0,0,0,0,0,0,52,108,0,0,0,0,0,0,0,38,15,0,0,0,0,0,0,0,91,103,0,0,0,0,0,0,0,252,339,0,0,0,0,0,0,0,125,90,0,0,0,0,0,0,0,87,12,0,0,0,0,0,0,0,19,51,0,0,0,0,0,0,0,38,78,0,0,0,0,0,0,0,89,653,0,0,0,0,0,0,0,54,16,0,0,0,0,0,0,0,63,51,0,0,0,0,0,0,0,112,99,0,0,0,0,0,0,0,66,36,0,0,0,0,0,0,0,120,68,0,0,0,0,0,0,0,39,29,0,0,0,0,0,0,0,76,21,0,0,0,0,0,0,0,16,18,0,0,0,0,0,0,0,36,24,0,0,0,0,0,0,0,26,74,0,0,0,0,0,0,0,123,61,0,0,0,0,0,0,0,12,39,0,0,0,0,0,0,0,60,33,0,0,0,0,0,0,0,2678,2703,0,0,0,0,0,0,0
2020-01-20,112,42,0,0,0,0,0,0,0,86,95,0,0,0,0,0,0,0,56,21,0,0,0,0,0,0,0,9,7,0,0,0,0,0,0,0,165,42,0,0,0,0,0,0,0,10,27,0,0,0,0,0,0,0,17,30,0,0,0,0,0,0,0,109,37,0,0,0,0,0,0,0,566,445,0,0,0,0,0,0,0,58,23,0,0,0,0,0,0,0,58,125,0,0,0,0,0,0,0,40,17,0,0,0,0,0,0,0,101,112,0,0,0,0,0,0,0,278,390,0,0,0,0,0,0,0,143,95,0,0,0,0,0,0,0,91,13,0,0,0,0,0,0,0,21,53,0,0,0,0,0,0,0,39,89,0,0,0,0,0,0,0,109,702,0,0,0,0,0,0,0,56,17,0,0,0,0,0,0,0,65,62,0,0,0,0,0,0,0,130,116,0,0,0,0,0,0,0,72,38,0,0,0,0,0,0,0,136,77,0,0,0,0,0,0,0,44,31,0,0,0,0,0,0,0,91,26,0,0,0,0,0,0,0,20,20,0,0,0,0,0,0,0,38,27,0,0,0,0,0,0,0,28,86,0,0,0,0,0,0,0,140,73,0,0,0,0,0,0,0,14,41,0,0,0,0,0,0,0,68,37,0,0,0,0,0,0,0,2970,3016,0,0,0,0,0,0,0
2020-01-21,122,50,0,0,0,0,0,0,0,94,98,0,0,0,0,0,0,0,63,22,0,0,0,0,0,0,0,9,11,0,0,0,0,0,0,0,181,49,0,0,0,0,0,0,0,11,32,0,0,0,0,0,0,0,18,34,0,0,0,0,0,0,0,115,40,0,0,0,0,0,0,0,605,456,0,0,0,0,0,0,0,61,29,0,0,0,0,0,0,0,74,147,0,0,0,0,0,0,0,41,17,0,0,0,0,0,0,0,110,124,0,0,0,0,0,0,0,314,449,0,0,0,0,0,0,0,151,110,0,0,0,0,0,0,0,95,14,0,0,0,0,0,0,0,24,63,0,0,0,0,0,0,0,40,95,0,0,0,0,0,0,0,128,743,0,0,0,0,0,0,0,62,19,0,0,0,0,0,0,0,72,66,0,0,0,0,0,0,0,140,128,0,0,0,0,0,0,0,74,38,0,0,0,0,0,0,0,159,85,0,0,0,0,0,0,0,48,38,0,0,0,0,0,0,0,99,29,0,0,0,0,0,0,0,20,23,0,0,0,0,0,0,0,42,32,0,0,0,0,0,0,0,32,92,0,0,0,0,0,0,0,151,83,0,0,0,0,0,0,0,16,44,0,0,0,0,0,0,0,73,40,0,0,0,0,0,0,0,3244,3300,0,0,0,0,0,0,0
2020-01-22,131,55,0,0,0,0,0,0,0,103,112,0,0,0,0,0,0,0,67,24,0,0,0,0,0,0,0,10,11,0,0,0,0,0,0,0,198,57,0,0,0,0,0,0,0,11,39,0,0,0,0,0,0,0,21,35,0,0,0,0,0,0,0,129,46,0,0,0,0,0,0,0,634,470,0,0,0,0,0,0,0,73,33,0,0,0,0,0,0,0,86,158,0,0,0,0,0,0,0,44,18,0,0,0,0,0,0,0,117,137,0,0,0,0,0,0,0,354,513,0,0,0,0,0,0,0,161,116,0,0,0,0,0,0,0,101,17,0,0,0,0,0,0,0,27,70,0,0,0,0,0,0,0,44,98,0,0,0,0,0,0,0,133,784,0,0,0,0,0,0,0,67,23,0,0,0,0,0,0,0,77,74,0,0,0,0,0,0,0,152,145,0,0,0,0,0,0,0,82,40,0,0,0,0,0,0,0,184,101,0,0,0,0,0,0,0,52,44,0,0,0,0,0,0,0,107,34,0,0,0,0,0,0,0,20,24,0,0,0,0,0,0,0,48,33,0,0,0,0,0,0,0,36,101,0,0,0,0,0,0,0,165,91,0,0,0,0,0,0,0,18,49,0,0,0,0,0,0,0,81,42,0,0,0,0,0,0,0,3533,3594,0,0,0,0,0,0,0
2020-01-23,142,66,0,0,0,0,0,0,0,112,126,0,0,0,0,0,0,0,68,26,0,0,0,0,0,0,0,10,13,0,0,0,0,0,0,0,209,69,0,0,0,0,0,0,0,11,42,0,0,0,0,0,0,0,24,38,0,0,0,0,0,0,0,137,48,0,0,0,0,0,0,0,671,491,0,0,0,0,0,0,0,75,47,0,0,0,0,0,0,0,91,168,0,0,0,0,0,0,0,46,20,0,0,0,0,0,0,0,122,147,0,0,0,0,0,0,0,374,567,0,0,0,0,0,0,0,169,121,0,0,0,0,0,0,0,108,19,0,0,0,0,0,0,0,35,72,0,0,0,0,0,0,0,47,106,0,0,0,0,0,0,0,155,816,0,0,0,0,0,0,0,69,24,0,0,0,0,0,0,0,88,81,0,0,0,0,0,0,0,169,149,0,0,0,0,0,0,0,85,42,0,0,0,0,0,0,0,208,112,0,0,0,0,0,0,0,60,48,0,0,0,0,0,0,0,116,39,0,0,0,0,0,0,0,22,24,0,0,0,0,0,0,0,49,33,0,0,0,0,0,0,0,38,112,0,0,0,0,0,0,0,180,96,0,0,0,0,0,0,0,21,53,0,0,0,0,0,0,0,86,44,0,0,0,0,0,0,0,3797,3859,0,0,0,0,0,0,0
2020-01-24,148,76,0,0,0,0,0,0,0,119,134,0,0,0,0,0,0,0,74,27,0,0,0,0,0,0,0,10,16,0,0,0,0,0,0,0,219,75,0,0,0,0,0,0,0,11,43,0,0,0,0,0,0,0,24,40,0,0,0,0,0,0,0,141,55,0,0,0,0,0,0,0,703,505,0,0,0,0,0,0,0,77,52,0,0,0,0,0,0,0,94,183,0,0,0,0,0,0,0,46,22,0,0,0,0,0,0,0,133,165,0,0,0,0,0,0,0,399,633,0,0,0,0,0,0,0,175,124,0,0,0,0,0,0,0,111,22,0,0,0,0,0,0,0,37,82,0,0,0,0,0,0,0,49,114,0,0,0,0,0,0,0,164,843,0,0,0,0,0,0,0,74,26,0,0,0,0,0,0,0,93,85,0,0,0,0,0,0,0,180,170,0,0,0,0,0,0,0,88,43,0,0,0,0,0,0,0,218,128,0,0,0,0,0,0,0,65,55,0,0,0,0,0,0,0,128,42,0,0,0,0,0,0,0,25,24,0,0,0,0,0,0,0,53,33,0,0,0,0,0,0,0,41,118,0,0,0,0,0,0,0,188,103,0,0,0,0,0,0,0,25,56,0,0,0,0,0,0,0,94,48,0,0,0,0,0,0,0,4006,4142,0,0,0,0,0,0,0
2020-01-25,150,76,0,0,0,0,0,0,0,121,134,0,0,0,0,0,0,0,76,27,0,0,0,0,0,0,0,10,16,0,0,0,0,0,0,0,223,75,0,0,0,0,0,0,0,11,43,0,0,0,0,0,0,0,24,40,0,0,0,0,0,0,0,145,58,0,0,0,0,0,0,0,717,518,0,0,0,0,0,0,0,83,52,0,0,0,0,0,0,0,97,191,0,0,0,0,0,0,0,47,23,0,0,0,0,0,0,0,136,166,0,0,0,0,0,0,0,411,639,0,0,0,0,0,0,0,177,125,0,0,0,0,0,0,0,113,22,0,0,0,0,0,0,0,38,83,0,0,0,0,0,0,0,51,114,0,0,0,0,0,0,0,167,844,0,0,0,0,0,0,0,77,27,0,0,0,0,0,0,0,95,85,0,0,0,0,0,0,0,182,170,0,0,0,0,0,0,0,89,43,0,0,0,0,0,0,0,221,133,0,0,0,0,0,0,0,69,55,0,0,0,0,0,0,0,135,50,0,0,0,0,0,0,0,26,24,0,0,0,0,0,0,0,56,33,0,0,0,0,0,0,0,42,120,0,0,0,0,0,0,0,199,104,0,0,0,0,0,0,0,26,57,0,0,0,0,0,0,0,97,48,0,0,0,0,0,0,0,4111,4195,0,0,0,0,0,0,0
2020-01-26,152,76,0,0,0,0,0,0,0,122,135,0,0,0,0,0,0,0,79,27,0,0,0,0,0,0,0,10,16,0,0,0,0,0,0,0,234,76,0,0,0,0,0,0,0,11,44,0,0,0,0,0,0,0,24,40,0,0,0,0,0,0,0,149,59,0,0,0,0,0,0,0,742,532,0,0,0,0,0,0,0,88,52,0,0,0,0,0,0,0,103,200,0,0,0,0,0,0,0,49,23,0,0,0,0,0,0,0,138,168,0,0,0,0,0,0,0,426,647,0,0,0,0,0,0,0,181,126,0,0,0,0,0,0,0,120,22,0,0,0,0,0,0,0,40,85,0,0,0,0,0,0,0,51,115,0,0,0,0,0,0,0,175,848,0,0,0,0,0,0,0,83,27,0,0,0,0,0,0,0,95,88,0,0,0,0,0,0,0,187,172,0,0,0,0,0,0,0,92,45,0,0,0,0,0,0,0,241,135,0,0,0,0,0,0,0,73,56,0,0,0,0,0,0,0,140,52,0,0,0,0,0,0,0,28,24,0,0,0,0,0,0,0,57,33,0,0,0,0,0,0,0,43,125,0,0,0,0,0,0,0,207,106,0,0,0,0,0,0,0,28,57,0,0,0,0,0,0,0,101,49,0,0,0,0,0,0,0,4269,4260,0,0,0,0,0,0,0
2020-01-27,161,88,0,0,0,0,0,0,0,132,143,0,0,0,0,0,0,0,87,30,0,0,0,0,0,0,0,11,16,0,0,0,0,0,0,0,256,90,0,0,0,0,0,0,0,13,46,0,0,0,0,0,0,0,25,42,0,0,0,0,0,0,0,158,61,0,0,0,0,0,0,0,774,557,0,0,0,0,0,0,0,97,56,0,0,0,0,0,0,0,110,219,0,0,0,0,0,0,0,51,24,0,0,0,0,0,0,0,148,175,0,0,0,0,0,0,0,456,717,0,0,0,0,0,0,0,192,132,0,0,0,0,0,0,0,130,23,0,0,0,0,0,0,0,42,90,0,0,0,0,0,0,0,55,124,0,0,0,0,0,0,0,182,896,0,0,0,0,0,0,0,88,29,0,0,0,0,0,0,0,97,93,0,0,0,0,0,0,0,196,188,0,0,0,0,0,0,0,95,46,0,0,0,0,0,0,0,259,150,0,0,0,0,0,0,0,83,71,0,0,0,0,0,0,0,154,61,0,0,0,0,0,0,0,32,25,0,0,0,0,0,0,0,60,35,0,0,0,0,0,0,0,45,130,0,0,0,0,0,0,0,218,116,0,0,0,0,0,0,0,31,60,0,0,0,0,0,0,0,109,51,0,0,0,0,0,0,0,4547,4584,0,0,0,0,0,0,0
2020-01-28,165,96,0,0,0,0,0,0,0,140,150,0,0,0,0,0,0,0,98,35,0,0,0,0,0,0,0,12,16,0,0,0,0,0,0,0,273,102,0,0,0,0,0,0,0,13,52,0,0,0,0,0,0,0,27,44,0,0,0,0,0,0,0,171,64,0,0,0,0,0,0,0,803,575,0,0,0,0,0,0,0,106,60,0,0,0,0,0,0,0,118,244,0,0,0,0,0,0,0,57,27,0,0,0,0,0,0,0,156,195,0,0,0,0,0,0,0,476,792,0,0,0,0,0,0,0,197,134,0,0,0,0,0,0,0,142,27,0,0,0,0,0,0,0,43,99,0,0,0,0,0,0,0,58,138,0,0,0,0,0,0,0,189,936,0,0,0,0,0,0,0,92,30,0,0,0,0,0,0,0,103,97,0,0,0,0,0,0,0,211,205,0,0,0,0,0,0,0,97,46,0,0,0,0,0,0,0,279,172,0,0,0,0,0,0,0,86,81,0,0,0,0,0,0,0,163,68,0,0,0,0,0,0,0,35,26,0,0,0,0,0,0,0,64,38,0,0,0,0,0,0,0,46,134,0,0,0,0,0,0,0,230,123,0,0,0,0,0,0,0,32,63,0,0,0,0,0,0,0,111,56,0,0,0,0,0,0,0,4793,4925,0,0,0,0,0,0,0
2020-01-29,168,108,0,0,0,0,0,0,0,146,158,0,0,0,0,0,0,0,105,38,0,0,0,0,0,0,0,12,17,0,0,0,0,0,0,0,288,119,0,0,0,0,0,0,0,13,53,0,0,0,0,0,0,0,27,47,0,0,0,0,0,0,0,180,65,0,0,0,0,0,0,0,832,595,0,0,0,0,0,0,0,109,63,0,0,0,0,0,0,0,123,263,0,0,0,0,0,0,0,60,28,0,0,0,0,0,0,0,161,205,0,0,0,0,0,0,0,498,845,0,0,0,0,0,0,0,205,139,0,0,0,0,0,0,0,156,28,0,0,0,0,0,0,0,45,107,0,0,0,0,0,0,0,59,145,0,0,0,0,0,0,0,196,980,0,0,0,0,0,0,0,95,32,0,0,0,0,0,0,0,104,105,0,0,0,0,0,0,0,221,212,0,0,0,0,0,0,0,105,52,0,0,0,0,0,0,0,288,188,0,0,0,0,0,0,0,90,89,0,0,0,0,0,0,0,175,73,0,0,0,0,0,0,0,35,27,0,0,0,0,0,0,0,65,38,0,0,0,0,0,0,0,47,139,0,0,0,0,0,0,0,249,135,0,0,0,0,0,0,0,33,67,0,0,0,0,0,0,0,113,59,0,0,0,0,0,0,0,5003,5219,0,0,0,0,0,0,0
2020-01-30,176,114,0,0,0,0,0,0,0,147,168,0,0,0,0,0,0,0,113,46,0,0,0,0,0,0,0,14,18,0,0,0,0,0,0,0,310,135,0,0,0,0,0,0,0,15,54,0,0,0,0,0,0,0,29,53,0,0,0,0,0,0,0,187,68,0,0,0,0,0,0,0,866,622,0,0,0,0,0,0,0,113,68,0,0,0,0,0,0,0,130,284,0,0,0,0,0,0,0,65,28,0,0,0,0,0,0,0,167,213,0,0,0,0,0,0,0,526,903,0,0,0,0,0,0,0,210,143,0,0,0,0,0,0,0,166,28,0,0,0,0,0,0,0,49,118,0,0,0,0,0,0,0,59,147,0,0,0,0,0,0,0,202,1027,0,0,0,0,0,0,0,97,38,0,0,0,0,0,0,0,106,110,0,0,0,0,0,0,0,231,227,0,0,0,0,0,0,0,107,54,0,0,0,0,0,0,0,299,201,0,0,0,0,0,0,0,95,108,0,0,0,0,0,0,0,189,74,0,0,0,0,0,0,0,39,29,0,0,0,0,0,0,0,65,40,0,0,0,0,0,0,0,48,143,0,0,0,0,0,0,0,259,143,0,0,0,0,0,0,0,36,71,0,0,0,0,0,0,0,119,63,0,0,0,0,0,0,0,5234,5538,0,0,0,0,0,0,0
2020-01-31,180,122,0,0,0,0,0,0,0,150,177,0,0,0,0,0,0,0,115,50,0,0,0,0,0,0,0,14,20,0,0,0,0,0,0,0,325,141,0,0,0,0,0,0,0,16,55,0,0,0,0,0,0,0,29,57,0,0,0,0,0,0,0,189,70,0,0,0,0,0,0,0,883,636,0,0,0,0,0,0,0,117,73,0,0,0,0,0,0,0,133,303,0,0,0,0,0,0,0,66,29,0,0,0,0,0,0,0,173,217,0,0,0,0,0,0,0,550,937,0,0,0,0,0,0,0,214,151,0,0,0,0,0,0,0,173,29,0,0,0,0,0,0,0,54,121,0,0,0,0,0,0,0,60,151,0,0,0,0,0,0,0,205,1058,0,0,0,0,0,0,0,99,40,0,0,0,0,0,0,0,109,115,0,0,0,0,0,0,0,233,243,0,0,0,0,0,0,0,107,56,0,0,0,0,0,0,0,308,210,0,0,0,0,0,0,0,102,113,0,0,0,0,0,0,0,196,77,0,0,0,0,0,0,0,43,29,0,0,0,0,0,0,0,70,41,0,0,0,0,0,0,0,48,146,0,0,0,0,0,0,0,266,150,0,0,0,0,0,0,0,36,73,0,0,0,0,0,0,0,123,66,0,0,0,0,0,0,0,5386,5756,0,0,0,0,0,0,0
2020-02-01,180,122,0,0,0,0,0,0,0,152,177,0,0,0,0,0,0,0,119,51,0,0,0,0,0,0,0,14,20,0,0,0,0,0,0,0,331,141,0,0,0,0,0,0,0,16,55,0,0,0,0,0,0,0,30,57,0,0,0,0,0,0,0,192,74,0,0,0,0,0,0,0,894,637,0,0,0,0,0,0,0,117,73,0,0,0,0,0,0,0,135,312,0,0,0,0,0,0,0,66,29,0,0,0,0,0,0,0,176,217,0,0,0,0,0,0,0,557,939,0,0,0,0,0,0,0,214,151,0,0,0,0,0,0,0,176,29,0,0,0,0,0,0,0,54,121,0,0,0,0,0,0,0,61,151,0,0,0,0,0,0,0,207,1060,0,0,0,0,0,0,0,102,40,0,0,0,0,0,0,0,109,115,0,0,0,0,0,0,0,235,243,0,0,0,0,0,0,0,108,56,0,0,0,0,0,0,0,309,211,0,0,0,0,0,0,0,104,113,0,0,0,0,0,0,0,199,82,0,0,0,0,0,0,0,43,29,0,0,0,0,0,0,0,70,41,0,0,0,0,0,0,0,48,146,0,0,0,0,0,0,0,272,150,0,0,0,0,0,0,0,38,74,0,0,0,0,0,0,0,124,66,0,0,0,0,0,0,0,5452,5782,0,0,0,0,0,0,0
2020-02-02,182,122,0,0,0,0,0,0,0,156,178,0,0,0,0,0,0,0,125,52,0,0,0,0,0,0,0,14,20,0,0,0,0,0,0,0,339,141,0,0,0,0,0,0,0,17,57,0,0,0,0,0,0,0,30,57,0,0,0,0,0,0,0,200,75,0,0,0,0,0,0,0,907,643,0,0,0,0,0,0,0,118,74,0,0,0,0,0,0,0,141,317,0,0,0,0,0,0,0,66,29,0,0,0,0,0,0,0,176,217,0,0,0,0,0,0,0,566,943,0,0,0,0,0,0,0,216,151,0,0,0,0,0,0,0,179,29,0,0,0,0,0,0,0,54,121,0,0,0,0,0,0,0,64,151,0,0,0,0,0,0,0,209,1065,0,0,0,0,0,0,0,106,41,0,0,0,0,0,0,0,109,117,0,0,0,0,0,0,0,241,243,0,0,0,0,0,0,0,109,57,0,0,0,0,0,0,0,317,212,0,0,0,0,0,0,0,107,116,0,0,0,0,0,0,0,203,83,0,0,0,0,0,0,0,43,30,0,0,0,0,0,0,0,70,43,0,0,0,0,0,0,0,48,146,0,0,0,0,0,0,0,276,150,0,0,0,0,0,0,0,41,74,0,0,0,0,0,0,0,126,66,0,0,0,0,0,0,0,5555,5820,0,0,0,0,0,0,0
2020-02-03,185,122,0,0,0,0,0,0,0,160,178,0,0,0,0,0,0,0,128,52,0,0,0,0,0,0,0,14,20,0,0,0,0,0,0,0,346,141,0,0,0,0,0,0,0,20,58,0,0,0,0,0,0,0,31,57,0,0,0,0,0,0,0,203,78,0,0,0,0,0,0,0,928,654,0,0,0,0,0,0,0,124,74,0,0,0,0,0,0,0,148,348,0,0,0,0,0,0,0,69,30,0,0,0,0,0,0,0,180,218,0,0,0,0,0,0,0,578,945,0,0,0,0,0,0,0,217,152,0,0,0,0,0,0,0,183,29,0,0,0,0,0,0,0,55,121,0,0,0,0,0,0,0,64,151,0,0,0,0,0,0,0,211,1078,0,0,0,0,0,0,0,109,41,0,0,0,0,0,0,0,112,124,0,0,0,0,0,0,0,249,244,0,0,0,0,0,0,0,111,59,0,0,0,0,0,0,0,337,218,0,0,0,0,0,0,0,108,119,0,0,0,0,0,0,0,210,90,0,0,0,0,0,0,0,43,30,0,0,0,0,0,0,0,71,43,0,0,0,0,0,0,0,48,156,0,0,0,0,0,0,0,280,150,0,0,0,0,0,0,0,41,74,0,0,0,0,0,0,0,132,68,0,0,0,0,0,0,0,5695,5922,0,0,0,0,0,0,0
2020-02-04,192,131,0,0,0,0,0,0,0,163,181,0,0,0,0,0,0,0,134,57,0,0,0,0,0,0,0,14,21,0,0,0,0,0,0,0,362,163,0,0,0,0,0,0,0,24,59,0,0,0,0,0,0,0,32,61,0,0,0,0,0,0,0,219,78,0,0,0,0,0,0,0,963,689,0,0,0,0,0,0,0,128,79,0,0,0,0,0,0,0,158,380,0,0,0,0,0,0,0,71,32,0,0,0,0,0,0,0,186,225,0,0,0,0,0,0,0,594,1018,0,0,0,0,0,0,0,226,168,0,0,0,0,0,0,0,192,30,0,0,0,0,0,0,0,61,134,0,0,0,0,0,0,0,68,157,0,0,0,0,0,0,0,218,1129,0,0,0,0,0,0,0,111,43,0,0,0,0,0,0,0,116,128,0,0,0,0,0,0,0,258,272,0,0,0,0,0,0,0,123,61,0,0,0,0,0,0,0,348,241,0,0,0,0,0,0,0,120,136,0,0,0,0,0,0,0,230,98,0,0,0,0,0,0,0,46,30,0,0,0,0,0,0,0,73,43,0,0,0,0,0,0,0,48,161,0,0,0,0,0,0,0,285,158,0,0,0,0,0,0,0,42,78,0,0,0,0,0,0,0,144,70,0,0,0,0,0,0,0,5949,6311,0,0,0,0,0,0,0
2020-02-05,209,146,0,0,0,0,0,0,0,171,196,0,0,0,0,0,0,0,138,65,0,0,0,0,0,0,0,14,22,0,0,0,0,0,0,0,374,183,0,0,0,0,0,0,0,25,62,0,0,0,0,0,0,0,32,62,0,0,0,0,0,0,0,221,80,0,0,0,0,0,0,0,1001,705,0,0,0,0,0,0,0,137,93,0,0,0,0,0,0,0,165,392,0,0,0,0,0,0,0,71,35,0,0,0,0,0,0,0,197,234,0,0,0,0,0,0,0,612,1067,0,0,0,0,0,0,0,233,176,0,0,0,0,0,0,0,196,30,0,0,0,0,0,0,0,66,140,0,0,0,0,0,0,0,70,163,0,0,0,0,0,0,0,227,1184,0,0,0,0,0,0,0,115,44,0,0,0,0,0,0,0,119,130,0,0,0,0,0,0,0,270,284,0,0,0,0,0,0,0,131,62,0,0,0,0,0,0,0,371,258,0,0,0,0,0,0,0,132,144,0,0,0,0,0,0,0,235,103,0,0,0,0,0,0,0,47,30,0,0,0,0,0,0,0,74,47,0,0,0,0,0,0,0,48,167,0,0,0,0,0,0,0,291,174,0,0,0,0,0,0,0,43,85,0,0,0,0,0,0,0,147,76,0,0,0,0,0,0,0,6182,6639,0,0,0,0,0,0,0
2020-02-06,215,150,0,0,0,0,0,0,0,174,217,0,0,0,0,0,0,0,144,68,0,0,0,0,0,0,0,15,23,0,0,0,0,0,0,0,386,201,0,0,0,0,0,0,0,25,65,0,0,0,0,0,0,0,34,65,0,0,0,0,0,0,0,230,84,0,0,0,0,0,0,0,1033,736,0,0,0,0,0,0,0,142,97,0,0,0,0,0,0,0,173,410,0,0,0,0,0,0,0,72,36,0,0,0,0,0,0,0,199,240,0,0,0,0,0,0,0,630,1119,0,0,0,0,0,0,0,244,183,0,0,0,0,0,0,0,208,30,0,0,0,0,0,0,0,69,151,0,0,0,0,0,0,0,74,172,0,0,0,0,0,0,0,236,1214,0,0,0,0,0,0,0,120,45,0,0,0,0,0,0,0,122,137,0,0,0,0,0,0,0,275,289,0,0,0,0,0,0,0,136,64,0,0,0,0,0,0,0,385,270,0,0,0,0,0,0,0,143,156,0,0,0,0,0,0,0,242,110,0,0,0,0,0,0,0,51,30,0,0,0,0,0,0,0,79,47,0,0,0,0,0,0,0,49,172,0,0,0,0,0,0,0,304,182,0,0,0,0,0,0,0,48,87,0,0,0,0,0,0,0,156,80,0,0,0,0,0,0,0,6413,6930,0,0,0,0,0,0,0
2020-02-07,220,158,0,0,0,0,0,0,0,179,235,0,0,0,0,0,0,0,149,72,0,0,0,0,0,0,0,15,23,0,0,0,0,0,0,0,400,217,0,0,0,0,0,0,0,25,65,0,0,0,0,0,0,0,35,65,0,0,0,0,0,0,0,234,87,0,0,0,0,0,0,0,1062,750,0,0,0,0,0,0,0,147,104,0,0,0,0,0,0,0,179,434,0,0,0,0,0,0,0,72,38,0,0,0,0,0,0,0,204,246,0,0,0,0,0,0,0,635,1149,0,0,0,0,0,0,0,249,189,0,0,0,0,0,0,0,212,31,0,0,0,0,0,0,0,73,157,0,0,0,0,0,0,0,78,176,0,0,0,0,0,0,0,245,1248,0,0,0,0,0,0,0,122,46,0,0,0,0,0,0,0,125,143,0,0,0,0,0,0,0,280,305,0,0,0,0,0,0,0,138,64,0,0,0,0,0,0,0,399,299,0,0,0,0,0,0,0,147,163,0,0,0,0,0,0,0,251,112,0,0,0,0,0,0,0,52,30,0,0,0,0,0,0,0,79,47,0,0,0,0,0,0,0,51,176,0,0,0,0,0,0,0,315,191,0,0,0,0,0,0,0,49,91,0,0,0,0,0,0,0,163,84,0,0,0,0,0,0,0,6584,7195,0,0,0,0,0,0,0
2020-02-08,221,158,0,0,0,0,0,0,0,181,235,0,0,0,0,0,0,0,157,74,0,0,0,0,0,0,0,15,23,0,0,0,0,0,0,0,403,218,0,0,0,0,0,0,0,25,65,0,0,0,0,0,0,0,36,65,0,0,0,0,0,0,0,235,87,0,0,0,0,0,0,0,1074,758,0,0,0,0,0,0,0,151,104,0,0,0,0,0,0,0,180,439,0,0,0,0,0,0,0,72,38,0,0,0,0,0,0,0,204,246,0,0,0,0,0,0,0,641,1150,0,0,0,0,0,0,0,250,190,0,0,0,0,0,0,0,215,31,0,0,0,0,0,0,0,74,157,0,0,0,0,0,0,0,79,176,0,0,0,0,0,0,0,248,1248,0,0,0,0,0,0,0,129,46,0,0,0,0,0,0,0,125,143,0,0,0,0,0,0,0,281,310,0,0,0,0,0,0,0,138,64,0,0,0,0,0,0,0,400,299,0,0,0,0,0,0,0,150,164,0,0,0,0,0,0,0,254,116,0,0,0,0,0,0,0,52,30,0,0,0,0,0,0,0,79,47,0,0,0,0,0,0,0,51,176,0,0,0,0,0,0,0,318,192,0,0,0,0,0,0,0,50,91,0,0,0,0,0,0,0,164,85,0,0,0,0,0,0,0,6652,7225,0,0,0,0,0,0,0
2020-02-09,224,158,0,0,0,0,0,0,0,184,237,0,0,0,0,0,0,0,157,75,0,0,0,0,0,0,0,15,23,0,0,0,0,0,0,0,410,219,0,0,0,0,0,0,0,25,68,0,0,0,0,0,0,0,37,68,0,0,0,0,0,0,0,236,88,0,0,0,0,0,0,0,1091,774,0,0,0,0,0,0,0,157,104,0,0,0,0,0,0,0,185,453,0,0,0,0,0,0,0,75,39,0,0,0,0,0,0,0,207,246,0,0,0,0,0,0,0,652,1153,0,0,0,0,0,0,0,252,191,0,0,0,0,0,0,0,218,31,0,0,0,0,0,0,0,75,158,0,0,0,0,0,0,0,79,179,0,0,0,0,0,0,0,252,1256,0,0,0,0,0,0,0,132,47,0,0,0,0,0,0,0,128,144,0,0,0,0,0,0,0,291,315,0,0,0,0,0,0,0,140,65,0,0,0,0,0,0,0,417,303,0,0,0,0,0,0,0,154,164,0,0,0,0,0,0,0,258,125,0,0,0,0,0,0,0,56,30,0,0,0,0,0,0,0,81,48,0,0,0,0,0,0,0,51,177,0,0,0,0,0,0,0,323,193,0,0,0,0,0,0,0,51,91,0,0,0,0,0,0,0,169,86,0,0,0,0,0,0,0,6782,7308,0,0,0,0,0,0,0
2020-02-10,234,169,0,0,0,0,0,0,0,189,250,0,0,0,0,0,0,0,160,78,0,0,0,0,0,0,0,15,23,0,0,0,0,0,0,0,432,240,0,0,0,0,0,0,0,27,70,0,0,0,0,0,0,0,38,68,0,0,0,0,0,0,0,249,91,0,0,0,0,0,0,0,1135,794,0,0,0,0,0,0,0,171,112,0,0,0,0,0,0,0,194,477,0,0,0,0,0,0,0,77,40,0,0,0,0,0,0,0,210,249,0,0,0,0,0,0,0,686,1204,0,0,0,0,0,0,0,259,198,0,0,0,0,0,0,0,227,32,0,0,0,0,0,0,0,80,170,0,0,0,0,0,0,0,82,184,0,0,0,0,0,0,0,269,1310,0,0,0,0,0,0,0,139,48,0,0,0,0,0,0,0,136,146,0,0,0,0,0,0,0,303,325,0,0,0,0,0,0,0,151,68,0,0,0,0,0,0,0,439,325,0,0,0,0,0,0,0,160,176,0,0,0,0,0,0,0,273,131,0,0,0,0,0,0,0,61,31,0,0,0,0,0,0,0,89,48,0,0,0,0,0,0,0,53,179,0,0,0,0,0,0,0,343,203,0,0,0,0,0,0,0,51,97,0,0,0,0,0,0,0,179,92,0,0,0,0,0,0,0,7111,7628,0,0,0,0,0,0,0
2020-02-11,238,175,0,0,0,0,0,0,0,194,270,0,0,0,0,0,0,0,171,82,0,0,0,0,0,0,0,16,23,0,0,0,0,0,0,0,459,258,0,0,0,0,0,0,0,28,75,0,0,0,0,0,0,0,39,72,0,0,0,0,0,0,0,254,93,0,0,0,0,0,0,0,1171,806,0,0,0,0,0,0,0,173,118,0,0,0,0,0,0,0,209,507,0,0,0,0,0,0,0,80,40,0,0,0,0,0,0,0,217,251,0,0,0,0,0,0,0,697,1246,0,0,0,0,0,0,0,267,202,0,0,0,0,0,0,0,233,33,0,0,0,0,0,0,0,82,177,0,0,0,0,0,0,0,83,189,0,0,0,0,0,0,0,278,1362,0,0,0,0,0,0,0,139,49,0,0,0,0,0,0,0,140,148,0,0,0,0,0,0,0,307,338,0,0,0,0,0,0,0,153,70,0,0,0,0,0,0,0,464,343,0,0,0,0,0,0,0,168,184,0,0,0,0,0,0,0,290,135,0,0,0,0,0,0,0,62,32,0,0,0,0,0,0,0,93,49,0,0,0,0,0,0,0,55,181,0,0,0,0,0,0,0,358,215,0,0,0,0,0,0,0,54,100,0,0,0,0,0,0,0,185,96,0,0,0,0,0,0,0,7357,7919,0,0,0,0,0,0,0
2020-02-12,252,179,0,0,0,0,0,0,0,200,275,0,0,0,0,0,0,0,179,88,0,0,0,0,0,0,0,18,23,0,0,0,0,0,0,0,472,274,0,0,0,0,0,0,0,33,78,0,0,0,0,0,0,0,41,79,0,0,0,0,0,0,0,261,96,0,0,0,0,0,0,0,1200,814,0,0,0,0,0,0,0,185,124,0,0,0,0,0,0,0,221,540,0,0,0,0,0,0,0,82,40,0,0,0,0,0,0,0,223,258,0,0,0,0,0,0,0,725,1273,0,0,0,0,0,0,0,274,209,0,0,0,0,0,0,0,239,35,0,0,0,0,0,0,0,83,179,0,0,0,0,0,0,0,84,196,0,0,0,0,0,0,0,286,1396,0,0,0,0,0,0,0,141,50,0,0,0,0,0,0,0,146,149,0,0,0,0,0,0,0,324,357,0,0,0,0,0,0,0,159,71,0,0,0,0,0,0,0,481,369,0,0,0,0,0,0,0,177,188,0,0,0,0,0,0,0,301,138,0,0,0,0,0,0,0,66,32,0,0,0,0,0,0,0,95,52,0,0,0,0,0,0,0,57,194,0,0,0,0,0,0,0,364,224,0,0,0,0,0,0,0,54,103,0,0,0,0,0,0,0,196,101,0,0,0,0,0,0,0,7619,8184,0,0,0,0,0,0,0
2020-02-13,257,185,0,0,0,0,0,0,0,204,289,0,0,0,0,0,0,0,192,92,0,0,0,0,0,0,0,19,23,0,0,0,0,0,0,0,485,287,0,0,0,0,0,0,0,34,80,0,0,0,0,0,0,0,42,80,0,0,0,0,0,0,0,262,96,0,0,0,0,0,0,0,1230,827,0,0,0,0,0,0,0,189,131,0,0,0,0,0,0,0,224,567,0,0,0,0,0,0,0,83,41,0,0,0,0,0,0,0,227,261,0,0,0,0,0,0,0,750,1316,0,0,0,0,0,0,0,281,216,0,0,0,0,0,0,0,244,38,0,0,0,0,0,0,0,84,184,0,0,0,0,0,0,0,85,204,0,0,0,0,0,0,0,295,1423,0,0,0,0,0,0,0,144,52,0,0,0,0,0,0,0,150,153,0,0,0,0,0,0,0,333,368,0,0,0,0,0,0,0,160,73,0,0,0,0,0,0,0,501,379,0,0,0,0,0,0,0,182,197,0,0,0,0,0,0,0,307,142,0,0,0,0,0,0,0,67,32,0,0,0,0,0,0,0,95,54,0,0,0,0,0,0,0,60,198,0,0,0,0,0,0,0,373,235,0,0,0,0,0,0,0,54,107,0,0,0,0,0,0,0,198,102,0,0,0,0,0,0,0,7811,8432,0,0,0,0,0,0,0
2020-02-14,261,196,0,0,0,0,0,0,0,209,300,0,0,0,0,0,0,0,198,97,0,0,0,0,0,0,0,19,24,0,0,0,0,0,0,0,497,299,0,0,0,0,0,0,0,35,85,0,0,0,0,0,0,0,42,80,0,0,0,0,0,0,0,262,100,0,0,0,0,0,0,0,1255,839,0,0,0,0,0,0,0,195,134,0,0,0,0,0,0,0,231,577,0,0,0,0,0,0,0,84,41,0,0,0,0,0,0,0,231,267,0,0,0,0,0,0,0,766,1344,0,0,0,0,0,0,0,288,217,0,0,0,0,0,0,0,250,39,0,0,0,0,0,0,0,85,189,0,0,0,0,0,0,0,87,208,0,0,0,0,0,0,0,297,1442,0,0,0,0,0,0,0,147,54,0,0,0,0,0,0,0,151,156,0,0,0,0,0,0,0,337,377,0,0,0,0,0,0,0,162,75,0,0,0,0,0,0,0,509,391,0,0,0,0,0,0,0,194,199,0,0,0,0,0,0,0,315,146,0,0,0,0,0,0,0,69,33,0,0,0,0,0,0,0,98,54,0,0,0,0,0,0,0,60,200,0,0,0,0,0,0,0,382,247,0,0,0,0,0,0,0,54,110,0,0,0,0,0,0,0,204,103,0,0,0,0,0,0,0,7974,8623,0,0,0,0,0,0,0
2020-02-15,264,196,0,0,0,0,0,0,0,212,300,0,0,0,0,0,0,0,201,100,0,0,0,0,0,0,0,19,24,0,0,0,0,0,0,0,502,299,0,0,0,0,0,0,0,35,85,0,0,0,0,0,0,0,42,80,0,0,0,0,0,0,0,262,100,0,0,0,0,0,0,0,1268,845,0,0,0,0,0,0,0,195,134,0,0,0,0,0,0,0,237,595,0,0,0,0,0,0,0,84,41,0,0,0,0,0,0,0,232,271,0,0,0,0,0,0,0,771,1347,0,0,0,0,0,0,0,290,218,0,0,0,0,0,0,0,250,39,0,0,0,0,0,0,0,85,189,0,0,0,0,0,0,0,88,208,0,0,0,0,0,0,0,299,1442,0,0,0,0,0,0,0,149,55,0,0,0,0,0,0,0,151,159,0,0,0,0,0,0,0,340,382,0,0,0,0,0,0,0,164,76,0,0,0,0,0,0,0,511,395,0,0,0,0,0,0,0,200,199,0,0,0,0,0,0,0,321,162,0,0,0,0,0,0,0,69,33,0,0,0,0,0,0,0,98,54,0,0,0,0,0,0,0,60,202,0,0,0,0,0,0,0,388,247,0,0,0,0,0,0,0,54,111,0,0,0,0,0,0,0,209,103,0,0,0,0,0,0,0,8050,8691,0,0,0,0,0,0,0
2020-02-16,265,196,0,0,0,0,0,0,0,216,301,0,0,0,0,0,0,0,205,103,0,0,0,0,0,0,0,19,24,0,0,0,0,0,0,0,506,299,0,0,0,0,0,0,0,35,88,0,0,0,0,0,0,0,43,80,0,0,0,0,0,0,0,268,101,0,0,0,0,0,0,0,1289,854,0,0,0,0,0,0,0,197,134,0,0,0,0,0,0,0,244,615,0,0,0,0,0,0,0,86,41,0,0,0,0,0,0,0,236,272,0,0,0,0,0,0,0,778,1353,0,0,0,0,0,0,0,291,218,0,0,0,0,0,0,0,251,39,0,0,0,0,0,0,0,85,191,0,0,0,0,0,0,0,88,208,0,0,0,0,0,0,0,301,1445,0,0,0,0,0,0,0,151,56,0,0,0,0,0,0,0,153,161,0,0,0,0,0,0,0,346,387,0,0,0,0,0,0,0,166,78,0,0,0,0,0,0,0,515,400,0,0,0,0,0,0,0,202,199,0,0,0,0,0,0,0,325,168,0,0,0,0,0,0,0,70,33,0,0,0,0,0,0,0,98,54,0,0,0,0,0,0,0,60,202,0,0,0,0,0,0,0,396,247,0,0,0,0,0,0,0,57,116,0,0,0,0,0,0,0,211,104,0,0,0,0,0,0,0,8153,8767,0,0,0,0,0,0,0
2020-02-17,275,203,0,0,0,0,0,0,0,228,306,0,0,0,0,0,0,0,210,111,0,0,0,0,0,0,0,19,24,0,0,0,0,0,0,0,521,325,0,0,0,0,0,0,0,35,97,0,0,0,0,0,0,0,44,80,0,0,0,0,0,0,0,275,107,0,0,0,0,0,0,0,1319,876,0,0,0,0,0,0,0,200,144,0,0,0,0,0,0,0,266,651,0,0,0,0,0,0,0,86,42,0,0,0,0,0,0,0,243,279,0,0,0,0,0,0,0,795,1378,0,0,0,0,0,0,0,297,220,0,0,0,0,0,0,0,258,42,0,0,0,0,0,0,0,86,196,0,0,0,0,0,0,0,92,217,0,0,0,0,0,0,0,312,1488,0,0,0,0,0,0,0,156,60,0,0,0,0,0,0,0,158,164,0,0,0,0,0,0,0,354,397,0,0,0,0,0,0,0,170,80,0,0,0,0,0,0,0,540,421,0,0,0,0,0,0,0,208,206,0,0,0,0,0,0,0,341,177,0,0,0,0,0,0,0,74,33,0,0,0,0,0,0,0,100,54,0,0,0,0,0,0,0,61,208,0,0,0,0,0,0,0,399,262,0,0,0,0,0,0,0,59,118,0,0,0,0,0,0,0,219,109,0,0,0,0,0,0,0,8400,9075,0,0,0,0,0,0,0
2020-02-18,288,211,0,0,0,0,0,0,0,235,313,0,0,0,0,0,0,0,218,118,0,0,0,0,0,0,0,20,26,0,0,0,0,0,0,0,546,340,0,0,0,0,0,0,0,38,99,0,0,0,0,0,0,0,46,84,0,0,0,0,0,0,0,281,109,0,0,0,0,0,0,0,1343,895,0,0,0,0,0,0,0,208,154,0,0,0,0,0,0,0,283,691,0,0,0,0,0,0,0,88,43,0,0,0,0,0,0,0,246,285,0,0,0,0,0,0,0,807,1406,0,0,0,0,0,0,0,307,222,0,0,0,0,0,0,0,271,44,0,0,0,0,0,0,0,90,202,0,0,0,0,0,0,0,92,224,0,0,0,0,0,0,0,325,1525,0,0,0,0,0,0,0,158,63,0,0,0,0,0,0,0,171,175,0,0,0,0,0,0,0,366,411,0,0,0,0,0,0,0,172,83,0,0,0,0,0,0,0,553,438,0,0,0,0,0,0,0,213,219,0,0,0,0,0,0,0,354,184,0,0,0,0,0,0,0,78,33,0,0,0,0,0,0,0,100,55,0,0,0,0,0,0,0,63,209,0,0,0,0,0,0,0,413,274,0,0,0,0,0,0,0,59,123,0,0,0,0,0,0,0,223,113,0,0,0,0,0,0,0,8655,9371,0,0,0,0,0,0,0
2020-02-19,299,215,0,0,0,0,0,0,0,241,315,0,0,0,0,0,0,0,226,121,0,0,0,0,0,0,0,21,27,0,0,0,0,0,0,0,558,352,0,0,0,0,0,0,0,40,105,0,0,0,0,0,0,0,46,84,0,0,0,0,0,0,0,283,114,0,0,0,0,0,0,0,1357,917,0,0,0,0,0,0,0,212,157,0,0,0,0,0,0,0,288,731,0,0,0,0,0,0,0,91,43,0,0,0,0,0,0,0,254,289,0,0,0,0,0,0,0,819,1435,0,0,0,0,0,0,0,308,227,0,0,0,0,0,0,0,277,44,0,0,0,0,0,0,0,91,215,0,0,0,0,0,0,0,95,225,0,0,0,0,0,0,0,332,1597,0,0,0,0,0,0,0,160,66,0,0,0,0,0,0,0,172,177,0,0,0,0,0,0,0,369,421,0,0,0,0,0,0,0,177,86,0,0,0,0,0,0,0,569,452,0,0,0,0,0,0,0,225,228,0,0,0,0,0,0,0,365,192,0,0,0,0,0,0,0,81,33,0,0,0,0,0,0,0,102,55,0,0,0,0,0,0,0,63,211,0,0,0,0,0,0,0,424,290,0,0,0,0,0,0,0,62,127,0,0,0,0,0,0,0,233,118,0,0,0,0,0,0,0,8840,9669,0,0,0,0,0,0,0
2020-02-20,312,224,0,0,0,0,0,0,0,244,322,0,0,0,0,0,0,0,232,132,0,0,0,0,0,0,0,22,27,0,0,0,0,0,0,0,566,366,0,0,0,0,0,0,0,42,117,0,0,0,0,0,0,0,49,89,0,0,0,0,0,0,0,288,117,0,0,0,0,0,0,0,1383,933,0,0,0,0,0,0,0,219,167,0,0,0,0,0,0,0,291,759,0,0,0,0,0,0,0,93,43,0,0,0,0,0,0,0,258,301,0,0,0,0,0,0,0,836,1458,0,0,0,0,0,0,0,310,232,0,0,0,0,0,0,0,283,49,0,0,0,0,0,0,0,93,217,0,0,0,0,0,0,0,95,241,0,0,0,0,0,0,0,336,1648,0,0,0,0,0,0,0,162,67,0,0,0,0,0,0,0,176,185,0,0,0,0,0,0,0,374,430,0,0,0,0,0,0,0,186,87,0,0,0,0,0,0,0,576,470,0,0,0,0,0,0,0,227,232,0,0,0,0,0,0,0,378,202,0,0,0,0,0,0,0,84,33,0,0,0,0,0,0,0,104,56,0,0,0,0,0,0,0,68,213,0,0,0,0,0,0,0,431,299,0,0,0,0,0,0,0,62,131,0,0,0,0,0,0,0,237,120,0,0,0,0,0,0,0,9017,9967,0,0,0,0,0,0,0
2020-02-21,317,226,0,0,0,0,0,0,0,248,343,0,0,0,0,0,0,0,234,152,0,0,0,0,0,0,0,22,27,0,0,0,0,0,0,0,572,377,0,0,0,0,0,0,0,43,122,0,0,0,0,0,0,0,49,89,0,0,0,0,0,0,0,288,117,0,0,0,0,0,0,0,1406,951,0,0,0,0,0,0,0,226,172,0,0,0,0,0,0,0,297,810,0,0,0,0,0,0,0,95,45,0,0,0,0,0,0,0,263,310,0,0,0,0,0,0,0,847,1479,0,0,0,0,0,0,0,313,235,0,0,0,0,0,0,0,291,49,0,0,0,0,0,0,0,95,221,0,0,0,0,0,0,0,95,247,0,0,0,0,0,0,0,342,1668,0,0,0,0,0,0,0,162,68,0,0,0,0,0,0,0,178,187,0,0,0,0,0,0,0,376,439,0,0,0,0,0,0,0,188,90,0,0,0,0,0,0,0,580,485,0,0,0,0,0,0,0,228,239,0,0,0,0,0,0,0,384,211,0,0,0,0,0,0,0,84,33,0,0,0,0,0,0,0,105,59,0,0,0,0,0,0,0,72,214,0,0,0,0,0,0,0,439,313,0,0,0,0,0,0,0,63,132,0,0,0,0,0,0,0,246,123,0,0,0,0,0,0,0,9148,10233,0,0,0,0,0,0,0
2020-02-22,318,229,0,0,0,0,0,0,0,252,343,0,0,0,0,0,0,0,235,152,0,0,0,0,0,0,0,22,27,0,0,0,0,0,0,0,572,380,0,0,0,0,0,0,0,43,122,0,0,0,0,0,0,0,49,89,0,0,0,0,0,0,0,290,117,0,0,0,0,0,0,0,1415,951,0,0,0,0,0,0,0,228,173,0,0,0,0,0,0,0,299,824,0,0,0,0,0,0,0,95,45,0,0,0,0,0,0,0,264,315,0,0,0,0,0,0,0,851,1479,0,0,0,0,0,0,0,314,235,0,0,0,0,0,0,0,293,49,0,0,0,0,0,0,0,95,222,0,0,0,0,0,0,0,97,248,0,0,0,0,0,0,0,345,1668,0,0,0,0,0,0,0,163,68,0,0,0,0,0,0,0,179,191,0,0,0,0,0,0,0,377,441,0,0,0,0,0,0,0,188,92,0,0,0,0,0,0,0,582,488,0,0,0,0,0,0,0,233,239,0,0,0,0,0,0,0,389,224,0,0,0,0,0,0,0,84,33,0,0,0,0,0,0,0,105,59,0,0,0,0,0,0,0,73,215,0,0,0,0,0,0,0,441,314,0,0,0,0,0,0,0,63,133,0,0,0,0,0,0,0,247,124,0,0,0,0,0,0,0,9201,10289,0,0,0,0,0,0,0
2020-02-23,319,231,0,0,0,0,0,0,0,258,343,0,0,0,0,0,0,0,239,152,0,0,0,0,0,0,0,22,27,0,0,0,0,0,0,0,579,384,0,0,0,0,0,0,0,43,126,0,0,0,0,0,0,0,49,89,0,0,0,0,0,0,0,292,119,0,0,0,0,0,0,0,1422,965,0,0,0,0,0,0,0,230,173,0,0,0,0,0,0,0,303,841,0,0,0,0,0,0,0,99,45,0,0,0,0,0,0,0,268,322,0,0,0,0,0,0,0,857,1479,0,0,0,0,0,0,0,315,240,0,0,0,0,0,0,0,296,49,0,0,0,0,0,0,0,95,222,0,0,0,0,0,0,0,98,248,0,0,0,0,0,0,0,348,1676,0,0,0,0,0,0,0,163,68,0,0,0,0,0,0,0,181,192,0,0,0,0,0,0,0,382,442,0,0,0,0,0,0,0,193,92,0,0,0,0,0,0,0,595,494,0,0,0,0,0,0,0,239,239,0,0,0,0,0,0,0,403,231,0,0,0,0,0,0,0,85,33,0,0,0,0,0,0,0,105,59,0,0,0,0,0,0,0,76,221,0,0,0,0,0,0,0,441,314,0,0,0,0,0,0,0,63,134,0,0,0,0,0,0,0,254,129,0,0,0,0,0,0,0,9312,10379,0,0,0,0,0,0,0
2020-02-24,326,242,0,0,0,0,0,0,0,262,345,0,0,0,0,0,0,0,245,159,0,0,0,0,0,0,0,22,27,0,0,0,0,0,0,0,593,394,0,0,0,0,0,0,0,43,133,0,0,0,0,0,0,0,49,90,0,0,0,0,0,0,0,297,120,0,0,0,0,0,0,0,1450,989,0,0,0,0,0,0,0,234,177,0,0,0,0,0,0,0,313,899,0,0,0,0,0,0,0,100,47,0,0,0,0,0,0,0,269,331,0,0,0,0,0,0,0,875,1498,0,0,0,0,0,0,0,319,247,0,0,0,0,0,0,0,305,51,0,0,0,0,0,0,0,98,229,0,0,0,0,0,0,0,101,254,0,0,0,0,0,0,0,358,1707,0,0,0,0,0,0,0,163,69,0,0,0,0,0,0,0,183,205,0,0,0,0,0,0,0,387,458,0,0,0,0,0,0,0,200,93,0,0,0,0,0,0,0,616,513,0,0,0,0,0,0,0,245,250,0,0,0,0,0,0,0,415,249,0,0,0,0,0,0,0,95,33,0,0,0,0,0,0,0,106,60,0,0,0,0,0,0,0,77,226,0,0,0,0,0,0,0,447,323,0,0,0,0,0,0,0,63,136,0,0,0,0,0,0,0,267,132,0,0,0,0,0,0,0,9523,10686,0,0,0,0,0,0,0
2020-02-25,337,249,0,0,0,0,0,0,0,266,359,0,0,0,0,0,0,0,251,162,0,0,0,0,0,0,0,26,27,0,0,0,0,0,0,0,606,404,0,0,0,0,0,0,0,43,140,0,0,0,0,0,0,0,51,91,0,0,0,0,0,0,0,301,122,0,0,0,0,0,0,0,1485,1019,0,0,0,0,0,0,0,240,182,0,0,0,0,0,0,0,326,949,0,0,0,0,0,0,0,103,48,0,0,0,0,0,0,0,275,335,0,0,0,0,0,0,0,886,1518,0,0,0,0,0,0,0,335,256,0,0,0,0,0,0,0,310,52,0,0,0,0,0,0,0,101,235,0,0,0,0,0,0,0,108,266,0,0,0,0,0,0,0,371,1745,0,0,0,0,0,0,0,166,70,0,0,0,0,0,0,0,188,210,0,0,0,0,0,0,0,396,469,0,0,0,0,0,0,0,204,95,0,0,0,0,0,0,0,626,532,0,0,0,0,0,0,0,255,255,0,0,0,0,0,0,0,436,259,0,0,0,0,0,0,0,100,34,0,0,0,0,0,0,0,108,62,0,0,0,0,0,0,0,81,228,0,0,0,0,0,0,0,461,335,0,0,0,0,0,0,0,67,137,0,0,0,0,0,0,0,280,142,0,0,0,0,0,0,0,9789,10987,0,0,0,0,0,0,0
2020-02-26,346,254,0,0,0,0,0,0,0,271,364,0,0,0,0,0,0,0,256,167,0,0,0,0,0,0,0,27,27,0,0,0,0,0,0,0,616,412,0,0,0,0,0,0,0,45,146,0,0,0,0,0,0,0,52,96,0,0,0,0,0,0,0,304,128,0,0,0,0,0,0,0,1511,1049,0,0,0,0,0,0,0,241,187,0,0,0,0,0,0,0,337,994,0,0,0,0,0,0,0,110,57,0,0,0,0,0,0,0,281,346,0,0,0,0,0,0,0,900,1533,0,0,0,0,0,0,0,346,264,0,0,0,0,0,0,0,315,55,0,0,0,0,0,0,0,102,238,0,0,0,0,0,0,0,109,273,0,0,0,0,0,0,0,379,1787,0,0,0,0,0,0,0,169,74,0,0,0,0,0,0,0,193,214,0,0,0,0,0,0,0,404,480,0,0,0,0,0,0,0,206,97,0,0,0,0,0,0,0,642,547,0,0,0,0,0,0,0,260,258,0,0,0,0,0,0,0,448,267,0,0,0,0,0,0,0,101,35,0,0,0,0,0,0,0,109,62,0,0,0,0,0,0,0,85,229,0,0,0,0,0,0,0,472,347,0,0,0,0,0,0,0,67,137,0,0,0,0,0,0,0,289,156,0,0,0,0,0,0,0,9993,11280,0,0,0,0,0,0,0
2020-02-27,351,261,0,0,0,0,0,0,0,274,370,0,0,0,0,0,0,0,260,175,0,0,0,0,0,0,0,28,29,0,0,0,0,0,0,0,629,416,0,0,0,0,0,0,0,46,150,0,0,0,0,0,0,0,56,97,0,0,0,0,0,0,0,307,131,0,0,0,0,0,0,0,1541,1070,2,0,1,1,0,1,0,243,189,0,0,0,0,0,0,0,344,1022,0,0,0,0,0,0,0,111,57,0,0,0,0,0,0,0,284,352,0,0,0,0,0,0,0,918,1550,0,0,0,0,0,0,0,358,269,1,0,1,0,0,0,0,319,56,0,0,0,0,0,0,0,104,242,0,0,0,0,0,0,0,113,279,0,0,0,0,0,0,0,386,1830,0,0,0,0,0,0,0,174,76,0,0,0,0,0,0,0,195,218,0,0,0,0,0,0,0,414,490,0,0,0,0,0,0,0,208,98,0,0,0,0,0,0,0,651,557,0,0,0,0,0,0,0,261,268,1,0,1,0,0,0,0,461,279,0,0,0,0,0,0,0,101,35,0,0,0,0,0,0,0,112,63,0,0,0,0,0,0,0,89,232,0,0,0,0,0,0,0,478,357,0,0,0,0,0,0,0,69,141,0,0,0,0,0,0,0,299,164,0,0,0,0,0,0,0,10184,11523,4,0,3,1,0,1,0
2020-02-28,363,264,0,0,0,0,0,0,0,278,378,0,0,0,0,0,0,0,266,185,0,0,0,0,0,0,0,28,29,0,0,0,0,0,0,0,638,424,1,0,1,0,0,0,0,51,152,0,0,0,0,0,0,0,59,97,0,0,0,0,0,0,0,312,132,0,0,0,0,0,0,0,1577,1089,2,0,1,1,0,1,0,246,195,0,0,0,0,0,0,0,354,1054,0,0,0,0,0,0,0,113,62,0,0,0,0,0,0,0,290,362,0,0,0,0,0,0,0,930,1569,0,0,0,0,0,0,0,365,278,2,0,2,0,0,0,0,331,61,0,0,0,0,0,0,0,105,244,0,0,0,0,0,0,0,114,288,0,0,0,0,0,0,0,399,1847,0,0,0,0,0,0,0,179,77,0,0,0,0,0,0,0,200,222,0,0,0,0,0,0,0,422,506,0,0,0,0,0,0,0,213,98,0,0,0,0,0,0,0,660,573,0,0,0,0,0,0,0,266,278,1,0,1,0,0,0,0,470,288,0,0,0,0,0,0,0,101,37,0,0,0,0,0,0,0,114,64,0,0,0,0,0,0,0,90,235,0,0,0,0,0,0,0,494,362,0,0,0,0,0,0,0,69,144,0,0,0,0,0,0,0,301,167,0,0,0,0,0,0,0,10398,11761,6,0,5,1,0,1,0
2020-02-29,364,265,0,0,0,0,0,0,0,281,378,0,0,0,0,0,0,0,268,186,0,0,0,0,0,0,0,28,29,0,0,0,0,0,0,0,645,424,1,0,1,0,0,0,0,53,152,0,0,0,0,0,0,0,59,97,1,0,1,0,0,0,0,313,132,0,0,0,0,0,0,0,1591,1094,3,0,1,2,1,1,0,248,195,0,0,0,0,0,0,0,357,1062,0,0,0,0,0,0,0,113,62,0,0,0,0,0,0,0,293,372,0,0,0,0,0,0,0,938,1577,0,0,0,0,0,0,0,367,279,2,0,2,0,0,0,0,334,61,0,0,0,0,0,0,0,105,245,0,0,0,0,0,0,0,115,288,0,0,0,0,0,0,0,401,1849,0,0,0,0,0,0,0,181,77,0,0,0,0,0,0,0,200,222,0,0,0,0,0,0,0,424,509,0,0,0,0,0,0,0,214,98,0,0,0,0,0,0,0,663,574,0,0,0,0,0,0,0,272,278,1,0,1,0,0,0,0,474,299,0,0,0,0,0,0,0,101,37,0,0,0,0,0,0,0,115,64,0,0,0,0,0,0,0,91,235,0,0,0,0,0,0,0,500,364,0,0,0,0,0,0,0,69,148,0,0,0,0,0,0,0,303,168,0,0,0,0,0,0,0,10480,11820,8,0,6,2,1,1,0
2020-03-01,370,265,0,0,0,0,0,0,0,286,379,0,0,0,0,0,0,0,274,186,0,0,0,0,0,0,0,28,29,0,0,0,0,0,0,0,654,424,1,0,1,0,0,0,0,58,153,0,0,0,0,0,0,0,60,101,1,0,1,0,0,0,0,313,133,0,0,0,0,0,0,0,1609,1102,3,0,1,2,1,1,0,252,195,0,0,0,0,0,0,0,366,1074,1,0,1,0,0,0,0,114,62,0,0,0,0,0,0,0,295,372,0,0,0,0,0,0,0,941,1578,0,0,0,0,0,0,0,372,293,2,0,2,0,0,0,0,342,61,0,0,0,0,0,0,0,108,245,0,0,0,0,0,0,0,116,288,0,0,0,0,0,0,0,407,1853,0,0,0,0,0,0,0,185,77,1,0,0,1,1,0,0,206,223,0,0,0,0,0,0,0,426,515,0,0,0,0,0,0,0,216,98,0,0,0,0,0,0,0,674,579,0,0,0,0,0,0,0,277,278,1,0,1,0,0,0,0,480,306,0,0,0,0,0,0,0,103,38,0,0,0,0,0,0,0,115,64,0,0,0,0,0,0,0,93,239,0,0,0,0,0,0,0,509,369,0,0,0,0,0,0,0,71,149,0,0,0,0,0,0,0,303,168,0,0,0,0,0,0,0,10623,11896,10,0,7,3,2,1,0
2020-03-02,380,270,0,0,0,0,0,0,0,292,380,0,0,0,0,0,0,0,284,200,0,0,0,0,0,0,0,28,29,0,0,0,0,0,0,0,662,434,1,0,1,0,0,0,0,60,159,0,0,0,0,0,0,0,61,107,1,0,1,0,0,0,0,314,134,0,0,0,0,0,0,0,1657,1139,3,0,1,2,1,1,0,257,202,0,0,0,0,0,0,0,382,1114,4,0,4,0,0,0,0,114,66,0,0,0,0,0,0,0,308,376,0,0,0,0,0,0,0,957,1593,0,0,0,0,0,0,0,383,342,4,0,3,1,1,0,0,350,61,0,0,0,0,0,0,0,112,248,0,0,0,0,0,0,0,119,297,0,0,0,0,0,0,0,426,1908,0,0,0,0,0,0,0,189,78,1,0,0,1,1,0,0,212,229,0,0,0,0,0,0,0,431,536,0,0,0,0,0,0,0,224,99,0,0,0,0,0,0,0,686,590,0,0,0,0,0,0,0,285,291,1,0,1,0,0,0,0,491,314,0,0,0,0,0,0,0,108,38,0,0,0,0,0,0,0,117,64,0,0,0,0,0,0,0,96,245,0,0,0,0,0,0,0,520,384,0,0,0,0,0,0,0,74,152,0,0,0,0,0,0,0,318,178,0,0,0,0,0,0,0,10897,12257,15,0,11,4,3,1,0
2020-03-03,389,283,0,0,0,0,0,0,0,299,384,0,0,0,0,0,0,0,290,209,0,0,0,0,0,0,0,30,29,0,0,0,0,0,0,0,676,442,2,0,2,0,0,0,0,65,167,0,0,0,0,0,0,0,63,122,1,0,1,0,0,0,0,316,139,0,0,0,0,0,0,0,1696,1164,4,0,2,2,1,1,0,263,215,0,0,0,0,0,0,0,389,1147,7,0,7,0,0,0,0,117,67,0,0,0,0,0,0,0,314,386,0,0,0,0,0,0,0,970,1612,0,0,0,0,0,0,0,401,365,6,0,4,2,1,0,1,360,63,0,0,0,0,0,0,0,113,251,0,0,0,0,0,0,0,124,309,1,0,1,0,0,0,0,444,1959,0,0,0,0,0,0,0,193,79,1,0,0,1,1,0,0,216,233,0,0,0,0,0,0,0,445,550,0,0,0,0,0,0,0,229,100,0,0,0,0,0,0,0,707,603,0,0,0,0,0,0,0,290,297,1,0,1,0,0,0,0,502,326,0,0,0,0,0,0,0,114,38,0,0,0,0,0,0,0,121,65,0,0,0,0,0,0,0,99,249,0,0,0,0,0,0,0,535,399,0,0,0,0,0,0,0,79,158,0,0,0,0,0,0,0,324,182,1,0,1,0,0,0,0,11173,12592,24,0,19,5,3,1,1
2020-03-04,398,296,0,0,0,0,0,0,0,307,385,0,0,0,0,0,0,0,305,222,0,0,0,0,0,0,0,31,30,0,0,0,0,0,0,0,683,448,2,0,2,0,0,0,0,65,168,0,0,0,0,0,0,0,65,138,1,0,1,0,0,0,0,317,141,0,0,0,0,0,0,0,1735,1192,8,0,5,3,2,1,0,268,216,0,0,0,0,0,0,0,397,1179,10,0,10,0,0,0,0,119,73,0,0,0,0,0,0,0,319,399,0,0,0,0,0,0,0,987,1625,0,0,0,0,0,0,0,410,406,7,0,5,2,1,0,1,368,68,0,0,0,0,0,0,0,115,253,0,0,0,0,0,0,0,128,318,1,0,1,0,0,0,0,454,2006,1,0,1,0,0,0,0,194,80,1,0,0,1,1,0,0,220,238,0,0,0,0,0,0,0,454,574,0,0,0,0,0,0,0,231,101,0,0,0,0,0,0,0,727,605,0,0,0,0,0,0,0,296,301,1,0,1,0,0,0,0,509,338,0,0,0,0,0,0,0,119,38,1,0,0,1,1,0,0,122,67,0,0,0,0,0,0,0,101,251,0,0,0,0,0,0,0,542,420,0,0,0,0,0,0,0,83,163,0,0,0,0,0,0,0,332,187,1,0,1,0,0,0,0,11401,12926,34,0,27,7,5,1,1
2020-03-05,405,303,0,0,0,0,0,0,0,307,389,0,0,0,0,0,0,0,316,230,0,0,0,0,0,0,0,31,31,0,0,0,0,0,0,0,691,457,2,0,2,0,0,0,0,67,174,0,0,0,0,0,0,0,66,157,1,0,1,0,0,0,0,318,143,0,0,0,0,0,0,0,1769,1223,13,0,8,5,4,1,0,274,218,0,0,0,0,0,0,0,406,1213,14,0,14,0,0,0,0,121,75,0,0,0,0,0,0,0,325,407,0,0,0,0,0,0,0,997,1642,0,0,0,0,0,0,0,419,433,8,0,6,2,1,0,1,378,70,0,0,0,0,0,0,0,125,258,0,0,0,0,0,0,0,132,332,1,0,1,0,0,0,0,465,2053,1,0,1,0,0,0,0,194,81,1,0,0,1,1,0,0,225,245,0,0,0,0,0,0,0,463,592,0,0,0,0,0,0,0,235,103,0,0,0,0,0,0,0,734,618,0,0,0,0,0,0,0,298,304,1,0,1,0,0,0,0,515,346,0,0,0,0,0,0,0,122,39,1,0,0,1,1,0,0,123,67,0,0,0,0,0,0,0,106,251,0,0,0,0,0,0,0,558,432,0,0,0,0,0,0,0,90,169,0,0,0,0,0,0,0,342,194,2,0,2,0,0,0,0,11617,13249,45,0,36,9,7,1,1
2020-03-06,410,310,0,0,0,0,0,0,0,309,392,0,0,0,0,0,0,0,320,246,0,0,0,0,0,0,0,31,33,0,0,0,0,0,0,0,695,460,2,0,2,0,0,0,0,68,177,0,0,0,0,0,0,0,68,164,1,0,1,0,0,0,0,318,146,0,0,0,0,0,0,0,1808,1245,14,0,9,5,4,1,0,279,221,0,0,0,0,0,0,0,412,1249,18,0,18,0,0,0,0,121,77,0,0,0,0,0,0,0,329,411,0,0,0,0,0,0,0,1016,1649,0,0,0,0,0,0,0,427,457,8,0,6,2,1,0,1,385,70,0,0,0,0,0,0,0,126,265,0,0,0,0,0,0,0,134,342,1,0,1,0,0,0,0,470,2090,1,0,1,0,0,0,0,198,82,1,0,0,1,1,0,0,228,247,0,0,0,0,0,0,0,467,602,0,0,0,0,0,0,0,241,106,0,0,0,0,0,0,0,738,626,0,0,0,0,0,0,0,305,312,1,0,1,0,0,0,0,519,351,0,0,0,0,0,0,0,124,40,1,0,0,1,1,0,0,126,70,0,0,0,0,0,0,0,108,251,1,0,0,1,0,0,1,568,439,0,0,0,0,0,0,0,90,172,0,0,0,0,0,0,0,345,194,2,0,2,0,0,0,0,11783,13496,51,0,41,10,7,1,2
2020-03-07,410,311,0,0,0,0,0,0,0,313,392,0,0,0,0,0,0,0,324,248,0,0,0,0,0,0,0,31,33,0,0,0,0,0,0,0,698,460,2,0,2,0,0,0,0,69,177,0,0,0,0,0,0,0,68,166,1,0,1,0,0,0,0,320,148,0,0,0,0,0,0,0,1819,1252,16,0,11,5,4,1,0,279,221,0,0,0,0,0,0,0,413,1250,22,0,22,0,0,0,0,121,77,0,0,0,0,0,0,0,333,413,0,0,0,0,0,0,0,1018,1649,0,0,0,0,0,0,0,431,471,8,0,6,2,1,0,1,391,70,0,0,0,0,0,0,0,127,266,0,0,0,0,0,0,0,134,345,1,0,1,0,0,0,0,473,2090,1,0,1,0,0,0,0,198,82,1,0,0,1,1,0,0,231,247,0,0,0,0,0,0,0,468,604,0,0,0,0,0,0,0,241,106,0,0,0,0,0,0,0,740,629,0,0,0,0,0,0,0,306,312,1,0,1,0,0,0,0,525,356,0,0,0,0,0,0,0,126,40,1,0,0,1,1,0,0,127,70,0,0,0,0,0,0,0,110,252,2,0,0,2,1,0,1,571,439,0,0,0,0,0,0,0,91,176,0,0,0,0,0,0,0,348,194,2,0,2,0,0,0,0,11854,13546,58,0,47,11,8,1,2
2020-03-08,412,311,0,0,0,0,0,0,0,313,392,0,0,0,0,0,0,0,328,248,0,0,0,0,0,0,0,33,33,0,0,0,0,0,0,0,703,462,2,0,2,0,0,0,0,70,182,0,0,0,0,0,0,0,69,168,1,0,1,0,0,0,0,320,149,0,0,0,0,0,0,0,1839,1254,20,0,14,6,5,1,0,281,221,0,0,0,0,0,0,0,414,1262,24,0,24,0,0,0,0,124,77,0,0,0,0,0,0,0,333,414,0,0,0,0,0,0,0,1021,1650,0,0,0,0,0,0,0,438,485,9,0,7,2,1,0,1,397,70,0,0,0,0,0,0,0,127,266,0,0,0,0,0,0,0,135,346,1,0,1,0,0,0,0,476,2092,1,0,1,0,0,0,0,200,82,1,0,0,1,1,0,0,237,249,0,0,0,0,0,0,0,471,606,0,0,0,0,0,0,0,243,107,0,0,0,0,0,0,0,742,630,0,0,0,0,0,0,0,309,312,1,0,1,0,0,0,0,533,366,0,0,0,0,0,0,0,127,40,1,0,0,1,1,0,0,130,70,0,0,0,0,0,0,0,111,255,2,0,0,2,1,0,1,580,439,0,0,0,0,0,0,0,91,178,1,0,1,0,0,0,0,352,194,2,0,2,0,0,0,0,11959,13610,66,0,54,12,9,1,2
2020-03-09,417,315,0,0,0,0,0,0,0,322,392,0,0,0,0,0,0,0,334,255,0,0,0,0,0,0,0,33,34,0,0,0,0,0,0,0,709,473,2,0,2,0,0,0,0,75,185,0,0,0,0,0,0,0,72,175,1,0,1,0,0,0,0,323,150,0,0,0,0,0,0,0,1884,1270,22,0,16,6,5,1,0,291,227,0,0,0,0,0,0,0,426,1287,25,0,25,0,0,0,0,128,79,0,0,0,0,0,0,0,343,422,0,0,0,0,0,0,0,1034,1669,0,0,0,0,0,0,0,445,522,10,0,7,3,2,0,1,417,71,0,0,0,0,0,0,0,132,276,1,0,1,0,0,0,0,138,353,1,0,1,0,0,0,0,487,2123,1,0,1,0,0,0,0,203,83,1,0,0,1,1,0,0,239,252,0,0,0,0,0,0,0,475,612,0,0,0,0,0,0,0,247,110,0,0,0,0,0,0,0,749,637,0,0,0,0,0,0,0,316,316,1,0,1,0,0,0,0,544,369,0,0,0,0,0,0,0,128,40,1,0,0,1,1,0,0,130,71,0,0,0,0,0,0,0,114,260,2,0,0,2,1,0,1,585,447,0,0,0,0,0,0,0,92,179,1,0,1,0,0,0,0,363,196,2,0,2,0,0,0,0,12195,13850,71,0,58,13,10,1,2
2020-03-10,421,319,0,0,0,0,0,0,0,327,393,0,0,0,0,0,0,0,341,261,0,0,0,0,0,0,0,34,34,0,0,0,0,0,0,0,723,483,2,0,2,0,0,0,0,76,187,0,0,0,0,0,0,0,75,195,1,0,1,0,0,0,0,326,151,0,0,0,0,0,0,0,1938,1304,26,0,19,7,5,1,1,294,231,0,0,0,0,0,0,0,431,1319,26,0,26,0,0,0,0,128,85,0,0,0,0,0,0,0,350,426,0,0,0,0,0,0,0,1052,1684,0,0,0,0,0,0,0,453,547,14,0,10,4,3,0,1,433,75,0,0,0,0,0,0,0,134,284,1,0,1,0,0,0,0,140,364,1,0,1,0,0,0,0,494,2166,5,0,4,1,0,1,0,206,86,1,0,0,1,1,0,0,243,256,0,0,0,0,0,0,0,485,631,2,0,2,0,0,0,0,252,111,0,0,0,0,0,0,0,757,650,0,0,0,0,0,0,0,323,323,1,0,1,0,0,0,0,554,373,0,0,0,0,0,0,0,133,40,1,0,0,1,1,0,0,133,71,0,0,0,0,0,0,0,121,260,2,0,0,2,1,0,1,593,453,0,0,0,0,0,0,0,94,180,1,0,1,0,0,0,0,369,202,4,0,4,0,0,0,0,12433,14144,88,0,72,16,11,2,3
2020-03-11,427,326,0,0,0,0,0,0,0,331,394,1,0,1,0,0,0,0,348,268,0,0,0,0,0,0,0,34,34,0,0,0,0,0,0,0,730,489,2,0,2,0,0,0,0,84,193,0,0,0,0,0,0,0,77,220,1,0,1,0,0,0,0,328,152,0,0,0,0,0,0,0,2008,1341,48,0,36,12,6,3,3,297,231,1,0,1,0,0,0,0,439,1352,30,0,30,0,0,0,0,129,85,0,0,0,0,0,0,0,358,440,0,0,0,0,0,0,0,1064,1694,1,0,1,0,0,0,0,470,576,15,0,10,5,4,0,1,452,75,0,0,0,0,0,0,0,138,288,1,0,1,0,0,0,0,141,370,1,0,1,0,0,0,0,504,2208,10,0,9,1,0,1,0,210,88,1,0,0,1,1,0,0,261,262,1,0,1,0,0,0,0,492,645,3,0,3,0,0,0,0,263,114,0,0,0,0,0,0,0,771,658,0,0,0,0,0,0,0,325,327,1,0,1,0,0,0,0,559,380,0,0,0,0,0,0,0,140,40,1,0,0,1,1,0,0,134,71,0,0,0,0,0,0,0,125,261,2,0,0,2,1,0,1,601,466,0,0,0,0,0,0,0,95,185,1,0,1,0,0,0,0,377,210,6,0,6,0,0,0,0,12712,14443,127,0,105,22,13,4,5
2020-03-12,441,333,1,0,1,0,0,0,0,339,397,1,0,1,0,0,0,0,352,287,0,0,0,0,0,0,0,35,34,1,0,1,0,0,0,0,739,489,2,0,2,0,0,0,0,89,196,0,0,0,0,0,0,0,81,226,1,0,1,0,0,0,0,333,154,0,0,0,0,0,0,0,2082,1367,72,0,56,16,10,3,3,301,235,1,0,1,0,0,0,0,454,1388,30,0,30,0,0,0,0,135,86,0,0,0,0,0,0,0,364,447,0,0,0,0,0,0,0,1094,1708,4,0,4,0,0,0,0,483,604,17,0,11,6,4,1,1,468,78,0,0,0,0,0,0,0,142,294,1,0,1,0,0,0,0,145,386,1,0,1,0,0,0,0,530,2237,11,0,10,1,0,1,0,213,88,2,0,0,2,1,0,1,271,265,3,0,3,0,0,0,0,511,657,4,0,4,0,0,0,0,269,117,1,0,0,1,1,0,0,776,666,0,0,0,0,0,0,0,330,332,1,0,1,0,0,0,0,570,384,0,0,0,0,0,0,0,143,41,1,0,0,1,1,0,0,139,71,0,0,0,0,0,0,0,131,261,3,0,0,3,2,0,1,608,474,0,0,0,0,0,0,0,101,191,2,0,2,0,0,0,0,385,218,8,0,8,0,0,0,0,13054,14711,168,0,138,30,19,5,6
2020-03-13,448,340,1,0,1,0,0,0,0,357,402,1,0,1,0,0,0,0,362,304,0,0,0,0,0,0,0,35,35,1,0,1,0,0,0,0,746,497,3,0,2,1,0,1,0,94,199,0,0,0,0,0,0,0,86,235,1,0,1,0,0,0,0,334,155,0,0,0,0,0,0,0,2159,1386,100,0,81,19,12,3,4,305,239,2,0,2,0,0,0,0,466,1412,31,0,31,0,0,0,0,140,86,2,0,2,0,0,0,0,368,454,0,0,0,0,0,0,0,1118,1724,6,0,6,0,0,0,0,503,629,28,0,21,7,5,1,1,488,81,0,0,0,0,0,0,0,143,299,1,0,1,0,0,0,0,145,392,2,0,2,0,0,0,0,573,2271,17,0,16,1,0,1,0,218,88,4,0,2,2,1,0,1,285,271,7,0,7,0,0,0,0,529,670,7,0,7,0,0,0,0,277,119,1,0,0,1,1,0,0,780,672,1,0,1,0,0,0,0,336,333,2,0,1,1,1,0,0,586,387,1,0,1,0,0,0,0,148,41,1,0,0,1,1,0,0,141,73,0,0,0,0,0,0,0,133,263,4,0,0,4,3,0,1,625,485,0,0,0,0,0,0,0,105,193,2,0,2,0,0,0,0,393,221,8,0,8,0,0,0,0,13426,14956,234,0,197,37,24,6,7
2020-03-14,451,340,2,0,2,0,0,0,0,364,402,1,0,1,0,0,0,0,365,304,0,0,0,0,0,0,0,35,35,1,0,1,0,0,0,0,748,497,3,0,2,1,0,1,0,96,199,1,0,1,0,0,0,0,90,236,1,0,1,0,0,0,0,336,155,1,0,1,0,0,0,0,2213,1394,127,0,108,19,12,3,4,307,239,3,0,3,0,0,0,0,469,1416,31,0,31,0,0,0,0,140,86,2,0,2,0,0,0,0,372,454,0,0,0,0,0,0,0,1124,1725,11,0,11,0,0,0,0,509,653,30,0,23,7,5,1,1,490,83,0,0,0,0,0,0,0,144,299,1,0,1,0,0,0,0,146,393,2,0,2,0,0,0,0,587,2271,23,0,22,1,0,1,0,222,90,4,0,2,2,1,0,1,292,273,10,0,10,0,0,0,0,535,671,8,0,8,0,0,0,0,283,120,5,0,3,2,2,0,0,787,674,1,0,1,0,0,0,0,342,333,2,0,1,1,1,0,0,588,390,1,0,1,0,0,0,0,148,41,1,0,0,1,1,0,0,141,73,0,0,0,0,0,0,0,135,263,4,0,0,4,3,0,1,638,485,0,0,0,0,0,0,0,105,195,2,0,2,0,0,0,0,394,221,8,0,8,0,0,0,0,13596,15010,286,0,248,38,25,6,7
2020-03-15,461,340,2,0,2,0,0,0,0,369,403,1,0,1,0,0,0,0,371,305,0,0,0,0,0,0,0,36,35,1,0,1,0,0,0,0,755,497,4,0,3,1,0,1,0,98,199,1,0,1,0,0,0,0,91,240,1,0,1,0,0,0,0,337,155,1,0,1,0,0,0,0,2259,1412,144,0,122,22,12,3,7,308,239,3,0,3,0,0,0,0,473,1419,33,0,33,0,0,0,0,141,86,2,0,2,0,0,0,0,374,456,0,0,0,0,0,0,0,1144,1731,12,0,12,0,0,0,0,517,672,35,0,25,10,6,1,3,493,83,0,0,0,0,0,0,0,146,299,1,0,1,0,0,0,0,148,395,2,0,2,0,0,0,0,595,2273,23,0,22,1,0,1,0,226,91,4,0,2,2,1,0,1,296,275,13,0,12,1,1,0,0,540,672,8,0,8,0,0,0,0,291,122,5,0,3,2,2,0,0,801,675,1,0,1,0,0,0,0,352,333,2,0,1,1,1,0,0,595,395,2,0,2,0,0,0,0,149,41,1,0,0,1,1,0,0,143,73,1,0,1,0,0,0,0,137,265,4,0,0,4,3,0,1,648,486,2,0,2,0,0,0,0,113,197,6,0,6,0,0,0,0,397,221,8,0,8,0,0,0,0,13804,15085,323,0,278,45,27,6,12
2020-03-16,469,340,2,0,2,0,0,0,0,379,405,2,0,2,0,0,0,0,375,305,0,0,0,0,0,0,0,37,35,1,0,1,0,0,0,0,766,497,6,0,3,3,2,1,0,100,202,2,0,2,0,0,0,0,96,248,1,0,1,0,0,0,0,337,155,1,0,1,0,0,0,0,2321,1433,173,0,145,28,17,3,8,309,239,3,0,3,0,0,0,0,484,1435,35,0,35,0,0,0,0,146,86,4,0,4,0,0,0,0,378,459,0,0,0,0,0,0,0,1161,1735,24,0,23,1,0,1,0,523,719,41,0,29,12,8,1,3,501,83,0,0,0,0,0,0,0,150,300,1,0,1,0,0,0,0,153,396,2,0,2,0,0,0,0,624,2283,29,0,28,1,0,1,0,233,93,4,0,2,2,1,0,1,305,278,17,0,15,2,1,0,1,551,673,8,0,8,0,0,0,0,302,126,8,0,6,2,2,0,0,808,676,2,0,2,0,0,0,0,355,334,4,0,1,3,2,0,1,606,404,3,0,2,1,0,0,1,160,41,1,0,0,1,1,0,0,144,74,2,0,2,0,0,0,0,140,266,5,0,0,5,4,0,1,658,491,2,0,2,0,0,0,0,119,200,8,0,8,0,0,0,0,403,222,9,0,8,1,0,0,1,14093,15233,400,0,338,62,38,7,17
2020-03-17,482,351,3,0,2,1,1,0,0,393,411,5,0,5,0,0,0,0,384,321,0,0,0,0,0,0,0,37,37,1,0,1,0,0,0,0,785,509,8,0,5,3,2,1,0,104,211,2,0,2,0,0,0,0,100,255,1,0,1,0,0,0,0,345,160,1,0,1,0,0,0,0,2462,1482,212,0,181,31,20,3,8,317,240,4,0,3,1,0,0,1,500,1471,42,0,42,0,0,0,0,155,90,9,0,9,0,0,0,0,393,474,2,0,2,0,0,0,0,1206,1754,30,0,28,2,1,1,0,553,784,45,0,32,13,9,1,3,526,87,0,0,0,0,0,0,0,154,309,2,0,2,0,0,0,0,154,406,2,0,2,0,0,0,0,674,2319,36,0,35,1,0,1,0,241,94,4,0,2,2,1,0,1,325,283,23,0,20,3,1,0,2,557,690,9,0,9,0,0,0,0,317,134,12,0,10,2,2,0,0,832,690,7,0,7,0,0,0,0,368,341,5,0,2,3,2,0,1,630,414,5,0,4,1,0,0,1,168,41,2,0,1,1,1,0,0,151,77,2,0,2,0,0,0,0,145,268,5,0,0,5,4,0,1,703,509,2,0,2,0,0,0,0,129,209,14,0,14,0,0,0,0,418,228,9,0,8,1,0,0,1,14708,15649,504,0,434,70,44,7,19
2020-03-18,510,364,6,0,5,1,1,0,0,420,417,9,0,8,1,1,0,0,399,333,1,0,1,0,0,0,0,42,40,1,0,1,0,0,0,0,805,519,10,0,7,3,2,1,0,109,214,2,0,2,0,0,0,0,104,273,2,0,2,0,0,0,0,347,168,2,0,2,0,0,0,0,2583,1532,247,1,211,35,24,3,8,322,243,5,1,4,0,0,0,0,522,1492,54,0,54,0,0,0,0,160,92,10,0,10,0,0,0,0,404,486,2,0,2,0,0,0,0,1262,1770,47,0,45,2,1,1,0,578,845,47,0,34,13,9,1,3,560,90,1,0,1,0,0,0,0,161,319,3,0,3,0,0,0,0,159,418,3,0,3,0,0,0,0,711,2361,48,0,47,1,0,1,0,251,101,4,1,2,1,1,0,0,360,298,29,0,26,3,1,0,2,575,702,11,0,11,0,0,0,0,333,138,13,0,10,3,2,0,1,856,707,8,0,7,1,0,0,1,389,348,5,0,2,3,2,0,1,662,417,6,0,5,1,0,0,1,176,41,5,0,4,1,1,0,0,158,81,2,0,2,0,0,0,0,154,269,5,0,0,5,4,0,1,728,532,9,0,8,1,1,0,0,144,217,14,0,14,0,0,0,0,434,233,9,0,8,1,0,0,1,15378,16060,620,3,541,76,50,7,19
2020-03-19,536,368,7,0,6,1,1,0,0,443,430,14,0,10,4,3,0,1,408,347,1,0,1,0,0,0,0,42,41,1,0,1,0,0,0,0,817,525,13,0,10,3,2,1,0,117,219,2,0,2,0,0,0,0,110,291,2,0,2,0,0,0,0,355,172,4,0,4,0,0,0,0,2720,1560,333,1,256,76,60,4,12,329,250,5,1,4,0,0,0,0,558,1518,54,0,54,0,0,0,0,166,93,10,0,10,0,0,0,0,410,494,2,0,2,0,0,0,0,1331,1786,56,0,54,2,1,1,0,605,901,54,0,38,16,11,2,3,594,94,2,0,1,1,1,0,0,172,323,3,0,3,0,0,0,0,164,433,4,0,4,0,0,0,0,758,2415,52,0,51,1,0,1,0,260,111,5,1,2,2,2,0,0,393,315,36,0,33,3,1,0,2,591,716,14,0,14,0,0,0,0,352,141,18,0,14,4,3,0,1,872,709,11,0,10,1,0,0,1,408,354,6,0,2,4,3,0,1,674,424,6,0,5,1,0,0,1,189,42,7,0,6,1,1,0,0,167,85,3,0,3,0,0,0,0,169,277,5,0,0,5,4,0,1,753,554,14,0,13,1,1,0,0,159,225,16,0,16,0,0,0,0,445,238,11,0,10,1,0,0,1,16067,16451,771,3,641,127,94,9,24
2020-03-20,555,373,9,0,8,1,1,0,0,480,440,20,0,13,7,6,0,1,422,356,2,0,2,0,0,0,0,45,41,1,0,1,0,0,0,0,833,537,17,0,13,4,2,1,1,120,222,2,0,2,0,0,0,0,116,298,2,0,2,0,0,0,0,364,177,7,0,6,1,1,0,0,2823,1596,386,1,277,108,89,4,15,330,254,5,1,4,0,0,0,0,588,1540,59,0,58,1,1,0,0,169,97,10,0,10,0,0,0,0,437,500,5,0,4,1,1,0,0,1380,1796,61,1,57,3,2,1,0,629,927,65,0,47,18,12,2,4,627,96,4,0,3,1,1,0,0,183,332,3,0,3,0,0,0,0,165,434,4,0,4,0,0,0,0,801,2456,64,0,63,1,0,1,0,265,117,5,1,2,2,2,0,0,427,327,41,0,38,3,1,0,2,604,732,15,0,15,0,0,0,0,358,147,20,0,16,4,3,0,1,886,717,14,0,13,1,0,0,1,427,360,7,0,2,5,4,0,1,685,429,7,0,6,1,0,0,1,199,43,9,0,8,1,1,0,0,175,89,4,0,4,0,0,0,0,177,280,5,0,0,5,4,0,1,785,570,16,0,15,1,1,0,0,182,234,20,0,20,0,0,0,0,456,249,14,0,13,1,0,0,1,16693,16766,903,4,729,170,132,9,29
2020-03-21,570,373,10,0,9,1,1,0,0,502,444,23,0,14,9,8,0,1,434,357,3,0,3,0,0,0,0,46,41,1,0,1,0,0,0,0,847,540,17,0,13,4,2,1,1,122,225,2,0,2,0,0,0,0,122,299,2,0,2,0,0,0,0,367,178,9,0,8,1,1,0,0,2868,1606,412,1,283,128,102,5,21,332,254,6,1,4,1,1,0,0,628,1544,71,0,70,1,1,0,0,169,97,11,0,11,0,0,0,0,441,500,8,0,7,1,1,0,0,1411,1796,62,1,58,3,2,1,0,650,971,74,0,50,24,16,2,6,643,96,9,0,8,1,1,0,0,183,334,4,0,3,1,0,0,1,170,434,4,0,4,0,0,0,0,833,2467,68,0,66,2,1,1,0,268,119,6,1,3,2,2,0,0,445,327,44,0,40,4,2,0,2,625,740,16,0,16,0,0,0,0,368,149,23,0,19,4,3,0,1,902,719,18,0,16,2,0,0,2,434,360,7,0,2,5,4,0,1,693,429,8,0,7,1,0,0,1,208,43,9,0,8,1,1,0,0,179,89,4,0,4,0,0,0,0,184,280,5,0,0,5,4,0,1,800,571,17,0,16,1,1,0,0,194,234,20,0,20,0,0,0,0,465,250,15,0,14,1,0,0,1,17103,16866,988,4,781,203,154,10,39
2020-03-22,592,373,11,0,10,1,1,0,0,516,448,25,0,16,9,8,0,1,439,358,3,0,3,0,0,0,0,48,41,1,0,1,0,0,0,0,863,541,17,0,13,4,2,1,1,124,228,2,0,2,0,0,0,0,125,310,2,0,2,0,0,0,0,373,179,12,0,9,3,3,0,0,2895,1625,440,2,288,150,122,5,23,333,254,6,1,4,1,1,0,0,645,1553,75,0,74,1,1,0,0,172,97,11,0,11,0,0,0,0,444,501,8,0,7,1,1,0,0,1449,1802,65,1,60,4,3,1,0,664,984,79,0,53,26,17,2,7,652,96,9,0,8,1,1,0,0,186,334,4,0,3,1,0,0,1,170,434,4,0,4,0,0,0,0,869,2478,72,0,69,3,1,1,1,274,120,7,1,4,2,2,0,0,455,327,47,1,41,5,2,0,3,630,744,16,0,16,0,0,0,0,377,151,27,0,21,6,5,0,1,920,721,19,0,17,2,0,0,2,445,363,8,0,2,6,4,0,2,696,433,8,0,7,1,0,0,1,221,43,9,0,8,1,1,0,0,191,89,5,0,5,0,0,0,0,191,280,5,0,0,5,4,0,1,809,574,17,0,16,1,1,0,0,206,239,28,0,26,2,0,0,2,474,253,16,0,15,1,0,0,1,17448,16973,1058,6,815,237,180,10,47
2020-03-23,620,379,15,0,14,1,1,0,0,579,461,35,0,21,14,13,0,1,461,360,7,0,7,0,0,0,0,50,41,2,0,1,1,1,0,0,879,544,20,0,14,6,4,1,1,130,235,2,0,2,0,0,0,0,130,323,5,0,3,2,1,0,1,380,188,12,0,9,3,3,0,0,3012,1707,496,3,313,180,146,6,28,341,256,7,1,4,2,2,0,0,699,1568,82,0,81,1,1,0,0,190,101,12,0,12,0,0,0,0,461,506,9,0,8,1,1,0,0,1551,1818,75,1,69,5,4,1,0,716,1009,91,0,58,33,23,2,8,674,103,13,0,11,2,2,0,0,198,334,6,0,5,1,0,0,1,178,453,5,0,5,0,0,0,0,937,2520,77,0,73,4,1,1,2,284,122,9,1,6,2,2,0,0,492,337,55,1,49,5,2,0,3,650,771,19,0,18,1,0,0,1,392,159,31,0,24,7,5,0,2,954,727,21,0,18,3,1,0,2,476,368,12,0,5,7,5,0,2,715,445,11,0,9,2,0,0,2,240,44,12,0,8,4,1,0,2,202,95,6,0,6,0,0,0,0,200,282,7,0,2,5,4,0,1,840,604,21,0,20,1,1,0,0,238,251,34,0,32,2,0,0,2,498,259,17,0,16,1,0,0,1,18367,17370,1226,7,923,296,224,11,60
2020-03-24,661,383,15,0,14,1,1,0,0,627,498,44,0,23,21,17,0,4,476,360,9,0,9,0,0,0,0,54,41,2,0,1,1,1,0,0,910,561,26,0,19,7,5,1,1,143,242,3,0,2,1,1,0,0,143,330,5,0,3,2,1,0,1,389,197,13,0,10,3,3,0,0,3198,1761,579,3,334,242,200,8,34,355,258,8,2,5,1,1,0,0,758,1589,83,0,81,2,2,0,0,199,104,12,0,12,0,0,0,0,482,513,9,0,8,1,1,0,0,1663,1835,83,1,75,7,6,1,0,777,1036,118,0,76,42,31,2,9,708,107,16,0,14,2,2,0,0,214,339,9,0,7,2,1,0,1,183,457,8,0,7,1,1,0,0,1038,2568,82,0,78,4,1,1,2,295,124,10,1,7,2,2,0,0,531,347,71,1,61,9,5,0,4,683,788,23,0,22,1,0,0,1,415,164,38,0,29,9,7,0,2,996,729,21,1,18,2,0,0,2,514,375,19,0,9,10,6,0,4,747,453,16,0,13,3,0,0,3,251,45,24,0,18,6,2,0,2,215,101,7,0,6,1,1,0,0,206,282,8,0,3,5,4,0,1,892,622,24,0,20,4,4,0,0,265,255,43,1,39,3,1,0,2,530,265,18,0,17,1,0,0,1,19518,17729,1446,10,1040,396,307,13,74
2020-03-25,689,389,32,0,30,2,2,0,0,684,559,51,0,28,23,17,0,6,500,369,9,0,9,0,0,0,0,56,47,2,0,1,1,1,0,0,961,577,27,0,20,7,5,1,1,150,252,3,0,2,1,1,0,0,156,348,7,0,5,2,1,0,1,409,206,16,0,11,5,5,0,0,3380,1832,635,4,351,280,234,8,38,364,259,9,2,5,2,2,0,0,847,1612,86,0,84,2,2,0,0,214,108,15,0,14,1,0,0,1,501,527,14,0,10,4,4,0,0,1784,1857,90,1,81,8,7,1,0,846,1080,145,0,96,49,33,3,13,756,110,18,0,15,3,2,0,1,229,351,9,0,7,2,1,0,1,191,465,8,0,7,1,1,0,0,1138,2640,84,0,80,4,1,1,2,314,130,13,1,10,2,2,0,0,572,360,77,1,66,10,5,0,5,702,805,25,0,24,1,0,0,1,438,176,48,0,34,14,12,0,2,1041,729,22,2,19,1,0,0,1,545,401,27,0,14,13,7,1,5,795,476,21,0,17,4,1,0,3,271,53,27,0,21,6,2,0,2,226,110,7,0,6,1,1,0,0,218,284,8,0,3,5,4,0,1,945,652,30,0,26,4,4,0,0,281,272,48,1,44,3,1,0,2,554,270,18,0,17,1,0,0,1,20757,18306,1631,12,1157,462,358,15,87
2020-03-26,725,419,36,0,33,3,2,0,1,738,655,63,0,38,25,19,0,6,516,371,11,0,10,1,0,0,1,60,52,2,0,1,1,1,0,0,994,624,31,0,22,9,7,1,1,154,271,3,0,2,1,1,0,0,169,360,7,0,5,2,1,0,1,425,216,20,0,13,7,6,0,1,3535,1937,719,7,383,329,276,11,42,383,266,9,2,5,2,2,0,0,942,1643,95,0,92,3,2,1,0,227,116,19,0,16,3,1,1,1,542,530,18,0,12,6,5,0,1,1868,1906,97,3,86,8,7,1,0,918,1141,178,0,121,57,39,3,15,789,124,21,1,17,3,3,0,0,244,368,11,0,9,2,1,0,1,201,475,8,0,7,1,1,0,0,1197,2745,85,0,80,5,1,1,3,331,146,16,1,13,2,2,0,0,612,372,93,1,75,17,10,0,7,734,837,26,0,24,2,0,0,2,462,195,58,1,39,18,14,2,2,1081,741,23,2,20,1,0,0,1,578,451,36,1,16,19,10,1,8,821,501,22,0,18,4,1,0,3,312,61,32,0,26,6,2,0,2,253,147,7,0,6,1,1,0,0,235,285,8,0,3,5,4,0,1,1004,706,35,0,29,6,6,0,0,296,285,48,1,44,3,1,0,2,572,271,18,0,17,1,0,0,1,21918,19217,1855,20,1282,553,426,22,103
2020-03-27,765,449,42,0,39,3,2,0,1,794,824,80,0,44,36,28,0,8,536,372,15,0,13,2,1,0,1,65,60,5,0,4,1,1,0,0,1051,684,36,1,25,10,8,1,1,156,284,3,0,2,1,1,0,0,187,369,12,0,10,2,1,0,1,440,222,22,0,13,9,7,0,2,3761,2072,795,9,405,381,318,12,51,411,276,9,2,5,2,2,0,0,1016,1683,102,0,97,5,3,1,1,245,129,22,0,18,4,1,1,2,581,534,21,0,14,7,5,0,2,1996,2033,104,3,91,10,9,1,0,1041,1238,221,1,148,72,51,3,18,822,141,22,1,18,3,3,0,0,253,385,12,0,10,2,1,0,1,212,481,8,0,7,1,1,0,0,1274,2837,93,0,87,6,2,1,3,365,155,18,1,15,2,2,0,0,635,390,104,2,80,22,13,2,7,756,894,30,0,26,4,1,0,3,482,227,65,2,41,22,17,2,3,1141,756,31,2,26,3,1,1,1,617,531,46,2,20,24,13,1,10,845,519,28,0,23,5,1,0,4,341,85,43,0,36,7,2,0,2,267,162,8,0,7,1,1,0,0,261,287,9,0,4,5,4,0,1,1047,751,38,0,31,7,6,0,1,313,310,51,1,46,4,2,0,2,581,272,22,0,19,3,0,0,3,23257,20412,2117,27,1424,666,508,26,129
2020-03-28,783,450,47,0,44,3,2,0,1,823,874,87,0,48,39,28,0,11,543,372,19,0,15,4,3,0,1,67,60,5,0,4,1,1,0,0,1074,699,41,2,29,10,8,1,1,157,294,3,0,2,1,1,0,0,195,369,13,0,10,3,2,0,1,446,225,24,0,14,10,7,0,3,3836,2172,878,12,442,424,348,15,61,414,278,9,2,5,2,2,0,0,1081,1690,106,0,99,7,4,1,2,255,129,25,1,19,5,2,1,2,596,534,21,1,14,6,5,0,1,2052,2047,106,3,91,12,11,1,0,1095,1267,240,4,156,80,58,3,19,837,141,24,1,18,5,5,0,0,260,389,14,1,9,4,3,0,1,219,483,9,0,7,2,1,0,1,1315,2847,95,0,89,6,2,1,3,370,156,19,1,16,2,2,0,0,644,392,118,3,90,25,15,2,8,770,900,32,1,28,3,1,0,2,488,246,72,3,43,26,18,3,5,1170,757,31,2,26,3,1,1,1,630,538,53,3,23,27,15,1,11,861,521,32,0,24,8,4,0,4,363,88,45,0,37,8,3,0,2,271,167,11,0,10,1,1,0,0,270,292,11,0,5,6,4,0,2,1066,767,39,1,31,7,6,1,0,331,310,56,1,48,7,4,0,3,583,272,23,0,20,3,0,0,3,23865,20726,2308,42,1516,750,567,31,149
2020-03-29,813,451,50,0,46,4,2,0,2,842,945,111,1,58,52,38,0,14,553,372,21,1,15,5,4,0,1,72,63,6,0,4,2,2,0,0,1110,721,51,2,37,12,10,1,1,160,299,3,0,2,1,1,0,0,205,380,13,0,10,3,2,0,1,453,238,29,0,15,14,8,0,6,3920,2275,934,15,466,453,367,17,69,417,281,9,2,5,2,2,0,0,1099,1706,107,0,100,7,4,1,2,267,131,26,1,20,5,2,1,2,608,535,23,1,15,7,5,0,2,2119,2057,108,3,91,14,13,1,0,1150,1304,250,5,160,85,62,4,19,847,145,27,1,20,6,6,0,0,273,392,14,2,9,3,2,0,1,225,487,9,0,7,2,1,0,1,1353,2865,98,0,92,6,2,1,3,381,156,21,2,17,2,2,0,0,664,393,124,3,95,26,15,2,9,780,914,33,1,29,3,1,0,2,496,257,75,3,43,29,19,4,6,1199,758,37,2,30,5,3,1,1,648,543,60,4,26,30,16,1,13,873,522,32,0,24,8,4,0,4,371,95,54,0,45,9,4,0,2,282,176,14,0,11,3,2,0,1,278,293,11,0,5,6,4,0,2,1080,771,41,1,33,7,6,1,0,347,311,60,1,51,8,4,0,4,588,272,23,0,20,3,0,0,3,24473,21108,2474,51,1601,822,613,35,171
2020-03-30,851,480,54,0,50,4,2,0,2,889,1220,140,3,77,60,42,0,18,582,373,35,1,29,5,4,0,1,78,71,6,0,4,2,2,0,0,1176,763,70,3,52,15,12,1,2,164,323,4,0,2,2,2,0,0,218,389,15,0,12,3,2,0,1,469,266,36,0,17,19,10,2,7,4067,2420,1025,19,522,484,392,18,74,424,292,13,2,6,5,3,1,1,1185,1747,112,0,104,8,5,1,2,293,143,29,1,22,6,2,1,3,630,548,29,2,20,7,6,0,1,2227,2209,116,3,98,15,13,1,1,1311,1410,300,8,196,96,72,4,20,882,172,27,1,20,6,6,0,0,285,421,16,2,10,4,3,0,1,241,496,9,1,7,1,0,0,1,1429,3084,104,0,94,10,5,1,4,392,168,23,2,19,2,2,0,0,722,427,142,3,108,31,18,2,11,802,950,35,1,30,4,2,0,2,527,287,97,3,59,35,23,4,8,1240,781,40,3,33,4,3,1,0,687,603,72,4,32,36,20,2,14,913,544,34,1,25,8,5,0,3,416,111,64,0,51,13,7,0,3,302,198,19,0,15,4,3,0,1,297,297,12,0,6,6,4,0,2,1136,820,46,1,38,7,6,1,0,374,338,70,1,60,9,4,0,5,598,275,25,0,22,3,0,0,3,25807,22626,2819,65,1840,914,680,40,191
2020-03-31,880,508,55,0,51,4,2,0,2,930,1501,185,5,104,76,53,0,20,613,375,42,2,35,5,4,0,1,84,86,6,0,4,2,2,0,0,1227,802,84,5,64,15,10,1,4,169,351,5,0,2,3,3,0,0,240,417,17,0,14,3,2,0,1,483,301,43,1,18,24,12,2,10,4216,2574,1092,27,561,504,408,22,74,435,297,15,3,8,4,2,1,1,1273,1786,119,0,111,8,5,1,2,312,162,34,1,25,8,2,2,4,646,557,35,2,24,9,7,0,2,2327,2389,123,4,101,18,13,1,4,1428,1538,331,10,219,102,80,4,18,907,203,31,1,22,8,8,0,0,299,439,17,3,11,3,2,0,1,250,519,11,1,9,1,0,0,1,1501,3291,104,0,94,10,5,1,4,409,172,29,2,24,3,3,0,0,754,447,169,4,130,35,18,2,15,837,995,39,1,34,4,2,0,2,550,335,112,5,65,42,27,4,11,1285,805,42,3,35,4,3,1,0,711,669,88,5,37,46,25,3,17,945,572,39,1,28,10,6,0,4,463,133,75,2,61,12,7,0,3,324,216,24,0,19,5,4,0,1,310,311,13,0,7,6,4,0,2,1198,863,52,1,43,8,7,1,0,397,369,74,1,64,9,4,0,5,609,277,25,1,22,2,0,0,2,27012,24260,3130,91,2046,993,730,46,211
2020-04-01,923,528,55,0,51,4,2,0,2,966,1753,254,7,133,114,82,1,27,641,379,48,2,39,7,4,0,3,86,91,7,0,4,3,3,0,0,1272,844,107,8,83,16,10,1,5,177,371,7,0,4,3,3,0,0,258,442,21,0,16,5,3,1,1,496,350,54,1,20,33,20,3,10,4379,2735,1189,34,606,549,446,22,81,450,313,16,4,9,3,1,1,1,1351,1834,120,0,111,9,5,2,2,328,176,37,1,27,9,3,2,4,666,571,39,2,25,12,8,0,4,2414,2596,126,4,103,19,13,1,5,1543,1661,377,11,246,120,93,4,23,938,222,35,1,23,11,11,0,0,316,458,20,4,14,2,2,0,0,263,535,11,1,9,1,0,0,1,1595,3434,105,0,95,10,5,1,4,430,186,31,2,25,4,4,0,0,779,468,189,5,141,43,24,2,17,865,1026,43,1,37,5,3,0,2,567,380,135,6,75,54,34,5,15,1348,818,42,3,35,4,3,1,0,754,726,102,7,41,54,32,3,17,983,593,40,1,28,11,7,0,4,499,159,82,4,65,13,8,0,3,356,245,33,0,27,6,5,0,1,332,326,18,0,11,7,5,0,2,1248,909,61,2,49,10,8,1,1,430,392,83,1,69,13,4,0,9,614,279,25,1,22,2,0,0,2,28267,25800,3512,113,2243,1156,851,51,246
2020-04-02,963,570,56,0,52,4,2,0,2,1001,1990,287,12,148,127,94,1,28,669,382,59,2,49,8,4,0,4,93,95,9,0,4,5,3,0,2,1361,887,130,10,103,17,11,1,5,179,400,7,0,4,3,3,0,0,275,462,24,0,18,6,4,1,1,511,379,63,1,22,40,23,3,14,4609,2878,1296,40,667,589,471,23,95,482,322,16,4,9,3,1,1,1,1449,1869,122,0,112,10,5,2,3,345,195,38,1,28,9,3,2,4,680,578,40,2,26,12,8,0,4,2508,2717,134,6,108,20,13,1,6,1652,1763,413,15,268,130,98,4,28,964,239,36,1,24,11,11,0,0,334,471,28,4,20,4,3,1,0,272,552,11,1,9,1,0,0,1,1671,3554,111,0,100,11,5,1,5,469,197,31,2,25,4,4,0,0,814,488,211,6,155,50,30,2,18,883,1073,44,2,37,5,3,0,2,588,411,148,8,82,58,38,5,15,1400,841,42,3,35,4,3,1,0,792,766,131,10,50,71,46,3,20,1011,621,43,1,28,14,8,0,6,525,181,97,4,78,15,10,0,3,381,258,34,0,27,7,5,0,2,346,329,19,0,11,8,6,0,2,1306,943,67,2,52,13,10,1,2,470,413,86,1,71,14,5,0,9,644,281,26,1,23,2,0,0,2,29647,27105,3859,139,2445,1275,930,53,284
2020-04-03,1000,591,58,0,53,5,2,0,3,1025,2202,330,14,170,146,109,1,32,695,391,75,2,64,9,4,0,5,98,98,10,0,4,6,4,0,2,1467,919,158,11,129,18,11,1,6,184,423,7,0,4,3,3,0,0,288,480,29,0,23,6,4,1,1,522,411,69,5,22,42,27,3,12,4891,3019,1415,47,724,644,517,24,103,499,324,17,4,9,4,2,1,1,1534,1888,127,0,113,14,8,2,4,353,226,39,1,29,9,3,2,4,704,588,42,4,27,11,8,0,3,2627,2880,144,6,118,20,13,1,6,1781,1887,462,18,292,152,113,5,34,1002,259,42,2,25,15,12,0,3,347,483,29,4,20,5,3,1,1,277,578,12,1,9,2,1,0,1,1758,3632,112,3,100,9,5,1,3,491,206,34,2,26,6,5,0,1,853,511,226,8,166,52,30,2,19,902,1133,48,2,38,8,5,0,3,605,436,162,10,89,63,42,6,15,1434,856,42,3,35,4,3,1,0,830,819,141,12,55,74,49,4,19,1032,652,45,1,30,14,8,0,6,564,204,118,5,96,17,11,0,3,407,288,43,1,35,7,5,0,2,360,331,19,0,11,8,6,0,2,1347,988,74,3,56,15,11,2,2,501,437,96,3,79,14,6,1,7,654,286,26,1,23,2,0,0,2,31032,28426,4251,173,2674,1404,1030,59,305
2020-04-04,1031,594,58,0,53,5,2,0,3,1040,2272,359,22,173,164,125,1,34,716,391,80,3,68,9,5,0,4,100,102,10,0,4,6,4,0,2,1527,932,169,12,139,18,11,1,6,184,441,7,0,4,3,3,0,0,299,493,30,0,24,6,4,1,1,530,442,79,7,24,48,30,2,16,4997,3112,1492,56,756,680,540,26,114,525,326,18,4,10,4,2,1,1,1565,1901,130,0,114,16,8,3,5,361,230,41,3,29,9,3,2,4,712,589,45,4,28,13,10,0,3,2743,2927,146,6,119,21,14,1,6,1888,1954,495,21,310,164,121,4,39,1023,265,44,4,25,15,13,0,2,358,489,32,4,23,5,3,1,1,283,583,16,1,12,3,2,0,1,1807,3660,115,3,103,9,5,1,3,503,207,37,2,29,6,5,0,1,870,513,237,10,170,57,33,2,20,907,1144,50,2,40,8,5,0,3,613,457,171,11,90,70,46,6,18,1468,858,45,3,37,5,3,1,1,880,839,154,17,58,79,54,5,18,1047,661,52,2,33,17,11,0,5,582,217,121,6,97,18,11,0,3,417,298,46,2,36,8,6,0,2,364,332,21,0,13,8,6,0,2,1361,1000,76,3,57,16,11,3,2,524,438,98,3,81,14,6,1,7,667,286,27,2,23,2,1,0,1,31892,28953,4501,213,2782,1506,1103,62,328
2020-04-05,1043,596,60,0,54,6,3,0,3,1049,2358,380,23,180,177,132,2,39,729,392,85,5,70,10,7,0,3,101,103,13,0,7,6,4,0,2,1603,958,173,14,140,19,12,1,6,187,455,7,0,4,3,3,0,0,304,504,31,0,25,6,4,1,1,537,456,96,9,25,62,40,2,20,5069,3189,1576,65,783,728,574,27,127,537,326,18,4,10,4,2,1,1,1582,1917,134,2,115,17,10,3,4,366,231,44,3,29,12,4,3,5,717,590,47,4,29,14,11,0,3,2825,2963,148,7,119,22,15,1,6,1936,2006,528,25,324,179,132,5,42,1036,266,46,4,27,15,13,0,2,362,492,35,4,24,7,3,1,3,286,584,18,1,13,4,3,0,1,1837,3716,116,4,104,8,5,1,2,509,208,39,2,29,8,5,1,2,895,516,248,13,174,61,38,2,19,913,1157,50,2,40,8,5,0,3,627,483,182,12,93,77,47,8,22,1487,867,47,3,39,5,3,1,1,895,849,169,17,59,93,62,7,20,1059,664,54,4,34,16,11,0,4,604,232,130,9,100,21,14,0,5,431,308,50,2,40,8,6,0,2,373,334,26,0,16,10,6,2,2,1372,1007,79,3,59,17,12,3,2,538,441,103,3,84,16,6,2,8,673,286,28,2,24,2,1,0,1,32482,29454,4760,246,2873,1641,1193,74,361
2020-04-06,1083,615,65,0,58,7,4,0,3,1080,2687,457,35,216,206,148,10,44,787,401,108,5,92,11,7,0,4,106,109,16,2,10,4,2,0,2,1734,1021,200,15,163,22,15,1,6,189,479,7,0,4,3,3,0,0,314,535,36,1,29,6,5,0,1,557,485,112,11,34,67,44,2,21,5336,3332,1763,81,866,816,644,30,142,558,336,19,4,10,5,3,1,1,1651,1951,145,2,125,18,11,3,4,377,242,52,5,33,14,4,3,6,730,595,49,4,29,16,12,0,4,2973,3045,152,7,123,22,15,1,6,2043,2107,596,30,364,202,147,6,49,1068,285,52,5,28,19,16,0,3,381,503,43,5,29,9,5,1,3,299,603,20,1,14,5,4,0,1,1935,3784,128,4,113,11,8,1,2,525,214,44,2,33,9,6,1,2,949,532,273,17,186,70,42,4,22,935,1194,54,2,41,11,7,0,4,643,559,217,16,113,88,52,12,24,1520,873,51,4,42,5,3,1,1,937,925,202,18,72,112,75,8,24,1087,692,67,5,43,19,14,0,4,634,256,138,11,105,22,13,1,6,457,330,60,3,49,8,5,1,2,388,341,34,0,22,12,6,2,4,1417,1040,86,3,64,19,14,3,2,565,464,116,4,95,17,7,2,8,683,296,29,2,25,2,1,0,1,33941,30831,5391,304,3230,1857,1342,94,406
2020-04-07,1118,625,67,0,60,7,4,0,3,1110,2934,501,40,233,228,167,11,45,821,407,132,5,116,11,7,0,4,111,120,16,2,10,4,2,0,2,1854,1069,209,19,170,20,13,1,6,192,502,7,0,4,3,3,0,0,323,577,38,1,29,8,7,0,1,572,514,126,20,38,68,44,3,21,5724,3494,1940,93,956,891,698,33,160,576,342,19,4,10,5,3,1,1,1721,1966,151,3,130,18,12,3,3,390,263,63,5,41,17,6,4,6,746,615,51,4,31,16,12,0,4,3094,3133,158,8,128,22,15,1,6,2149,2206,653,39,392,222,161,6,55,1094,305,58,5,31,22,17,0,5,397,510,50,6,32,12,7,1,4,307,623,22,1,15,6,4,1,1,2047,3834,136,6,118,12,8,1,3,536,218,44,2,33,9,6,1,2,995,548,286,27,192,67,45,4,16,952,1218,59,2,44,13,9,0,4,660,605,241,18,122,101,56,14,31,1564,887,56,4,47,5,3,1,1,965,993,227,21,84,122,80,9,28,1116,711,82,6,53,23,18,0,4,667,296,151,11,111,29,15,2,7,492,345,67,3,54,10,6,1,3,408,342,41,0,28,13,7,2,4,1467,1070,97,3,70,24,17,3,4,596,488,129,6,104,19,9,2,8,695,305,29,2,25,2,1,0,1,35459,32065,5906,366,3511,2029,1462,105,443
2020-04-08,1149,633,68,0,61,7,4,0,3,1136,3193,564,47,264,253,188,11,49,866,417,156,6,138,12,7,0,5,117,124,16,2,10,4,2,0,2,1965,1115,228,19,186,23,15,1,7,198,519,7,0,4,3,3,0,0,339,643,43,1,32,10,9,0,1,592,544,142,26,43,73,52,4,17,6180,3650,2115,101,1046,968,754,34,180,590,347,20,4,10,6,4,1,1,1803,1995,160,3,136,21,14,3,4,404,279,69,5,46,18,6,4,7,761,622,53,6,31,16,12,0,4,3195,3210,168,9,133,26,18,2,6,2267,2273,723,45,430,248,183,6,59,1135,314,62,6,31,25,20,0,5,417,524,61,7,40,14,8,1,5,317,629,23,4,16,3,1,1,1,2144,3892,144,6,125,13,9,1,3,548,223,49,2,36,11,8,1,2,1054,558,312,28,214,70,45,4,17,965,1231,62,2,45,15,10,0,5,675,646,270,21,142,107,62,14,31,1623,897,58,4,49,5,3,1,1,1007,1065,257,27,93,137,90,11,31,1152,745,98,7,66,25,20,1,3,692,335,170,12,125,33,17,4,7,539,360,70,3,57,10,6,1,3,425,344,47,1,33,13,7,2,4,1521,1101,102,3,72,27,19,3,5,627,512,139,6,113,20,10,2,8,717,316,31,2,25,4,1,0,3,37120,33256,6487,415,3852,2220,1607,113,479
2020-04-09,1152,634,68,0,61,7,4,0,3,1162,3316,624,54,279,291,219,11,56,907,418,178,6,158,14,8,0,6,118,126,18,2,12,4,2,0,2,2035,1137,235,20,190,25,16,1,8,199,533,7,0,4,3,3,0,0,343,683,46,2,34,10,10,0,0,610,560,158,31,49,78,58,4,16,6509,3744,2302,119,1141,1042,812,35,195,595,349,20,4,10,6,4,1,1,1865,2010,162,4,136,22,16,3,3,415,282,76,6,49,21,9,4,7,772,626,53,6,31,16,12,0,4,3273,3241,172,9,137,26,18,2,6,2321,2348,776,51,446,279,205,7,67,1179,319,71,7,38,26,22,0,4,430,525,68,7,45,16,8,1,7,326,629,26,5,19,2,1,0,1,2378,3928,146,6,126,14,10,1,3,554,228,50,3,37,10,8,0,2,1080,573,329,30,225,74,47,4,19,970,1239,65,2,46,17,12,0,5,689,675,281,27,148,106,63,15,28,1655,906,62,4,53,5,3,1,1,1027,1101,270,35,98,137,95,10,26,1168,756,106,8,69,29,22,1,5,702,349,182,13,131,38,22,4,6,556,370,75,3,61,11,7,1,3,451,348,48,1,34,13,7,2,4,1545,1135,114,4,80,30,19,4,7,645,520,150,6,120,24,12,2,10,722,319,32,2,25,5,2,0,3,38353,33927,6970,477,4092,2401,1756,114,508
2020-04-10,1166,634,71,1,64,6,4,0,2,1197,3509,682,65,299,318,239,12,62,925,422,187,6,163,18,10,0,8,121,128,20,3,12,5,3,0,2,2142,1154,251,21,201,29,20,1,8,200,541,7,0,4,3,3,0,0,350,699,49,2,35,12,11,0,1,623,571,174,34,52,88,64,5,19,6873,3842,2512,148,1250,1114,871,36,207,602,350,20,4,10,6,4,1,1,1919,2018,166,5,138,23,18,2,3,429,289,80,6,52,22,9,4,8,776,629,61,6,33,22,16,0,6,3353,3267,180,10,143,27,19,2,6,2387,2433,848,57,471,320,239,7,74,1207,321,73,8,38,27,22,1,4,439,532,72,8,46,18,10,1,7,330,630,26,5,19,2,1,0,1,2723,3956,169,6,145,18,13,2,3,561,237,53,3,39,11,9,0,2,1095,585,339,35,224,80,49,5,22,987,1255,67,2,47,18,13,0,5,702,711,304,29,160,115,70,15,30,1679,914,63,4,54,5,3,1,1,1053,1135,304,46,109,149,108,12,24,1190,778,114,8,74,32,23,1,7,711,369,198,14,134,50,32,4,8,595,375,86,3,71,12,7,1,4,470,349,55,1,37,17,9,3,5,1568,1154,124,4,87,33,21,5,7,665,524,155,9,122,24,11,2,11,728,319,32,2,25,5,2,0,3,39766,34630,7542,555,4358,2629,1933,123,551
2020-04-11,1188,637,72,1,64,7,4,0,3,1212,3641,717,79,311,327,246,12,65,944,425,194,7,167,20,11,0,9,126,132,38,3,28,7,4,1,2,2193,1162,261,22,210,29,20,1,8,206,555,7,0,4,3,3,0,0,356,717,49,3,35,11,10,0,1,641,606,194,36,58,100,68,7,25,7005,3943,2672,172,1327,1173,916,38,219,602,350,20,4,10,6,4,1,1,1971,2025,173,5,143,25,20,2,3,438,296,85,6,55,24,10,5,8,777,630,64,7,33,24,19,0,5,3433,3303,185,11,147,27,20,1,6,2451,2501,905,72,488,345,259,7,79,1221,325,75,9,39,27,23,1,3,451,538,74,8,46,20,11,1,8,332,630,29,5,21,3,2,0,1,3001,3987,177,6,150,21,16,2,3,575,240,56,5,40,11,9,0,2,1105,607,351,39,231,81,50,5,22,1001,1259,70,3,49,18,14,0,4,712,742,324,31,167,126,77,15,34,1709,925,66,4,56,6,4,1,1,1073,1154,330,55,114,161,116,15,25,1203,791,120,9,77,34,25,1,6,721,376,212,15,140,57,38,5,8,607,380,91,3,75,13,7,1,5,478,352,64,1,46,17,9,3,5,1593,1168,134,4,89,41,27,6,8,683,535,163,9,127,27,12,2,13,732,319,34,2,27,5,2,0,3,40740,35251,8006,636,4574,2796,2056,133,585
2020-04-12,1201,639,74,1,65,8,5,0,3,1223,3725,769,99,325,345,262,13,66,956,431,200,8,168,24,14,0,10,149,138,43,3,33,7,4,1,2,2220,1170,269,22,217,30,21,1,8,208,563,9,0,4,5,5,0,0,361,736,49,3,35,11,10,0,1,656,620,211,43,61,107,75,8,24,7122,4021,2831,187,1388,1256,973,40,243,605,350,20,4,10,6,4,1,1,1988,2039,175,5,144,26,20,2,4,448,297,97,7,61,29,14,6,8,780,631,69,7,37,25,20,0,5,3485,3338,190,11,150,29,21,1,7,2498,2573,964,88,497,379,287,7,85,1239,333,79,9,39,31,26,1,4,459,543,78,8,47,23,13,2,8,336,633,33,6,22,5,4,0,1,3221,4021,192,6,164,22,17,2,3,580,244,58,5,41,12,10,0,2,1127,612,358,41,232,85,51,5,25,1011,1269,71,3,50,18,14,0,4,719,767,347,37,178,132,85,15,32,1734,932,66,4,56,6,4,1,1,1081,1167,353,62,120,171,124,15,27,1209,800,126,12,80,34,27,1,5,729,388,240,17,158,65,45,5,8,629,389,100,3,79,18,10,2,6,485,355,66,4,47,15,8,3,4,1607,1177,143,7,93,43,27,7,9,698,539,170,9,131,30,12,2,16,734,320,35,2,27,6,2,0,4,41498,35760,8485,723,4759,3003,2214,141,626
2020-04-13,1245,652,81,2,72,7,5,0,2,1255,4149,856,113,367,376,286,13,73,999,439,215,10,181,24,14,0,10,167,154,48,3,35,10,6,1,3,2322,1225,284,23,231,30,20,1,9,212,589,9,1,4,4,4,0,0,374,753,55,4,40,11,10,0,1,689,657,245,49,75,121,83,11,27,7601,4205,3183,212,1589,1382,1059,45,277,617,358,20,4,10,6,4,1,1,2048,2067,178,5,145,28,21,2,5,470,304,114,8,73,33,15,6,11,791,641,74,7,40,27,21,0,6,3597,3420,201,11,158,32,23,2,7,2636,2722,1095,103,567,425,326,8,91,1292,348,92,13,49,30,25,1,4,480,549,86,11,50,25,14,2,9,344,654,35,6,23,6,5,0,1,3405,4098,212,7,182,23,17,2,4,598,250,62,5,44,13,11,0,2,1195,637,383,45,240,98,62,5,28,1033,1304,80,3,58,19,15,0,4,742,813,370,43,192,135,88,15,32,1789,943,67,4,57,6,4,1,1,1142,1239,405,70,148,187,132,16,33,1244,840,145,13,96,36,26,1,7,746,429,270,22,176,72,52,6,8,697,414,115,3,91,21,13,2,6,534,358,75,4,52,19,11,4,4,1663,1210,157,8,100,49,31,7,11,744,574,191,10,150,31,12,2,17,748,324,35,2,27,6,2,0,4,43419,37319,9438,824,5322,3292,2417,154,698
2020-04-14,1286,667,84,2,75,7,5,0,2,1297,4442,975,133,427,415,317,15,79,1031,453,232,10,196,26,14,0,12,177,161,54,4,41,9,6,0,3,2434,1248,301,28,241,32,22,2,8,215,605,9,1,4,4,4,0,0,394,785,60,4,42,14,11,0,3,709,701,269,56,85,128,91,12,25,8137,4350,3534,247,1800,1487,1136,47,303,635,363,20,4,10,6,4,1,1,2123,2095,181,7,146,28,22,2,4,487,314,122,9,78,35,17,6,11,809,649,79,9,41,29,24,0,5,3694,3488,205,11,158,36,27,2,7,2772,2822,1211,117,619,475,365,9,101,1337,369,108,15,62,31,25,1,5,508,567,99,12,58,29,18,2,9,353,661,37,6,24,7,6,0,1,3704,4149,231,7,198,26,19,2,5,609,263,66,6,46,14,12,0,2,1247,680,401,51,246,104,68,5,28,1050,1329,89,4,63,22,17,0,5,754,851,386,46,201,139,90,15,34,1844,944,68,4,57,7,4,1,2,1183,1279,452,75,170,207,151,17,32,1269,867,150,14,101,35,25,1,7,779,462,317,27,200,90,64,9,11,760,428,135,4,105,26,17,2,7,582,361,82,6,58,18,11,3,4,1723,1245,168,9,107,52,31,7,14,782,592,213,10,168,35,13,3,19,762,333,36,2,28,6,2,0,4,45446,38523,10374,940,5855,3579,2638,164,753
2020-04-15,1350,676,96,2,84,10,8,0,2,1336,4745,1083,156,485,442,343,14,81,1068,459,237,10,201,26,14,0,12,184,178,60,4,44,12,7,1,4,2518,1281,319,29,254,36,25,2,9,224,619,10,1,5,4,4,0,0,408,819,65,4,45,16,13,0,3,739,742,299,67,97,135,100,13,22,8614,4490,3854,281,1973,1600,1220,50,329,650,370,23,4,11,8,6,1,1,2237,2119,195,8,156,31,22,3,6,510,322,127,12,82,33,16,5,11,817,657,84,12,44,28,24,0,4,3805,3546,217,11,169,37,27,2,7,2894,2925,1366,131,691,544,422,10,112,1386,383,117,15,68,34,27,2,5,528,587,107,15,62,30,18,3,9,363,670,39,6,25,8,7,0,1,3970,4190,247,7,213,27,20,2,5,617,273,72,6,51,15,13,0,2,1287,702,429,55,262,112,76,6,28,1068,1348,92,5,66,21,17,0,4,771,894,406,47,214,145,93,17,35,1876,950,70,4,59,7,4,1,2,1229,1355,504,81,198,225,168,19,29,1306,890,166,16,112,38,29,1,6,801,506,354,30,227,97,68,11,12,827,444,152,5,120,27,18,2,7,600,364,87,6,63,18,11,3,4,1776,1278,198,9,124,65,38,8,19,811,619,242,13,188,41,16,4,21,775,346,42,2,32,8,2,1,5,47345,39747,11359,1054,6425,3880,2876,181,797
2020-04-16,1382,686,103,2,88,13,10,0,3,1379,5065,1179,174,533,472,366,14,87,1091,469,246,11,207,28,15,0,13,192,187,68,4,49,15,9,2,4,2654,1335,325,33,259,33,23,2,8,227,634,12,2,5,5,4,0,1,417,844,68,4,48,16,13,0,3,767,791,338,74,113,151,109,17,25,9071,4648,4202,318,2164,1720,1311,53,356,667,372,25,4,11,10,7,1,2,2336,2143,207,8,168,31,22,3,6,533,333,139,13,85,41,22,5,13,823,666,89,12,45,32,26,0,6,3912,3612,228,12,176,40,29,2,8,3001,3033,1508,146,761,601,464,10,127,1471,387,125,17,71,37,30,2,5,544,598,116,15,69,32,20,3,9,373,675,42,6,26,10,9,0,1,4190,4229,259,8,224,27,20,2,5,623,291,77,6,55,16,14,0,2,1316,718,452,60,273,119,82,7,27,1085,1372,101,5,72,24,19,0,5,786,929,436,51,220,165,103,19,43,1905,959,72,4,61,7,4,1,2,1264,1418,546,86,215,245,185,20,31,1343,913,183,16,126,41,30,1,8,834,542,398,33,251,114,78,16,15,893,459,179,5,142,32,22,2,8,612,366,95,6,67,22,13,4,5,1811,1315,236,10,145,81,50,10,21,836,632,256,14,197,45,20,4,21,784,354,45,2,35,8,2,1,5,49122,40975,12355,1161,6961,4233,3131,201,875
2020-04-17,1403,697,120,3,103,14,11,0,3,1421,5358,1293,204,595,494,388,13,88,1108,472,252,12,213,27,14,0,13,197,200,72,5,51,16,11,2,3,2761,1378,338,34,269,35,25,2,8,230,653,15,2,7,6,5,0,1,431,869,77,4,56,17,13,0,4,785,835,371,88,122,161,116,17,28,9664,4839,4604,352,2429,1823,1389,59,373,679,381,25,4,11,10,7,1,2,2491,2166,237,11,195,31,23,2,6,554,341,152,14,93,45,24,5,15,836,676,99,12,54,33,26,0,7,4051,3653,243,13,186,44,33,2,8,3088,3139,1647,166,822,659,513,10,136,1576,391,141,17,82,42,33,2,7,560,611,129,18,75,36,23,4,9,379,682,45,7,28,10,9,0,1,4346,4271,267,8,229,30,22,2,6,637,308,85,7,60,18,14,1,3,1355,740,482,64,291,127,87,7,30,1096,1392,106,5,74,27,21,0,6,794,980,468,55,236,177,110,21,46,1943,964,80,5,68,7,4,1,2,1304,1471,592,92,239,261,196,20,33,1386,945,197,17,138,42,30,2,7,885,579,455,43,283,129,90,16,15,962,468,216,6,173,37,26,2,9,643,367,101,7,70,24,14,4,6,1863,1352,272,11,171,90,54,11,25,876,645,272,15,206,51,25,4,22,791,375,47,2,35,10,4,1,5,51095,42198,13500,1303,7664,4533,3360,211,927
2020-04-18,1426,700,134,3,114,17,12,0,5,1435,5498,1350,224,608,518,406,12,96,1120,472,255,13,216,26,13,0,13,205,216,85,6,62,17,12,2,3,2796,1391,346,34,272,40,26,2,12,231,667,16,2,7,7,5,0,2,442,887,81,4,57,20,16,0,4,800,858,406,100,129,177,129,21,27,9807,5016,4881,388,2550,1943,1477,62,402,684,382,27,4,13,10,7,1,2,2553,2174,247,11,204,32,23,2,7,563,344,159,16,94,49,28,5,15,848,677,105,14,56,35,27,0,8,4115,3683,251,13,191,47,34,3,9,3163,3230,1763,194,843,726,561,11,154,1603,395,149,18,85,46,34,3,8,567,615,137,18,77,42,26,4,12,390,683,47,7,29,11,10,0,1,4399,4315,273,8,233,32,24,2,6,643,308,91,7,63,21,16,2,3,1375,754,508,73,298,137,97,8,29,1104,1400,108,5,75,28,21,0,7,808,1014,513,61,246,206,131,22,53,1972,967,81,6,69,6,4,1,1,1321,1501,627,98,251,278,206,22,37,1417,955,208,18,143,47,32,2,9,907,594,504,52,312,140,100,15,15,1033,475,231,6,188,37,26,2,9,658,369,105,7,72,26,15,5,6,1884,1369,292,13,178,101,61,13,27,902,655,281,15,212,54,27,4,23,816,387,54,2,40,12,5,1,6,51987,42951,14315,1440,7987,4888,3611,227,1011
2020-04-19,1458,706,137,4,117,16,11,0,5,1448,5616,1416,257,613,546,428,11,103,1128,472,264,13,222,29,13,1,15,210,225,88,8,64,16,11,2,3,2811,1407,355,36,274,45,30,3,12,238,675,17,2,8,7,5,0,2,448,910,88,5,62,21,17,0,4,816,873,443,110,136,197,140,24,33,9960,5179,5153,442,2671,2040,1549,67,421,692,382,37,4,22,11,7,1,3,2588,2178,257,11,211,35,26,2,7,577,352,163,19,94,50,28,5,16,857,688,118,15,60,43,34,0,9,4149,3715,255,15,191,49,37,3,8,3233,3313,1901,217,875,809,637,10,162,1627,398,160,21,89,50,37,3,9,578,634,147,23,78,46,29,4,13,393,683,49,7,29,13,12,0,1,4457,4359,277,9,236,32,25,1,6,648,319,94,8,64,22,16,2,4,1393,768,528,81,303,144,101,7,32,1112,1405,109,5,75,29,21,0,8,816,1033,539,69,254,216,138,23,55,2002,971,82,6,70,6,4,1,1,1340,1537,660,102,261,297,221,22,40,1441,971,213,19,146,48,32,3,9,958,621,546,60,342,144,106,15,15,1067,483,242,6,198,38,27,2,9,661,369,115,9,75,31,17,5,9,1911,1376,310,19,186,105,64,13,28,946,660,291,16,218,57,30,4,23,826,388,55,3,40,12,5,1,6,52789,43666,15109,1621,8284,5204,3858,235,1071
2020-04-20,1543,717,154,4,131,19,12,0,7,1497,5953,1537,286,674,577,449,10,115,1148,477,271,14,226,31,16,1,14,233,248,102,8,74,20,14,2,4,2912,1451,364,40,281,43,30,3,10,246,705,18,2,9,7,5,0,2,466,948,99,5,70,24,18,0,6,858,937,501,130,161,210,150,25,35,10503,5426,5755,497,3049,2209,1681,69,456,711,386,41,4,24,13,7,1,5,2759,2196,271,11,224,36,26,2,8,605,371,180,22,105,53,29,7,16,874,693,135,16,65,54,41,0,13,4339,3775,266,16,199,51,37,3,10,3371,3447,2108,252,935,921,733,12,176,1692,408,188,25,110,53,41,3,9,600,649,181,29,92,60,43,5,12,408,700,50,9,30,11,10,0,1,4581,4424,289,10,242,37,30,1,6,660,332,99,9,65,25,19,1,5,1446,800,559,89,315,155,115,7,29,1128,1420,114,5,78,31,22,0,9,828,1119,584,79,275,230,155,25,50,2043,980,82,6,70,6,4,1,1,1375,1613,725,113,301,311,233,22,37,1496,993,222,21,155,46,31,3,9,992,672,618,68,395,155,115,15,17,1171,499,265,9,217,39,29,2,8,681,371,124,9,81,34,18,6,10,1988,1406,343,23,202,118,75,13,30,994,685,321,18,241,62,34,4,24,844,389,64,3,48,13,6,1,6,54992,45190,16630,1832,9144,5654,4228,244,1140
2020-04-21,1596,733,167,4,143,20,12,0,8,1555,6223,1656,311,724,621,487,12,119,1176,479,284,15,238,31,17,1,13,245,259,112,9,81,22,15,2,5,2988,1479,388,42,304,42,31,3,8,252,726,19,2,9,8,5,0,3,499,988,107,5,76,26,20,0,6,893,987,555,156,184,215,151,30,34,11045,5620,6320,565,3408,2347,1790,70,484,743,398,46,5,27,14,9,1,4,2958,2219,281,13,231,37,27,2,8,636,382,185,29,108,48,30,6,11,888,700,146,18,72,56,41,1,14,4485,3831,283,17,211,55,41,3,10,3491,3562,2339,288,1012,1039,815,12,212,1748,414,202,25,117,60,48,3,9,623,667,203,34,99,70,51,6,13,419,712,54,9,32,13,12,0,1,4648,4475,307,10,253,44,36,2,6,667,348,104,10,67,27,19,1,7,1476,816,586,93,325,168,126,7,31,1144,1427,116,6,79,31,22,0,9,842,1190,627,87,296,244,162,27,55,2092,984,86,6,74,6,4,1,1,1398,1640,772,120,327,325,244,22,36,1527,1020,238,24,163,51,37,3,7,1043,713,702,73,451,178,129,15,25,1221,505,285,9,233,43,32,3,8,703,378,134,11,85,38,21,7,10,2057,1443,388,26,224,138,88,15,35,1030,704,343,21,259,63,35,4,24,866,390,66,3,49,14,6,2,6,56954,46412,18101,2046,9961,6094,4563,261,1222
2020-04-22,1640,753,178,5,152,21,13,0,8,1599,6492,1761,344,761,656,522,12,119,1188,483,289,17,242,30,17,1,12,250,279,122,11,86,25,18,3,4,3071,1499,402,45,315,42,30,3,9,258,734,20,2,9,9,5,0,4,512,1018,118,7,82,29,23,0,6,925,1034,614,171,206,237,164,34,39,11567,5841,6864,622,3727,2515,1918,75,521,755,404,49,5,30,14,9,1,4,3175,2236,294,16,238,40,30,2,8,653,394,198,32,114,52,36,5,10,901,712,163,20,77,66,47,3,16,4686,3865,306,20,231,55,44,3,7,3619,3652,2541,321,1086,1134,895,13,226,1793,430,216,26,127,63,49,3,11,632,685,238,42,109,87,61,5,21,431,725,58,9,35,14,13,0,1,4696,4496,324,12,262,50,40,2,8,674,386,113,11,67,35,21,3,11,1503,837,615,101,333,181,139,7,31,1153,1433,124,6,83,35,25,0,10,853,1219,663,93,312,258,166,33,59,2132,990,89,6,77,6,4,1,1,1426,1670,830,128,362,340,254,21,38,1567,1042,260,28,181,51,36,3,8,1110,754,768,82,498,188,136,14,27,1305,518,314,9,258,47,34,3,10,723,379,142,14,90,38,22,7,9,2114,1478,418,32,239,147,92,16,39,1065,719,365,22,274,69,39,5,25,892,390,68,3,51,14,6,2,6,58868,47547,19524,2262,10714,6548,4908,280,1308
2020-04-23,1747,762,200,5,172,23,14,0,9,1638,6681,1885,378,831,676,536,12,124,1197,483,298,17,246,35,21,1,13,259,294,130,13,90,27,19,3,5,3140,1517,412,47,320,45,33,3,9,263,745,23,2,11,10,6,0,4,533,1077,133,8,95,30,25,0,5,966,1060,686,183,239,264,178,39,47,11995,6066,7383,695,4015,2673,2039,78,555,806,411,51,5,31,15,10,1,4,3406,2249,303,19,244,40,32,2,6,671,397,217,35,120,62,45,5,11,930,720,183,22,84,77,54,4,19,4969,3888,325,20,246,59,46,4,8,3748,3744,2751,362,1148,1241,984,13,244,1854,438,236,29,142,65,51,2,12,648,702,267,48,115,104,76,4,24,437,734,65,10,39,16,13,1,2,4759,4522,330,13,266,51,39,2,10,684,401,121,15,67,39,23,3,13,1542,864,646,104,343,199,155,7,34,1164,1446,134,6,88,40,28,0,12,861,1274,712,101,337,274,181,35,58,2198,993,94,7,81,6,5,1,0,1458,1697,898,135,399,364,271,21,42,1606,1059,270,29,188,53,36,3,8,1184,788,831,95,544,192,141,14,26,1392,526,348,12,291,45,33,3,9,748,381,154,15,96,43,23,8,12,2184,1491,470,35,269,166,104,18,44,1114,737,399,26,299,74,45,5,24,914,392,75,4,56,15,6,2,7,61015,48539,21030,2495,11512,7023,5272,294,1400
2020-04-24,1824,776,211,5,183,23,14,0,9,1674,6943,1989,411,871,707,569,12,121,1208,496,311,18,256,37,23,1,13,287,309,142,15,98,29,23,3,3,3253,1528,428,49,334,45,33,3,9,265,749,26,2,13,11,7,0,4,553,1115,146,8,103,35,29,0,6,1008,1083,753,210,267,276,191,43,42,12557,6267,8080,777,4476,2827,2154,85,587,828,417,53,6,32,15,11,1,3,3605,2254,317,20,255,42,33,2,7,682,398,242,36,131,75,57,6,11,945,738,203,24,86,93,67,5,21,5264,3908,358,23,274,61,48,4,8,3937,3881,2988,413,1239,1336,1056,15,264,1915,439,262,31,160,71,55,2,14,662,727,302,52,125,125,89,5,31,454,749,68,10,41,17,14,1,2,4832,4544,337,14,271,52,40,3,9,705,416,139,16,75,48,28,3,17,1590,885,691,112,359,220,174,10,32,1178,1459,146,6,97,43,31,0,12,879,1353,737,116,348,273,184,37,52,2260,995,100,7,86,7,5,1,1,1510,1734,970,141,442,387,287,23,44,1645,1073,290,30,205,55,37,3,8,1260,809,896,103,583,210,152,16,30,1490,530,376,13,315,48,36,3,9,771,382,169,16,103,50,27,10,13,2241,1512,519,42,292,185,118,21,46,1158,753,435,28,330,77,47,5,25,936,395,80,4,60,16,6,2,8,63376,49617,22764,2758,12510,7496,5645,325,1461
2020-04-25,1830,784,213,5,185,23,14,0,9,1694,7055,2060,445,880,735,594,12,123,1215,496,316,19,258,39,25,1,13,297,329,156,17,110,29,23,3,3,3291,1538,434,51,339,44,33,3,8,265,750,27,2,13,12,7,0,5,572,1135,156,8,110,38,30,0,8,1035,1092,804,227,285,292,204,45,43,12776,6420,8474,868,4634,2972,2262,88,621,837,417,58,6,35,17,13,1,3,3707,2259,327,23,259,45,36,2,7,690,400,255,40,135,80,61,7,11,953,739,225,30,91,104,77,7,20,5389,3915,368,25,280,63,51,4,7,4035,3955,3154,470,1281,1403,1114,15,273,1969,439,291,35,186,70,55,2,12,671,733,317,59,128,130,93,5,32,474,754,71,10,42,19,16,1,2,4940,4553,342,15,273,54,42,3,9,717,419,146,16,77,53,31,3,19,1621,892,735,118,380,237,188,11,32,1184,1466,147,7,97,43,32,0,11,893,1393,769,126,356,287,201,35,51,2282,995,108,7,90,11,9,1,1,1528,1762,1025,154,468,403,293,26,52,1665,1079,298,31,211,56,38,3,9,1296,817,939,114,600,225,168,16,31,1536,531,418,16,349,53,40,3,10,798,382,190,18,113,59,34,12,13,2275,1530,564,52,305,207,135,21,51,1180,764,458,30,350,78,49,5,24,948,395,83,4,61,18,7,2,9,64563,50188,23928,3048,12981,7899,5975,337,1522
2020-04-26,1849,785,220,5,189,26,15,0,11,1706,7136,2136,472,891,773,622,13,133,1234,496,322,21,263,38,25,1,12,305,358,169,18,113,38,28,4,6,3328,1546,439,53,341,45,33,3,9,269,754,27,3,13,11,7,0,4,586,1159,167,8,115,44,34,2,8,1052,1107,843,247,297,299,204,47,48,12983,6603,8840,966,4785,3089,2362,88,636,845,422,65,7,41,17,13,1,3,3745,2264,335,26,261,48,37,2,9,705,403,271,41,137,93,71,8,13,957,741,244,38,97,109,82,7,20,5481,3921,376,25,283,68,55,4,8,4091,4017,3343,539,1300,1504,1195,16,292,1989,444,312,39,203,70,55,2,12,680,746,352,66,128,158,119,4,35,491,756,78,12,44,22,19,1,2,5026,4565,349,16,276,57,45,3,9,721,421,157,18,82,57,33,4,20,1640,901,761,126,384,251,198,14,33,1189,1470,150,10,97,43,35,0,8,898,1428,800,137,370,293,208,35,50,2312,995,110,7,90,13,10,1,2,1554,1783,1066,164,478,424,309,28,55,1687,1083,316,31,224,61,40,3,11,1320,832,983,124,624,235,176,16,34,1584,532,452,17,380,55,42,3,10,808,383,203,20,115,68,37,18,13,2295,1534,595,63,312,220,147,20,53,1190,772,478,33,360,85,53,5,27,985,398,86,5,63,18,8,2,8,65505,50755,25045,3357,13356,8332,6317,355,1594
2020-04-27,1940,788,240,6,203,31,18,1,12,1760,7320,2257,516,950,791,636,12,138,1247,502,332,21,272,39,26,1,12,317,395,182,19,125,38,29,4,5,3418,1554,464,53,363,48,35,3,10,274,756,29,3,13,13,8,0,5,600,1186,187,9,128,50,41,2,7,1111,1124,917,264,327,326,224,51,51,13622,6837,9526,1056,5213,3257,2503,92,659,857,425,70,7,44,19,14,1,4,3938,2277,360,26,282,52,39,2,11,729,403,296,48,151,97,74,8,14,973,755,271,40,109,122,90,7,25,5659,3949,399,26,298,75,60,5,9,4229,4135,3642,590,1399,1653,1305,18,329,2047,447,344,40,221,83,64,4,14,693,776,402,73,144,185,142,4,39,520,760,88,13,51,24,21,1,2,5203,4588,369,18,291,60,49,3,8,742,438,167,20,87,60,33,4,23,1701,925,800,134,398,268,207,13,38,1212,1477,153,11,98,44,36,0,8,914,1472,845,151,391,303,222,33,48,2366,997,125,7,102,16,13,1,2,1603,1818,1155,174,521,460,330,28,59,1730,1101,353,35,247,71,48,3,12,1388,870,1043,130,668,245,183,16,36,1723,537,481,19,408,54,42,3,9,845,386,217,24,125,68,36,19,13,2354,1547,661,70,350,241,161,22,58,1286,780,523,34,395,94,59,6,29,1025,398,89,6,65,18,9,1,8,68026,51723,26987,3643,14439,8905,6757,368,1697
2020-04-28,2013,805,272,7,234,31,18,1,12,1807,7505,2372,560,998,814,658,12,139,1266,505,336,22,276,38,26,1,11,327,418,191,19,129,43,33,4,6,3499,1560,485,55,382,48,37,3,8,278,762,29,3,13,13,8,0,5,621,1211,196,10,135,51,42,2,7,1160,1148,987,284,368,335,226,51,58,14359,7035,10280,1149,5675,3456,2670,93,691,881,436,72,8,46,18,13,1,4,4251,2290,378,26,293,59,44,2,13,762,412,323,53,171,99,77,8,13,992,763,299,46,122,131,96,7,28,5791,3963,412,28,307,77,62,5,9,4402,4245,3925,668,1494,1763,1393,18,351,2116,448,375,44,242,89,71,4,13,705,798,432,83,155,194,148,4,42,533,774,103,13,63,27,24,1,2,5381,4603,396,20,313,63,50,5,8,762,450,185,20,96,69,40,4,25,1749,938,845,148,420,277,214,12,42,1230,1483,166,11,107,48,37,0,11,928,1501,888,161,405,322,237,39,46,2422,1001,144,7,116,21,17,2,2,1661,1846,1207,183,548,476,341,29,60,1772,1114,380,37,271,72,47,3,13,1422,906,1102,139,706,257,190,17,39,1849,538,523,20,443,60,46,4,10,895,390,239,28,137,74,39,24,11,2401,1561,735,73,384,278,184,30,64,1341,795,572,37,431,104,67,6,31,1050,399,99,7,72,20,12,1,7,70626,52603,28948,3969,15552,9427,7167,393,1781
2020-04-29,2120,820,291,7,252,32,19,1,12,1863,7623,2491,607,1051,833,685,11,132,1288,506,340,23,278,39,28,1,10,334,446,205,22,138,45,33,4,8,3616,1568,499,55,395,49,37,3,9,290,766,29,3,13,13,8,0,5,633,1242,214,11,146,57,46,3,8,1203,1172,1065,305,402,358,231,62,65,15182,7214,11056,1289,6128,3639,2856,95,686,914,439,81,8,51,22,16,1,5,4581,2296,392,28,305,59,46,2,11,788,413,354,57,190,107,78,10,18,1002,775,328,49,137,142,104,7,31,5984,3975,434,30,323,81,64,6,10,4611,4351,4202,741,1571,1890,1507,20,362,2191,452,397,49,259,89,72,4,11,723,826,483,94,169,220,169,4,47,550,782,109,13,69,27,24,1,2,5587,4616,419,22,334,63,50,5,8,779,460,197,21,100,76,45,4,27,1796,950,899,159,432,308,235,16,46,1241,1491,179,12,114,53,40,0,13,946,1516,928,173,430,325,242,38,45,2476,1004,153,8,122,23,18,2,3,1691,1862,1265,194,590,481,343,29,60,1819,1125,407,38,293,76,50,3,13,1500,953,1150,150,727,273,199,19,41,1973,538,559,20,473,66,50,4,12,909,393,250,33,142,75,40,23,12,2462,1581,810,86,431,293,198,32,63,1442,807,603,40,452,111,71,7,33,1067,399,107,8,77,22,13,1,8,73561,53361,30896,4355,16594,9947,7617,418,1816
2020-04-30,2243,826,318,8,276,34,21,1,12,1930,7718,2586,641,1105,840,690,12,133,1309,508,353,23,290,40,28,1,11,345,472,217,23,146,48,33,4,11,3761,1570,518,55,412,51,39,3,9,295,766,32,3,13,16,9,0,7,646,1267,227,12,155,60,48,3,9,1250,1181,1149,325,449,375,245,65,65,16193,7360,11786,1420,6575,3791,2979,98,712,958,444,83,8,52,23,16,1,6,4939,2302,408,31,316,61,47,2,12,820,414,371,60,196,115,83,10,21,1023,779,359,55,152,152,113,7,31,6140,3989,461,33,336,92,73,6,12,4914,4461,4425,811,1653,1961,1579,20,361,2284,452,424,55,274,95,79,4,11,746,841,526,102,191,233,179,4,50,565,791,121,13,77,31,27,1,3,5728,4628,447,23,357,67,52,5,10,796,466,208,24,107,77,45,4,28,1850,965,952,170,444,338,258,19,49,1257,1502,186,13,119,54,41,1,12,963,1524,962,183,452,327,247,34,46,2539,1010,162,9,128,25,19,2,4,1787,1873,1324,208,627,489,351,29,61,1885,1134,447,39,322,86,56,4,16,1558,968,1233,160,772,301,219,18,44,2120,540,578,23,487,68,51,3,14,950,393,264,36,145,83,42,25,16,2509,1595,877,92,456,329,221,36,72,1503,811,664,42,506,116,76,7,33,1076,409,112,9,81,22,13,1,8,76882,53959,32780,4709,17671,10400,7979,430,1889
2020-05-01,2262,828,322,8,279,35,22,1,12,1966,7750,2688,673,1140,875,724,12,133,1321,509,355,23,290,42,29,1,12,354,483,226,26,151,49,34,4,11,3855,1573,532,55,423,54,41,3,10,297,766,32,3,13,16,9,0,7,666,1282,245,13,166,66,52,4,10,1287,1193,1222,356,483,383,250,69,64,16542,7505,12336,1551,6846,3939,3089,100,747,967,444,89,9,55,25,17,1,7,5095,2305,422,34,323,65,52,2,11,842,415,385,61,203,121,83,11,26,1035,784,387,64,159,164,122,7,34,6236,3996,476,34,344,98,78,7,13,5156,4545,4635,899,1698,2038,1644,20,373,2320,452,447,58,289,100,80,5,14,757,862,561,121,206,234,183,4,47,577,794,129,13,81,35,28,2,5,5856,4634,474,24,377,73,56,5,12,804,471,222,25,116,81,47,4,30,1876,973,993,184,456,353,274,20,47,1269,1505,195,14,123,58,42,2,14,971,1532,994,197,460,337,258,33,46,2583,1010,176,9,140,27,21,2,4,1855,1878,1384,226,652,506,357,29,70,1920,1138,484,41,350,93,62,4,17,1590,985,1289,179,797,313,229,18,50,2205,541,610,25,513,72,54,3,15,960,393,274,38,148,88,45,27,16,2548,1611,943,100,478,365,252,36,77,1534,813,689,44,521,124,85,7,32,1093,414,119,10,87,22,13,1,8,78599,54384,34335,5117,18367,10851,8332,444,1974
2020-05-02,2280,828,325,9,281,35,22,1,12,1982,7818,2778,711,1152,915,751,13,144,1323,510,362,23,295,44,31,1,12,362,503,240,30,163,47,33,4,10,3892,1573,539,56,427,56,44,3,9,303,768,32,4,13,15,9,0,6,674,1303,255,17,169,69,54,4,11,1326,1200,1286,376,506,404,260,75,69,16825,7625,12795,1653,7100,4042,3170,101,769,1044,444,94,11,58,25,18,1,6,5168,2307,431,36,327,68,56,2,10,882,416,424,69,230,125,90,10,24,1043,791,409,66,164,179,132,8,38,6302,4005,503,38,357,108,84,9,15,5436,4633,4849,971,1750,2128,1722,27,378,2353,454,462,59,297,106,84,5,16,759,866,589,137,213,239,189,4,46,591,801,144,14,94,36,28,2,6,5955,4634,494,27,394,73,56,5,12,822,472,233,26,123,84,50,4,30,1899,985,1038,193,469,376,290,20,54,1278,1507,211,15,127,69,46,3,20,975,1542,1067,202,512,353,266,32,55,2610,1010,189,9,151,29,23,2,4,1904,1886,1434,234,680,520,371,30,70,1968,1148,517,44,373,100,67,4,17,1620,992,1341,195,818,328,242,18,51,2265,542,641,29,539,73,55,3,15,988,393,291,41,155,95,52,29,14,2573,1626,1011,118,501,392,273,38,81,1554,820,718,49,540,129,90,7,32,1108,414,126,12,93,21,14,1,6,80064,54816,35828,5474,19071,11283,8672,466,2042
2020-05-03,2417,830,330,9,286,35,22,1,12,2009,7847,2872,738,1188,946,775,13,151,1328,510,367,24,298,45,33,1,11,370,534,263,31,178,54,39,4,11,3944,1575,544,58,430,56,45,3,8,311,769,34,4,13,17,10,0,7,684,1326,268,17,172,79,59,7,13,1346,1204,1323,394,520,409,262,76,71,17156,7733,13224,1774,7305,4145,3274,104,766,1069,444,101,12,64,25,19,1,5,5219,2315,443,39,332,72,59,3,10,915,418,453,73,243,137,101,11,24,1051,791,438,73,177,188,140,8,39,6344,4009,519,40,366,113,87,10,16,5690,4705,5084,1056,1830,2198,1784,29,384,2383,455,491,60,313,118,96,5,16,770,876,636,149,218,269,210,6,53,606,805,159,17,104,38,31,2,5,6061,4639,503,29,401,73,56,6,11,837,475,246,28,129,89,52,4,33,1929,989,1080,209,477,394,305,20,56,1284,1518,216,17,129,70,48,3,19,984,1549,1097,211,525,361,274,32,55,2648,1010,198,9,159,30,24,2,4,1925,1886,1469,244,691,534,383,31,69,1996,1156,544,45,390,109,73,6,18,1679,1004,1388,210,848,330,245,17,50,2312,545,666,30,556,80,60,4,16,997,394,299,42,157,100,57,29,14,2610,1641,1072,133,520,419,292,41,86,1598,828,750,52,561,137,97,7,33,1114,414,128,16,94,18,13,1,4,81586,55194,37205,5843,19674,11688,9025,487,2070
2020-05-04,2505,846,380,10,332,38,26,1,11,2057,7948,3016,780,1272,964,784,14,161,1351,516,373,24,304,45,33,1,11,388,568,298,31,208,59,44,4,11,4063,1575,570,62,453,55,45,4,6,318,770,35,6,13,16,10,0,6,733,1354,298,18,192,88,67,7,14,1417,1217,1399,419,560,420,273,76,71,18144,7910,14202,1913,7975,4314,3417,106,791,1098,445,105,12,67,26,19,1,6,5458,2317,477,42,359,76,64,3,9,959,423,503,79,277,147,109,12,25,1074,792,468,82,193,193,147,8,37,6519,4025,550,42,385,123,92,13,18,6167,4849,5461,1169,2035,2257,1834,30,392,2456,456,537,63,348,126,101,5,19,794,893,693,170,237,286,230,6,50,627,808,177,21,117,39,31,2,6,6288,4647,543,31,435,77,62,5,10,850,485,270,32,141,97,57,5,35,1992,1003,1130,223,501,406,318,20,54,1297,1529,228,19,137,72,49,3,20,1000,1561,1134,217,545,372,283,35,54,2705,1013,226,11,180,35,25,3,7,2028,1893,1551,259,750,542,388,34,67,2041,1164,612,47,440,125,85,6,20,1760,1027,1472,225,909,338,254,18,52,2395,550,710,31,595,84,61,5,17,1024,395,327,50,172,105,58,31,16,2660,1653,1167,147,567,453,318,44,91,1668,841,799,54,597,148,105,7,36,1151,420,136,17,99,20,14,2,4,84987,55893,39847,6306,21395,12146,9403,511,2127
2020-05-05,2583,850,393,10,343,40,28,1,11,2091,8038,3164,827,1340,997,814,14,165,1366,517,385,24,315,46,34,1,11,396,592,319,33,225,61,46,4,11,4199,1582,603,63,480,60,48,4,8,320,772,38,7,14,17,9,0,8,771,1403,324,21,206,97,76,8,13,1505,1229,1500,437,627,436,282,77,77,18906,8067,15005,2051,8458,4496,3576,105,815,1128,448,109,12,68,29,21,1,7,5686,2322,502,44,373,85,67,4,14,1024,433,539,85,297,157,117,13,26,1107,796,499,94,206,199,150,8,40,6615,4038,574,44,400,130,97,13,20,6570,4995,5732,1268,2157,2307,1882,31,393,2535,458,558,68,362,128,104,5,18,812,931,747,186,248,313,257,6,50,643,818,200,24,135,41,32,2,7,6515,4659,604,34,493,77,61,4,12,868,494,303,34,168,101,60,5,36,2038,1015,1169,236,510,423,333,20,54,1308,1531,240,20,145,75,50,3,22,1023,1573,1161,227,556,378,289,35,54,2746,1015,242,12,193,37,26,4,7,2121,1901,1610,283,781,546,388,35,68,2101,1170,676,47,493,136,91,6,24,1840,1048,1545,233,949,363,276,20,52,2505,552,744,32,623,89,65,6,17,1053,395,341,54,183,104,59,31,14,2699,1670,1271,165,617,489,347,47,95,1734,856,843,61,630,152,109,7,36,1174,424,141,18,104,19,14,2,3,87982,56592,42081,6754,22699,12628,9808,522,2188
2020-05-06,2656,859,411,13,359,39,29,1,9,2144,8131,3289,867,1402,1020,828,15,172,1391,518,395,26,322,47,37,1,9,411,608,345,34,239,72,52,4,16,4266,1586,638,66,511,61,50,4,7,334,777,39,7,15,17,9,0,8,793,1461,357,22,230,105,83,8,14,1589,1236,1584,452,681,451,294,81,76,19980,8226,15914,2200,9100,4614,3706,104,804,1162,449,114,12,71,31,22,1,8,5951,2324,533,47,392,94,73,4,17,1075,436,586,96,323,167,126,13,27,1127,800,540,103,223,214,163,8,42,6744,4049,600,49,421,130,97,13,20,7092,5151,5974,1336,2266,2372,1927,32,412,2624,461,595,68,383,144,116,7,19,855,950,805,200,267,338,278,6,54,670,826,214,24,149,41,32,2,7,6656,4665,632,36,512,84,64,5,15,878,499,328,39,182,107,66,7,34,2103,1036,1218,245,532,441,345,21,59,1318,1534,250,21,151,78,51,3,24,1043,1581,1203,237,577,389,295,37,57,2831,1018,279,13,224,42,31,4,7,2212,1912,1697,292,841,564,399,36,73,2150,1182,725,47,532,146,98,6,25,1914,1072,1642,250,1013,379,287,22,53,2596,562,793,35,661,97,70,8,18,1095,396,363,57,196,110,63,32,15,2752,1690,1382,189,660,533,377,55,101,1799,864,874,65,654,155,112,7,36,1187,424,151,18,111,22,15,4,3,91398,57283,44470,7166,24200,13104,10195,551,2241
2020-05-07,2811,868,435,16,375,44,33,1,10,2200,8231,3417,897,1469,1051,857,15,174,1414,520,406,26,332,48,38,1,9,421,631,364,36,255,73,52,4,17,4387,1592,663,67,533,63,50,5,8,342,781,41,7,15,19,10,0,9,814,1494,390,23,250,117,91,9,17,1664,1244,1668,478,735,455,303,80,72,20882,8366,16894,2333,9743,4818,3873,110,835,1184,453,124,12,79,33,23,1,9,6235,2329,570,52,426,92,74,4,14,1123,438,625,106,347,172,129,13,29,1158,804,578,112,240,226,171,11,43,6909,4055,649,51,460,138,104,13,21,7556,5277,6290,1411,2402,2477,1995,35,446,2695,461,630,70,410,150,121,8,19,884,967,851,212,284,355,295,6,54,699,827,230,26,160,44,34,3,7,6804,4670,657,37,534,86,64,5,17,895,503,353,44,192,117,70,8,39,2179,1069,1284,261,562,461,358,22,64,1330,1540,265,22,160,83,53,3,27,1080,1587,1244,245,597,402,305,38,59,2896,1020,292,14,237,41,31,4,6,2307,1916,1765,309,884,572,406,36,74,2219,1193,773,50,569,154,105,6,26,2006,1085,1746,260,1077,409,302,22,62,2714,564,842,40,701,101,75,8,17,1119,396,381,59,204,118,69,32,17,2795,1733,1505,207,719,579,412,58,108,1876,875,910,68,682,160,117,7,36,1223,450,159,18,117,24,17,4,3,94821,57939,47001,7569,25750,13682,10637,572,2348
2020-05-08,2840,876,447,17,384,46,35,1,10,2255,8313,3559,935,1544,1080,887,14,174,1444,520,415,28,337,50,41,1,8,430,650,387,38,273,76,55,4,17,4553,1604,683,69,547,67,52,5,10,348,785,43,7,16,20,11,0,9,844,1535,424,25,273,126,95,10,21,1718,1254,1741,494,771,476,314,83,79,21984,8518,17948,2473,10484,4991,4022,113,855,1230,455,135,14,89,32,23,1,8,6513,2335,615,58,459,98,78,5,15,1175,442,666,109,372,185,138,14,32,1195,807,609,121,251,237,183,11,42,7091,4061,673,51,476,146,110,14,22,8105,5404,6586,1505,2536,2545,2069,37,437,2782,463,674,75,444,155,126,8,19,912,988,904,227,313,364,307,6,51,719,839,236,27,164,45,36,3,6,6970,4675,690,38,556,96,71,5,20,909,515,375,49,205,121,77,8,36,2280,1084,1345,271,591,483,370,22,70,1348,1549,290,23,177,90,55,4,31,1098,1598,1272,250,614,408,311,38,59,2999,1022,319,15,261,43,32,4,7,2396,1922,1833,325,922,586,417,36,73,2323,1205,828,52,611,165,111,7,30,2112,1094,1829,285,1127,417,314,21,62,2803,565,874,45,721,108,81,8,18,1154,396,402,66,215,121,72,32,17,2856,1752,1614,229,764,621,451,60,109,1930,887,948,70,711,167,124,7,36,1255,461,167,18,123,26,18,5,3,98571,58574,49531,8009,27331,14191,11086,587,2386
2020-05-09,2879,878,447,17,384,46,35,1,10,2282,8375,3634,976,1572,1086,887,14,178,1459,520,421,28,342,51,42,1,8,455,663,402,41,282,79,59,4,16,4633,1605,693,70,555,68,53,5,10,352,787,46,7,16,23,13,0,10,866,1573,447,29,286,132,102,10,20,1760,1258,1803,518,799,486,316,89,81,22361,8639,18530,2605,10833,5092,4095,115,881,1238,455,138,16,88,34,25,2,7,6601,2337,643,62,484,97,78,5,14,1206,445,704,122,389,193,141,13,37,1209,809,636,127,259,250,191,11,47,7323,4070,701,54,491,156,119,14,23,8353,5496,6790,1585,2572,2633,2135,42,454,2819,464,717,79,481,157,126,7,22,921,991,935,242,318,375,319,6,50,726,840,243,27,166,50,39,4,7,7147,4677,718,41,569,108,80,6,22,928,518,390,53,215,122,80,8,34,2358,1092,1396,280,613,503,382,22,75,1357,1556,318,23,198,97,60,4,33,1114,1602,1293,259,624,410,309,38,63,3035,1022,331,16,271,44,33,4,7,2433,1927,1886,331,943,612,433,39,74,2378,1207,881,55,655,171,113,7,32,2185,1110,1883,299,1149,435,330,23,61,2854,566,904,49,743,112,83,9,19,1189,397,424,67,228,129,74,36,19,2886,1769,1695,259,787,649,475,63,110,1956,892,968,71,721,176,133,7,36,1273,461,171,19,124,28,20,4,4,100536,59001,51188,8427,28157,14604,11380,613,2464
2020-05-10,2922,878,452,18,385,49,37,1,11,2334,8399,3704,1010,1581,1113,908,14,184,1464,521,431,29,349,53,43,1,9,462,671,415,41,290,84,63,5,16,4655,1606,708,71,566,71,54,5,12,357,790,47,7,16,24,14,0,10,874,1624,467,36,292,139,105,11,23,1790,1263,1868,544,826,498,317,93,88,22601,8722,19060,2750,11044,5266,4229,118,918,1242,455,141,16,90,35,26,2,7,6648,2339,667,64,498,105,86,5,14,1226,445,740,132,400,208,153,17,36,1215,809,663,137,265,261,199,12,49,7414,4081,722,58,498,166,122,16,28,8566,5600,7008,1686,2616,2706,2229,42,433,2852,466,741,83,496,162,132,7,22,933,997,968,258,323,387,330,6,51,736,842,252,29,173,50,39,4,7,7326,4679,738,44,586,108,81,7,20,945,521,419,55,231,133,85,9,39,2385,1100,1435,286,625,524,393,25,80,1372,1559,338,26,207,105,61,5,39,1130,1606,1315,269,637,409,311,38,60,3066,1022,352,16,287,49,36,4,9,2461,1928,1929,340,955,634,445,44,77,2401,1209,914,59,677,178,116,7,37,2231,1134,1949,312,1177,460,353,23,61,2885,566,925,53,759,113,85,9,18,1207,397,442,68,235,139,77,39,23,2909,1774,1762,289,806,667,485,67,114,1997,903,994,78,738,178,134,7,37,1278,475,174,20,126,28,20,4,4,101884,59381,52740,8884,28754,15102,11768,647,2536
2020-05-11,3050,887,464,18,393,53,41,1,11,2418,8506,3836,1046,1654,1136,929,16,187,1487,522,437,30,354,53,43,1,9,480,693,447,45,314,88,68,6,14,4827,1612,740,74,594,72,55,6,11,362,792,49,8,17,24,15,0,9,908,1675,501,41,316,144,111,8,25,1863,1273,1952,563,878,511,317,101,93,23489,8891,20183,2887,11790,5506,4423,127,955,1276,456,147,16,94,37,27,2,8,6963,2355,712,67,532,113,93,6,14,1288,451,790,144,426,220,161,18,39,1245,812,713,146,282,285,219,13,52,7624,4096,775,60,536,179,130,17,32,9155,5739,7458,1775,2790,2893,2406,42,442,3007,467,811,86,554,171,139,6,25,972,1018,1038,275,355,408,345,6,57,750,852,271,30,183,58,42,6,10,7541,4685,781,47,616,118,86,7,25,977,531,474,61,256,157,104,10,43,2445,1111,1515,302,661,552,410,26,86,1387,1566,385,28,241,116,67,5,44,1153,1613,1364,275,663,426,322,40,64,3155,1024,382,17,314,51,37,4,10,2534,1940,2002,355,995,652,457,46,79,2515,1219,995,63,740,192,121,7,42,2326,1159,2064,327,1258,479,374,22,58,3009,570,966,57,792,117,90,9,17,1234,398,478,78,259,141,81,36,24,2983,1804,1904,317,885,702,514,69,118,2065,912,1039,84,770,185,140,7,38,1309,493,185,20,133,32,24,4,4,105797,60122,55858,9342,30645,15871,12391,674,2645
2020-05-12,3250,895,505,18,428,59,47,1,11,2510,8637,3964,1077,1723,1164,953,16,191,1516,522,452,30,366,56,46,1,9,493,722,477,47,332,98,75,7,16,5005,1617,771,74,620,77,60,6,11,371,795,56,8,22,26,17,0,9,928,1732,544,46,351,147,114,9,24,1936,1285,2027,581,921,525,324,106,95,24452,9067,21303,3048,12536,5719,4598,128,992,1312,459,158,16,100,42,30,2,10,7235,2361,766,68,577,121,98,6,17,1343,452,854,152,462,240,178,20,40,1263,818,768,160,310,298,230,13,54,7811,4121,816,64,564,188,132,20,36,9757,5884,7893,1872,3005,3016,2514,43,454,3128,483,868,88,604,176,142,6,26,1011,1037,1094,288,376,430,369,6,55,781,857,288,30,194,64,46,6,12,7802,4691,817,51,644,122,89,8,25,1007,544,537,66,304,167,111,11,45,2539,1127,1591,323,704,564,423,27,80,1416,1573,417,31,266,120,73,5,42,1179,1622,1401,289,689,423,326,40,57,3256,1025,405,19,335,51,37,4,10,2636,1950,2091,373,1047,671,474,46,80,2643,1231,1072,64,803,205,129,7,47,2419,1180,2153,342,1312,499,393,25,56,3140,576,1018,60,834,124,94,9,20,1272,399,515,87,278,150,85,39,26,3040,1828,2028,345,958,725,538,70,116,2121,930,1091,91,809,191,145,7,39,1328,535,188,21,135,32,24,4,4,109900,60955,58928,9829,32609,16490,12914,698,2709
2020-05-13,3311,898,520,20,438,62,50,1,11,2562,8744,4095,1117,1792,1186,976,16,190,1525,523,463,30,376,57,47,1,9,507,748,503,48,353,102,80,7,15,5170,1621,788,74,635,79,62,6,11,378,797,60,8,23,29,19,0,10,948,1779,615,51,403,161,123,9,29,2008,1301,2116,602,976,538,331,111,96,25457,9241,22526,3198,13425,5903,4753,135,1014,1343,462,168,17,103,48,33,2,13,7500,2371,806,71,613,122,99,6,17,1419,456,906,162,493,251,186,20,43,1290,827,812,171,328,313,248,12,52,8003,4147,846,66,582,198,138,20,40,10197,5999,8270,1981,3152,3137,2630,43,459,3255,486,970,93,687,190,153,6,29,1042,1053,1151,310,402,439,383,6,50,804,859,303,31,202,70,53,5,12,8096,4700,886,55,699,132,95,8,29,1045,552,606,72,351,183,119,13,51,2615,1142,1689,343,756,590,451,27,76,1458,1582,446,33,287,126,78,5,43,1205,1625,1428,296,709,423,329,38,56,3353,1025,431,19,357,55,41,4,10,2694,1965,2175,379,1092,704,487,51,88,2753,1241,1186,69,896,221,138,8,51,2503,1206,2266,360,1385,521,410,30,57,3287,578,1058,64,864,130,101,9,19,1331,401,553,91,306,156,90,40,26,3111,1856,2163,368,1023,772,572,74,125,2205,942,1152,97,855,200,153,7,40,1359,558,201,22,146,33,23,5,5,113734,61685,62158,10318,34709,17131,13451,725,2776
2020-05-14,3371,900,543,21,457,65,53,1,11,2626,8825,4217,1157,1858,1202,1002,16,181,1536,526,471,31,383,57,46,1,10,528,770,526,53,370,103,84,7,12,5330,1626,830,75,673,82,64,6,12,389,797,72,8,30,34,22,0,12,978,1841,679,54,450,175,136,10,29,2090,1312,2203,624,1024,555,352,110,93,26473,9442,23592,3369,14152,6071,4875,138,1057,1369,466,174,20,108,46,33,1,12,7814,2380,862,73,658,131,106,6,19,1459,458,983,172,537,274,200,20,52,1339,836,880,184,360,336,269,12,54,8347,4162,902,71,621,210,148,22,40,10612,6108,8672,2083,3305,3284,2755,43,480,3394,486,1046,103,754,189,155,5,27,1077,1070,1196,319,413,464,405,6,53,820,866,322,34,211,77,60,5,12,8390,4707,923,58,724,141,99,9,33,1068,560,671,80,400,191,124,14,53,2731,1160,1804,362,818,624,477,29,81,1505,1584,492,36,317,139,90,6,43,1244,1626,1468,307,738,423,334,38,51,3431,1027,464,20,382,62,47,4,11,2774,1979,2280,395,1148,737,514,50,92,2834,1255,1273,76,964,233,148,9,51,2634,1247,2394,378,1462,554,432,31,65,3517,582,1093,70,894,129,101,8,19,1391,401,573,95,316,162,94,41,27,3163,1891,2338,408,1137,793,589,74,129,2269,959,1212,104,895,213,162,10,41,1382,593,220,23,160,37,27,5,5,117885,62442,65375,10863,36719,17793,14003,737,2867
2020-05-15,3403,905,569,22,474,73,58,1,14,2715,8909,4365,1187,1943,1235,1028,16,188,1558,527,476,31,388,57,46,1,10,558,788,549,58,387,104,87,7,10,5518,1637,871,78,707,86,67,6,13,403,801,75,9,32,34,22,0,12,1019,1916,755,56,490,209,161,12,36,2175,1321,2287,642,1078,567,363,112,92,27498,9646,24860,3536,15019,6305,5076,140,1086,1429,467,189,23,118,48,32,2,14,8127,2384,899,80,683,136,111,6,19,1517,461,1047,186,577,284,210,21,51,1369,845,959,200,408,351,288,13,50,8611,4183,970,78,672,220,156,23,41,10975,6229,9189,2208,3573,3408,2875,44,481,3593,486,1150,107,846,197,161,5,29,1136,1081,1251,331,438,482,423,6,53,840,872,338,36,221,81,64,5,12,8608,4710,998,62,788,148,102,11,35,1095,567,748,88,460,200,130,15,55,2865,1187,1912,381,866,665,510,32,85,1545,1589,545,42,352,151,96,7,48,1274,1632,1490,317,750,423,335,41,47,3544,1029,491,23,404,64,48,3,13,2859,1988,2380,413,1205,762,534,54,91,2946,1261,1379,81,1040,258,171,10,52,2777,1275,2544,406,1569,569,447,32,63,3788,590,1163,73,956,134,107,7,19,1455,403,611,103,338,170,101,42,27,3222,1939,2528,434,1237,857,640,78,138,2334,979,1253,105,928,220,164,10,46,1409,607,228,25,165,38,27,4,7,122165,63214,69069,11421,39112,18536,14640,766,2937
2020-05-16,3440,907,573,23,475,75,60,1,14,2732,8968,4438,1221,1965,1252,1044,16,188,1567,527,480,32,389,59,48,1,10,590,797,568,61,400,107,90,8,9,5619,1640,891,82,724,85,67,6,12,410,802,77,10,32,35,21,0,14,1052,1981,792,59,515,218,167,12,39,2222,1329,2349,658,1108,583,370,117,96,27916,9794,25688,3707,15516,6465,5212,142,1109,1444,468,191,25,120,46,32,2,12,8243,2385,932,83,707,142,116,6,20,1558,462,1096,200,607,289,214,23,50,1406,848,1009,211,423,375,308,14,53,8764,4189,991,87,685,219,158,23,38,11132,6330,9447,2321,3634,3492,2957,43,484,3668,486,1192,113,875,204,169,5,27,1151,1093,1277,342,442,493,436,6,51,864,874,342,38,223,81,64,5,12,8773,4716,1029,65,816,148,102,11,35,1127,570,814,91,514,209,135,18,56,2912,1193,1988,401,892,695,537,34,85,1580,1597,577,50,368,159,106,8,45,1287,1635,1509,324,756,429,341,40,48,3597,1030,517,27,424,66,50,4,12,2897,1998,2450,429,1226,795,556,57,96,2981,1262,1458,88,1096,274,185,10,55,2860,1298,2631,424,1621,586,461,32,68,3886,591,1216,76,1000,140,111,8,20,1484,405,643,113,361,169,102,42,25,3264,1961,2659,459,1293,907,679,84,143,2363,990,1285,108,953,224,168,10,46,1428,607,230,25,166,39,27,4,8,124217,63733,71339,11953,40326,19060,15093,792,2980
2020-05-17,3473,907,580,27,475,78,64,1,13,2744,8988,4511,1263,1985,1263,1060,17,181,1571,527,483,33,392,58,47,1,10,595,805,584,63,410,111,93,9,9,5672,1647,903,83,734,86,68,6,12,425,807,82,10,35,37,23,0,14,1060,2033,826,63,529,234,176,13,45,2262,1332,2407,675,1146,586,370,120,96,28175,9930,26231,3897,15775,6559,5312,149,1097,1452,468,200,26,125,49,35,2,12,8293,2389,953,85,715,153,124,7,22,1591,463,1137,217,620,300,224,24,50,1419,851,1038,225,434,379,313,15,51,8836,4197,1022,93,697,232,168,25,39,11270,6414,9698,2439,3697,3562,3026,43,485,3701,486,1218,119,886,213,175,5,30,1163,1102,1305,353,446,506,445,6,55,872,874,351,42,226,83,65,5,13,8880,4718,1041,68,826,147,101,12,34,1148,576,831,99,523,209,138,18,53,2947,1200,2059,416,912,731,570,36,85,1606,1601,595,58,377,160,108,9,43,1299,1638,1522,330,763,429,342,41,46,3632,1030,532,32,435,65,51,4,10,2931,2002,2517,449,1242,826,579,59,98,3011,1270,1518,102,1129,287,197,10,56,2919,1307,2714,444,1670,600,472,35,69,3905,592,1235,78,1016,141,112,8,20,1499,405,665,121,369,175,104,43,28,3297,1974,2752,483,1317,952,711,91,149,2391,999,1334,116,981,237,179,10,48,1441,608,234,26,167,41,28,5,8,125480,64140,73078,12535,41054,19489,15480,829,2981
2020-05-18,3516,914,619,27,510,82,67,1,14,2809,9104,4729,1316,2135,1278,1079,17,176,1577,529,493,34,401,58,47,1,10,611,826,608,66,426,116,95,11,10,5937,1656,978,83,807,88,69,6,13,442,809,89,11,35,43,27,0,16,1095,2102,921,68,600,253,196,13,44,2350,1335,2500,694,1202,604,385,122,97,29269,10139,27701,4086,16792,6823,5550,154,1117,1477,475,211,26,135,50,36,2,12,8647,2399,1008,91,754,163,132,7,24,1656,469,1267,237,697,333,243,30,58,1462,864,1115,240,488,387,320,15,52,9042,4222,1078,96,735,247,182,25,40,11647,6565,10170,2564,3903,3703,3162,42,492,3825,490,1285,123,940,222,179,5,33,1214,1121,1354,369,474,511,448,6,57,901,877,371,44,240,87,67,6,14,9165,4729,1087,72,860,155,109,12,34,1234,585,951,106,626,219,148,18,53,3112,1217,2198,434,986,778,605,39,89,1672,1612,644,59,400,185,126,10,49,1339,1646,1570,340,796,434,350,42,42,3721,1031,566,34,463,69,53,6,10,3036,2013,2671,469,1339,863,592,57,112,3097,1286,1688,110,1258,320,220,10,63,3051,1325,2838,460,1762,616,489,37,66,4175,599,1301,82,1067,152,121,8,22,1550,406,702,123,395,184,107,47,30,3381,2024,2918,522,1407,989,744,94,151,2469,1015,1388,121,1023,244,185,10,49,1483,631,240,26,169,45,32,5,8,129962,65015,77259,13133,43825,20301,16165,858,3057
2020-05-19,3569,923,639,27,526,86,70,2,14,2852,9192,4886,1351,2236,1299,1093,19,180,1593,531,507,34,414,59,47,1,11,628,846,631,68,443,120,98,12,10,6105,1659,1031,83,851,97,77,6,14,456,811,97,11,39,47,28,0,19,1132,2192,983,79,638,266,206,14,46,2426,1341,2581,720,1260,601,386,125,90,30375,10300,29059,4251,17807,7001,5713,160,1126,1511,480,217,26,139,52,36,3,13,8917,2402,1075,94,811,170,140,7,23,1687,474,1386,251,774,361,259,32,68,1509,869,1185,246,526,413,342,14,57,9218,4233,1160,97,801,262,196,26,40,11931,6703,10553,2688,4067,3798,3261,43,487,3969,490,1351,130,990,231,188,5,33,1249,1158,1409,390,503,516,456,6,54,915,884,393,47,255,91,68,7,16,9468,4734,1125,76,888,161,110,13,38,1317,600,1025,119,688,218,152,17,49,3232,1240,2334,460,1061,813,636,38,92,1732,1618,708,63,439,206,142,10,54,1365,1652,1607,349,818,440,355,42,43,3819,1035,593,34,482,77,60,6,11,3108,2023,2782,488,1400,894,611,64,113,3212,1301,1842,119,1389,334,228,10,68,3195,1354,2951,481,1845,625,504,35,65,4522,604,1357,89,1110,158,128,8,22,1603,408,752,128,430,194,115,47,32,3446,2049,3068,560,1487,1021,773,95,153,2538,1031,1442,125,1067,250,189,10,51,1507,639,240,28,169,43,31,5,7,134106,65776,80969,13712,46353,20904,16698,882,3099
2020-05-20,3642,932,668,27,549,92,74,2,16,2903,9268,5062,1392,2339,1331,1124,21,180,1611,533,523,35,428,60,47,1,12,643,869,661,73,466,122,97,12,13,6315,1668,1077,86,891,100,82,6,12,468,819,105,13,45,47,29,0,18,1159,2265,1057,85,694,278,212,15,51,2491,1353,2670,731,1324,615,392,128,95,31599,10522,30466,4398,18869,7199,5882,168,1147,1555,482,237,30,152,55,38,3,14,9169,2413,1135,96,857,182,151,7,24,1717,477,1530,276,869,385,278,31,74,1542,877,1254,260,571,423,346,15,62,9423,4263,1227,102,847,278,207,26,45,12397,6852,10998,2790,4244,3964,3405,46,506,4108,490,1458,139,1081,238,191,5,36,1284,1174,1463,412,536,515,456,6,53,938,893,409,49,266,94,72,7,15,9776,4737,1184,82,940,162,111,13,38,1371,612,1103,126,746,231,164,17,50,3395,1263,2451,487,1123,841,662,39,92,1768,1622,752,69,469,214,149,11,54,1390,1661,1652,354,843,455,364,44,47,3908,1037,634,37,516,81,63,6,12,3191,2034,2910,508,1478,924,634,64,117,3324,1331,1997,129,1511,357,242,11,73,3374,1385,3117,504,1957,656,528,35,69,4731,608,1422,91,1167,164,133,9,22,1678,410,792,132,465,195,116,48,31,3520,2086,3250,603,1584,1063,814,95,154,2610,1038,1501,139,1114,248,186,10,52,1532,644,256,28,183,45,33,5,7,138532,66618,85021,14283,49124,21614,17282,906,3191
2020-05-21,3704,939,695,29,570,96,79,2,15,2988,9381,5299,1415,2516,1368,1159,20,182,1640,536,532,35,437,60,47,1,12,661,887,686,75,485,126,99,13,14,6495,1672,1143,87,952,104,84,6,14,479,820,109,15,47,47,28,0,19,1201,2340,1159,86,771,302,231,16,55,2563,1357,2782,738,1405,639,407,132,100,32701,10708,31800,4600,19834,7366,6040,167,1157,1623,487,256,31,167,58,40,3,15,9418,2421,1202,100,910,192,158,7,27,1749,486,1664,293,951,420,306,30,82,1574,889,1353,277,635,441,364,14,63,9644,4283,1289,111,884,294,213,27,54,12749,7002,11412,2894,4430,4088,3525,51,505,4233,491,1541,149,1153,239,194,5,33,1323,1183,1522,429,566,527,472,6,49,979,901,430,51,280,99,76,7,16,10118,4743,1222,85,968,169,116,14,39,1431,627,1203,129,835,239,172,17,50,3580,1282,2599,512,1208,879,695,41,95,1823,1624,791,78,495,218,151,11,56,1419,1666,1691,360,864,467,372,48,47,3973,1037,671,38,551,82,64,6,12,3264,2050,3030,535,1559,936,648,61,115,3435,1366,2180,133,1654,393,260,13,83,3545,1412,3262,528,2063,671,550,31,68,4893,614,1499,96,1231,172,139,8,25,1792,418,842,137,502,203,119,53,31,3603,2106,3424,636,1678,1110,848,97,165,2675,1072,1572,145,1167,260,198,9,53,1546,649,264,28,189,47,35,5,7,142821,67449,89124,14855,51957,22312,17889,921,3258
2020-05-22,3741,947,719,30,592,97,80,2,15,3087,9493,5508,1443,2651,1414,1206,21,180,1675,538,547,36,448,63,49,1,13,694,906,716,77,505,134,103,15,16,6695,1681,1189,88,988,113,90,6,17,491,821,117,16,53,48,29,1,18,1234,2398,1256,96,844,316,244,16,56,2620,1364,2861,752,1460,649,415,135,99,33932,10845,33109,4768,20808,7533,6190,169,1172,1668,492,279,31,183,65,46,3,16,9669,2431,1259,105,952,202,166,8,28,1775,493,1791,312,1032,447,324,31,89,1632,902,1429,290,678,461,386,14,61,9867,4303,1366,115,938,313,226,29,58,13212,7134,11891,3002,4668,4221,3649,52,513,4382,495,1635,157,1222,256,205,5,38,1368,1211,1586,439,607,540,487,6,47,1003,905,456,52,294,110,82,8,20,10507,4746,1276,88,1003,185,128,15,42,1468,633,1286,137,900,249,180,17,52,3731,1316,2775,544,1323,908,720,41,94,1867,1632,831,81,524,226,157,11,58,1451,1671,1739,365,900,474,376,52,46,4038,1040,726,40,600,86,69,6,11,3342,2061,3174,554,1653,967,673,62,118,3519,1396,2345,148,1779,418,280,14,85,3729,1436,3405,554,2168,683,559,32,68,5146,623,1589,100,1314,175,142,8,25,1896,420,886,139,532,215,125,55,35,3665,2135,3601,676,1770,1155,884,101,170,2739,1083,1635,151,1216,268,204,8,56,1569,663,274,29,198,47,35,5,7,147412,68214,93256,15415,54803,23038,18509,949,3323
2020-05-23,3786,947,736,30,598,108,87,2,19,3143,9548,5577,1473,2686,1418,1215,22,174,1701,538,554,36,454,64,49,1,14,715,915,738,78,522,138,104,17,17,6809,1684,1235,90,1022,123,99,6,18,496,821,121,16,54,51,31,1,19,1252,2447,1308,104,872,332,258,17,57,2660,1366,2937,766,1513,658,427,134,97,34408,10949,33803,4916,21234,7653,6298,174,1179,1677,495,282,31,186,65,46,3,16,9770,2434,1310,112,978,220,179,8,33,1798,493,1854,331,1070,453,330,31,86,1648,904,1478,302,703,473,398,15,60,9976,4313,1413,119,967,327,234,31,62,13349,7212,12126,3113,4734,4279,3710,52,510,4427,495,1657,161,1238,258,209,5,38,1377,1217,1616,454,612,550,498,6,46,1020,912,469,52,298,119,89,8,22,10680,4748,1312,90,1025,197,135,16,46,1490,644,1370,147,967,256,185,16,54,3850,1325,2928,570,1417,941,743,43,103,1891,1638,854,87,538,229,161,11,57,1468,1673,1780,369,926,485,384,53,48,4097,1040,746,44,617,85,68,6,11,3377,2072,3237,573,1673,991,685,71,121,3593,1407,2482,166,1869,447,306,14,87,3835,1458,3507,578,2239,690,567,30,69,5304,627,1666,103,1378,185,146,11,28,1932,421,911,145,547,219,130,56,33,3716,2147,3710,707,1812,1191,919,104,168,2763,1093,1669,159,1240,270,208,7,55,1576,663,286,30,204,52,39,5,8,149584,68646,95672,15952,56193,23527,18937,976,3355
2020-05-24,3820,948,746,34,600,112,89,3,20,3183,9584,5658,1508,2720,1430,1227,22,173,1714,538,563,37,462,64,49,1,14,730,928,757,84,531,142,107,18,17,6876,1687,1253,96,1033,124,100,6,18,505,821,127,21,55,51,32,1,18,1267,2494,1355,114,890,351,270,19,62,2690,1367,2970,773,1525,672,438,135,99,34765,11050,34298,5078,21468,7752,6379,177,1194,1687,498,296,34,194,68,51,2,15,9840,2436,1329,116,986,227,184,8,35,1814,499,1929,359,1113,457,333,33,86,1659,909,1520,312,725,483,407,15,61,10045,4327,1450,126,980,344,250,32,62,13476,7297,12465,3254,4822,4389,3816,57,508,4454,496,1692,171,1258,263,214,6,37,1385,1225,1638,464,617,557,506,6,45,1027,912,476,54,302,120,90,8,22,10846,4750,1340,92,1047,201,139,16,46,1510,650,1407,161,986,260,193,16,50,3904,1332,3010,593,1445,972,777,43,98,1909,1638,872,92,551,229,162,11,56,1487,1674,1805,381,936,488,390,52,46,4147,1041,766,46,634,86,68,7,11,3431,2079,3323,588,1711,1024,703,74,124,3680,1416,2593,180,1942,471,322,15,91,3923,1480,3592,597,2291,704,575,32,74,5453,633,1707,109,1410,188,150,10,28,1947,422,928,157,552,219,130,57,32,3744,2153,3817,737,1852,1228,948,104,176,2801,1101,1700,162,1264,274,209,8,57,1588,663,292,30,205,57,42,5,10,151307,69048,97674,16560,57107,24007,19350,999,3385
2020-05-25,3859,962,790,35,636,119,95,3,21,3262,9712,5794,1551,2799,1444,1241,22,173,1750,543,580,37,474,69,52,1,16,752,948,794,87,561,146,110,18,18,7066,1692,1315,98,1085,132,109,6,17,517,826,135,21,60,54,34,1,19,1299,2582,1497,126,1003,368,285,22,61,2770,1370,3072,785,1600,687,447,140,100,36030,11248,35664,5248,22434,7982,6557,181,1242,1741,500,321,37,208,76,57,2,17,10190,2441,1451,123,1080,248,201,8,39,1854,506,2059,386,1197,476,347,34,89,1695,917,1600,325,778,497,417,16,64,10293,4352,1552,134,1054,364,265,33,66,13901,7445,13086,3376,5130,4580,3977,57,536,4627,501,1812,183,1362,267,220,6,36,1443,1260,1713,474,669,570,518,6,46,1046,920,493,54,312,127,94,8,25,11237,4763,1427,101,1114,212,148,19,45,1584,665,1512,175,1068,269,200,19,50,4110,1368,3185,625,1560,1000,792,45,101,1940,1642,929,99,588,242,171,12,59,1518,1676,1854,387,969,498,399,51,48,4275,1043,816,49,677,90,71,6,13,3526,2096,3502,610,1834,1058,721,78,129,3802,1446,2836,201,2128,507,348,14,95,4109,1504,3775,611,2442,722,589,33,74,5683,639,1829,114,1515,200,163,10,27,2006,425,983,160,595,228,138,58,32,3809,2192,4026,775,1974,1277,982,106,189,2876,1117,1756,171,1296,289,219,9,61,1608,668,304,31,210,63,47,5,11,156178,69969,102462,17189,60412,24861,20014,1029,3519
2020-05-26,3931,978,827,36,663,128,99,3,26,3385,9875,5932,1587,2883,1462,1261,22,168,1785,549,594,38,485,71,53,1,17,793,969,831,93,587,151,118,18,15,7252,1697,1372,102,1133,137,112,6,19,527,827,142,23,63,56,37,1,18,1340,2667,1628,130,1094,404,312,25,67,2832,1376,3148,800,1655,693,454,142,97,37196,11431,36877,5405,23297,8175,6736,184,1254,1787,504,341,39,222,80,59,2,19,10486,2453,1552,128,1163,261,214,9,38,1883,513,2173,410,1261,502,372,35,89,1728,927,1669,338,822,509,428,16,65,10581,4373,1686,139,1147,400,294,35,71,14210,7602,13582,3518,5395,4669,4066,58,536,4760,501,1917,189,1448,280,229,6,41,1500,1277,1790,484,720,586,532,8,46,1068,933,520,58,330,132,99,8,25,11734,4771,1549,106,1222,221,155,19,47,1625,678,1593,184,1135,274,205,20,49,4310,1389,3348,651,1657,1040,830,45,104,1992,1647,970,104,620,246,172,12,62,1537,1679,1886,393,991,502,398,51,53,4395,1050,855,52,712,91,73,6,12,3598,2111,3697,629,1958,1110,753,79,140,3969,1482,3114,224,2354,536,370,13,96,4308,1553,3981,632,2614,735,608,32,72,5911,644,1946,118,1619,209,167,11,31,2069,428,1021,166,627,228,138,58,32,3882,2211,4219,812,2079,1328,1028,110,190,2951,1137,1812,181,1335,296,225,9,62,1647,671,313,32,217,64,48,5,11,160972,70903,106885,17801,63508,25576,20645,1049,3572
2020-05-27,4039,987,863,41,688,134,103,3,28,3469,10007,6060,1621,2953,1486,1293,21,161,1814,550,614,40,500,74,55,1,18,839,988,865,95,608,162,120,21,21,7432,1700,1450,102,1200,148,121,6,21,535,830,147,24,64,59,40,1,18,1369,2736,1756,142,1176,438,337,24,77,2939,1380,3220,808,1701,711,468,148,95,38464,11620,38104,5561,24210,8333,6861,187,1284,1842,511,365,42,237,86,64,2,20,10694,2457,1662,134,1261,267,223,10,34,1943,528,2294,439,1342,513,381,36,90,1756,934,1746,351,870,525,439,19,67,10821,4403,1834,145,1253,436,319,37,80,14658,7717,14204,3632,5716,4856,4233,59,551,4931,503,2013,200,1522,291,242,9,37,1540,1301,1842,493,748,601,548,8,45,1083,940,554,63,353,138,103,8,27,12185,4779,1620,110,1284,226,161,20,45,1667,691,1681,197,1199,285,217,19,49,4497,1425,3538,670,1771,1097,873,50,109,2041,1652,1011,111,647,253,178,13,62,1567,1680,1929,400,1012,517,406,55,56,4536,1056,914,53,762,99,79,6,14,3669,2127,3897,659,2090,1148,778,84,139,4106,1515,3356,247,2545,564,385,13,102,4508,1583,4198,654,2776,768,639,35,72,6149,651,2056,122,1714,220,177,11,32,2135,428,1056,172,651,233,143,58,32,3952,2243,4411,843,2203,1365,1064,114,187,3053,1158,1874,191,1381,302,231,9,62,1670,675,317,33,219,65,48,5,12,165903,71755,111451,18395,66656,26400,21329,1092,3647
2020-05-28,4083,998,908,44,725,139,108,3,28,3557,10128,6184,1661,3027,1496,1300,21,165,1844,552,631,40,514,77,58,1,18,865,1004,895,99,632,164,123,21,20,7612,1704,1514,104,1258,152,124,8,20,551,833,152,24,68,60,40,1,19,1411,2839,1892,155,1288,449,342,27,80,3013,1383,3281,821,1738,722,481,151,90,39470,11774,39199,5730,24924,8545,7030,188,1326,1956,515,387,47,255,85,65,2,18,10919,2464,1804,143,1383,278,236,10,32,2001,533,2412,461,1419,532,388,36,101,1802,943,1843,365,941,537,453,19,65,11107,4416,1973,149,1345,479,351,37,91,15083,7838,14708,3752,5982,4974,4345,66,550,5147,507,2129,207,1623,299,254,9,34,1579,1316,1905,501,784,620,563,9,48,1102,948,587,69,375,143,107,8,28,12641,4782,1689,114,1337,238,170,20,47,1718,706,1806,207,1292,307,238,20,49,4751,1445,3701,699,1872,1130,903,53,109,2098,1659,1044,114,671,259,184,14,61,1597,1681,1978,407,1047,524,410,57,57,4605,1059,950,54,789,107,85,7,15,3744,2156,4062,684,2183,1195,811,88,142,4291,1537,3622,265,2751,606,418,14,102,4734,1604,4429,677,2954,798,657,36,77,6313,654,2127,133,1775,219,176,11,32,2207,428,1101,181,680,240,146,62,32,4027,2257,4588,877,2289,1422,1119,116,187,3109,1171,1933,200,1422,311,239,9,63,1694,686,327,34,227,66,50,5,11,170631,72520,115761,19018,69570,27173,21974,1129,3717
2020-05-29,4107,1011,951,47,759,145,114,3,28,3622,10243,6305,1682,3100,1523,1323,24,165,1878,553,653,41,533,79,58,1,20,943,1017,916,102,646,168,127,21,20,7853,1758,1611,110,1340,161,128,9,24,557,834,159,25,72,62,41,1,20,1440,2906,2014,169,1383,462,352,29,81,3085,1386,3371,832,1799,740,492,154,94,40521,11964,40356,5890,25769,8697,7182,190,1324,2064,522,419,50,281,88,68,1,19,11135,2477,1954,145,1513,296,250,10,36,2059,543,2515,482,1491,542,403,38,93,1840,950,1915,376,983,556,472,19,65,11347,4431,2133,155,1460,518,380,39,99,15575,7950,15314,3865,6308,5141,4474,69,581,5368,507,2256,211,1725,320,269,9,40,1621,1335,1956,507,810,639,580,9,50,1133,958,617,72,392,153,118,8,27,13049,4800,1759,120,1391,248,178,23,46,1816,722,1924,219,1380,325,255,19,51,5008,1470,3866,725,1965,1176,939,59,112,2126,1666,1083,121,691,271,194,14,63,1643,1687,2025,416,1084,525,412,56,57,4708,1060,998,56,827,115,90,7,18,3822,2178,4258,712,2316,1230,828,95,144,4419,1562,3841,295,2928,618,425,15,105,4956,1649,4606,695,3102,809,668,36,77,6532,658,2218,136,1856,226,180,13,33,2313,436,1143,186,705,252,150,66,36,4080,2276,4768,909,2392,1467,1163,116,188,3206,1180,1980,207,1450,323,248,9,66,1727,699,345,35,241,69,52,5,12,175553,73388,120229,19593,72692,27944,22613,1167,3794
2020-05-30,4164,1012,968,48,766,154,119,3,32,3663,10312,6387,1716,3142,1529,1330,25,162,1909,554,666,41,544,81,58,2,21,958,1023,936,103,658,175,131,22,22,8028,1760,1656,113,1378,165,133,9,23,566,835,165,25,72,68,47,1,20,1460,2967,2086,183,1422,481,368,28,85,3109,1392,3400,843,1811,746,495,155,96,41091,12064,41080,6038,26173,8869,7316,195,1357,2120,522,456,50,309,97,73,1,23,11222,2480,2059,153,1597,309,260,9,40,2117,554,2575,503,1520,552,411,38,94,1862,953,1959,388,1003,568,481,21,66,11517,4444,2269,167,1560,542,402,38,102,15777,8034,15612,3981,6399,5232,4549,73,593,5431,507,2303,215,1753,335,282,10,41,1626,1342,1980,515,815,650,591,9,50,1149,960,636,80,404,152,118,9,25,13268,4804,1804,123,1424,257,182,25,49,1842,731,2041,237,1463,341,270,19,52,5123,1490,3999,754,2038,1207,961,61,117,2139,1668,1112,122,702,288,202,15,71,1674,1688,2051,425,1095,531,419,53,59,4755,1061,1022,58,845,119,91,8,20,3855,2191,4392,737,2387,1268,855,101,146,4514,1573,3993,316,3035,642,445,16,103,5052,1665,4712,724,3179,809,675,33,76,6683,661,2285,145,1912,228,182,14,32,2345,437,1174,187,721,266,154,73,39,4124,2294,4912,958,2453,1501,1195,118,188,3251,1197,2009,216,1472,321,247,9,65,1732,700,352,36,245,71,53,5,13,178126,73875,123051,20200,74297,28554,23095,1198,3882
2020-05-31,4250,1016,990,50,775,165,127,3,35,3702,10353,6461,1747,3166,1548,1344,25,168,1962,555,674,41,549,84,60,2,22,967,1033,942,104,660,178,132,23,23,8125,1766,1696,114,1409,173,139,9,25,574,836,171,28,73,70,50,1,19,1485,3023,2157,192,1458,507,383,29,95,3135,1394,3440,849,1831,760,505,156,99,41409,12164,41632,6216,26429,8987,7433,195,1358,2134,527,469,53,314,102,78,2,22,11294,2482,2132,160,1642,330,282,10,38,2154,554,2661,528,1575,558,421,37,91,1882,959,2001,400,1018,583,497,21,65,11608,4458,2354,178,1602,574,426,37,111,15913,8120,15913,4104,6462,5347,4649,76,605,5458,507,2347,223,1776,348,294,12,40,1643,1362,2009,530,819,660,596,11,53,1167,961,646,87,411,148,116,9,23,13336,4809,1826,125,1434,267,189,25,52,1856,737,2090,253,1479,358,282,20,56,5149,1504,4061,783,2054,1224,966,63,124,2151,1671,1135,128,708,299,208,15,76,1689,1688,2073,432,1108,533,424,53,56,4825,1061,1040,62,856,122,91,10,21,3894,2208,4467,767,2418,1282,870,104,139,4557,1588,4123,336,3112,675,471,18,110,5125,1689,4787,738,3231,818,686,34,76,6869,661,2335,154,1951,230,186,13,31,2373,438,1197,196,730,271,159,72,40,4164,2301,5031,994,2501,1536,1221,120,195,3292,1208,2034,224,1491,319,249,9,61,1739,700,356,36,246,74,55,5,14,179881,74333,125250,20832,75288,29130,23589,1219,3943
2020-06-01,4300,1032,1058,53,827,178,132,3,43,3849,10479,6609,1782,3268,1559,1355,25,167,2004,557,710,42,583,85,62,2,21,1013,1052,981,106,691,184,138,24,22,8440,1773,1806,116,1515,175,142,9,24,592,840,183,29,81,73,52,1,20,1533,3137,2304,207,1571,526,393,29,104,3221,1401,3524,863,1890,771,513,160,98,42627,12366,42973,6383,27405,9185,7610,200,1374,2204,529,508,54,346,108,84,2,22,11535,2495,2315,162,1784,369,317,11,41,2218,559,2815,551,1674,590,447,38,97,1921,973,2095,411,1085,599,512,22,65,11917,4495,2590,201,1774,615,462,39,114,16369,8241,16630,4230,6858,5542,4807,78,638,5681,508,2517,230,1916,371,311,13,45,1678,1394,2074,543,858,673,611,11,51,1203,969,670,89,424,157,123,9,25,13683,4814,1912,129,1504,279,196,30,52,1907,748,2243,270,1598,375,294,23,58,5368,1530,4261,827,2172,1262,1007,67,116,2182,1674,1175,134,737,304,215,15,74,1730,1697,2118,444,1141,533,429,51,53,4968,1061,1094,68,900,126,97,10,19,4004,2246,4699,802,2555,1342,899,108,155,4664,1623,4378,366,3291,721,506,19,115,5354,1707,4994,765,3399,830,694,34,76,7140,667,2475,160,2071,244,199,13,32,2452,439,1259,200,772,287,168,77,42,4251,2318,5272,1036,2650,1586,1261,124,201,3359,1224,2091,235,1531,325,256,9,60,1760,702,370,37,254,79,58,6,15,185127,75250,130703,21525,79125,30053,24350,1262,4039
2020-06-02,4348,1045,1112,56,873,183,136,4,43,3958,10616,6781,1814,3370,1597,1388,25,170,2047,559,727,43,597,87,63,2,22,1085,1064,1007,111,710,186,139,25,22,8783,1782,1893,118,1588,187,154,9,24,599,840,196,29,89,78,55,1,22,1566,3241,2448,232,1675,541,408,35,98,3292,1404,3611,875,1958,778,518,162,98,43829,12483,44167,6533,28250,9384,7773,204,1406,2312,534,546,58,378,110,89,2,19,11761,2513,2493,168,1931,394,338,11,45,2287,583,2925,579,1737,609,464,40,98,2002,985,2171,419,1136,616,529,22,65,12250,4536,2786,214,1934,638,476,45,117,16743,8360,17265,4353,7226,5686,4939,87,641,5828,511,2644,236,2011,397,334,14,46,1707,1420,2128,557,888,683,622,11,50,1236,972,714,94,452,168,134,9,25,14046,4825,2006,132,1582,292,204,30,57,1997,757,2403,282,1729,392,306,23,63,5592,1549,4441,871,2276,1294,1038,70,112,2208,1681,1226,140,760,326,230,18,78,1757,1697,2181,451,1190,540,431,51,58,5071,1064,1149,69,948,132,101,12,19,4092,2260,4884,834,2669,1381,922,108,165,4796,1642,4626,387,3460,779,556,19,114,5570,1733,5153,786,3524,843,707,34,74,7452,674,2572,166,2155,251,206,12,33,2524,439,1304,209,803,292,172,78,42,4328,2349,5459,1070,2769,1620,1289,130,201,3401,1233,2139,246,1569,324,259,9,56,1778,708,383,40,262,81,61,6,14,190245,76059,135540,22172,82499,30869,25041,1308,4097
2020-06-03,4428,1061,1174,60,927,187,139,4,44,4051,10723,6947,1846,3485,1616,1407,25,168,2081,563,743,45,609,89,65,2,22,1115,1072,1026,114,718,194,149,24,21,9170,1790,1971,122,1651,198,163,9,26,610,844,206,30,96,80,57,1,22,1602,3382,2567,255,1748,564,419,38,107,3356,1407,3675,886,1995,794,522,164,108,45186,12654,45444,6700,29209,9535,7937,209,1388,2416,545,581,59,408,114,93,2,19,11980,2523,2677,175,2060,442,382,12,48,2349,603,3041,606,1812,623,470,42,105,2053,998,2239,437,1177,625,541,22,62,12506,4579,2998,230,2083,685,518,49,118,17241,8521,18002,4485,7651,5866,5123,87,634,6003,512,2795,243,2131,421,356,14,48,1739,1436,2185,563,926,696,634,11,51,1262,986,747,99,469,179,141,9,29,14455,4831,2085,141,1642,302,207,35,59,2054,766,2548,291,1847,410,321,25,64,5801,1576,4650,904,2403,1343,1081,71,118,2241,1684,1272,146,792,334,230,20,84,1796,1701,2225,455,1225,545,432,52,61,5175,1067,1226,75,1015,136,104,14,18,4185,2279,5100,880,2819,1401,939,108,154,4917,1651,4886,411,3661,814,580,19,122,5817,1755,5335,806,3682,847,710,34,74,7730,682,2664,174,2234,256,211,11,34,2619,446,1356,215,839,302,182,77,43,4439,2374,5660,1109,2893,1658,1325,131,202,3447,1249,2191,250,1604,337,270,10,57,1805,713,397,42,271,84,63,6,15,195629,76973,140613,22854,86082,31677,25771,1337,4125
2020-06-04,4473,1071,1216,64,961,191,144,4,43,4154,10849,7101,1878,3581,1642,1432,26,167,2132,566,765,48,628,89,65,2,22,1138,1083,1067,117,755,195,150,23,22,9506,1795,2062,125,1733,204,167,10,27,630,844,214,30,100,84,58,1,25,1632,3510,2680,275,1809,596,443,42,111,3408,1407,3725,895,2020,810,528,169,113,46503,12829,46620,6855,30077,9688,8085,212,1390,2504,553,624,60,444,120,97,3,20,12318,2537,2903,183,2242,478,413,13,52,2407,617,3170,627,1895,648,490,43,109,2106,1010,2303,442,1216,645,559,22,64,12794,4610,3179,255,2219,705,535,50,120,17650,8685,18639,4598,7945,6096,5331,88,655,6181,515,2946,255,2256,435,368,15,49,1771,1453,2240,571,954,715,651,10,54,1282,992,772,104,485,183,147,9,27,14911,4841,2219,151,1749,319,215,39,64,2121,779,2744,306,1994,444,348,25,71,6004,1611,4859,944,2533,1382,1113,76,121,2260,1694,1320,156,822,342,240,20,82,1838,1703,2264,461,1248,555,439,54,62,5278,1069,1306,80,1076,150,115,15,20,4278,2306,5304,912,2953,1439,962,111,156,5032,1676,5137,442,3838,857,613,20,130,6075,1787,5524,824,3834,866,727,35,71,7933,685,2767,179,2325,263,217,12,34,2730,450,1410,229,873,308,186,80,42,4551,2401,5894,1144,3042,1708,1360,137,211,3470,1256,2235,256,1639,340,275,10,55,1835,724,417,44,289,84,64,6,14,200905,77908,145626,23510,89535,32581,26537,1382,4203
2020-06-05,4503,1082,1280,67,1011,202,153,5,44,4228,10961,7250,1902,3688,1660,1451,26,166,2214,568,787,51,650,86,64,2,20,1183,1109,1111,120,789,202,156,24,22,9925,1799,2165,132,1817,216,177,11,28,647,844,226,31,108,87,60,1,26,1669,3649,2809,298,1903,608,452,43,113,3466,1410,3806,907,2073,826,540,172,114,47867,12973,47840,6996,30955,9889,8269,216,1403,2639,555,704,63,517,124,101,3,20,12639,2550,3073,196,2363,514,446,14,54,2451,624,3290,652,1973,665,508,43,109,2167,1018,2373,446,1264,663,574,23,66,13079,4639,3403,274,2374,755,582,52,121,18103,8799,19275,4698,8286,6291,5511,93,660,6386,517,3080,264,2372,444,378,15,48,1807,1469,2296,582,989,725,660,10,55,1314,1004,810,104,515,191,150,10,31,15368,4846,2368,154,1869,345,238,39,67,2184,791,2921,312,2140,469,360,28,81,6233,1644,5085,969,2660,1456,1172,82,127,2292,1699,1359,160,847,352,248,21,83,1873,1706,2301,469,1276,556,441,54,61,5361,1073,1382,81,1137,164,124,17,23,4416,2334,5533,946,3122,1465,989,117,148,5173,1690,5405,485,4024,896,647,20,131,6316,1806,5703,842,3987,874,732,35,72,8204,688,2885,182,2421,282,236,12,34,2795,451,1450,233,902,315,191,81,43,4640,2428,6114,1184,3178,1752,1403,140,209,3487,1268,2267,261,1652,354,284,11,59,1886,728,434,45,298,91,70,8,13,206515,78722,150785,24106,93160,33519,27367,1428,4251
2020-06-06,4573,1090,1304,72,1022,210,160,6,44,4255,11019,7357,1941,3740,1676,1464,28,167,2266,568,801,51,659,91,66,2,23,1209,1120,1138,123,802,213,166,25,22,10154,1806,2216,136,1856,224,185,12,27,658,846,237,33,113,91,64,1,26,1690,3741,2878,309,1934,635,472,45,118,3491,1410,3850,924,2102,824,542,173,109,48354,13089,48532,7165,31369,9998,8388,221,1388,2662,555,724,66,525,133,110,3,20,12794,2553,3204,214,2451,539,468,16,55,2503,629,3390,672,2039,679,518,42,113,2200,1021,2421,450,1284,687,594,23,70,13215,4657,3508,292,2431,785,604,56,125,18236,8853,19616,4810,8415,6391,5597,95,672,6486,517,3155,272,2428,455,387,17,48,1825,1477,2320,596,995,729,662,10,57,1325,1007,834,113,528,193,155,12,26,15584,4852,2447,161,1933,353,243,39,70,2231,794,3072,327,2252,493,382,27,84,6337,1656,5211,1006,2720,1485,1199,85,127,2312,1704,1391,169,861,361,252,21,88,1900,1709,2324,478,1283,563,446,53,64,5411,1073,1440,90,1183,167,129,17,21,4473,2356,5691,975,3206,1510,1021,120,156,5250,1704,5582,514,4131,937,689,18,137,6460,1841,5842,855,4087,900,753,36,74,8301,689,2971,185,2485,301,254,12,35,2854,453,1483,239,920,324,195,81,48,4705,2444,6239,1220,3250,1769,1416,139,214,3521,1273,2311,269,1678,364,296,11,57,1894,735,445,46,300,99,76,8,15,209129,79241,153934,24773,94982,34179,27953,1454,4300
2020-06-07,4669,1092,1330,76,1034,220,167,7,46,4283,11056,7429,1972,3774,1683,1473,28,165,2285,568,822,52,677,93,66,2,25,1259,1134,1161,131,816,214,166,24,24,10228,1813,2268,144,1892,232,190,13,29,661,849,241,35,115,91,65,1,25,1706,3846,2950,334,1962,654,487,44,123,3512,1415,3878,938,2116,824,543,174,107,48638,13169,49053,7301,31604,10148,8524,226,1397,2686,558,741,68,535,138,115,2,21,12883,2558,3288,232,2496,560,481,17,62,2529,632,3458,698,2079,681,525,42,108,2215,1033,2450,463,1298,689,596,22,71,13313,4667,3591,315,2474,802,616,56,130,18354,8903,20000,4938,8563,6499,5711,96,665,6534,517,3196,282,2446,468,400,16,49,1838,1479,2341,605,999,737,670,10,57,1337,1007,850,117,535,198,157,12,29,15747,4858,2493,164,1970,359,249,39,70,2281,804,3126,345,2273,508,393,27,88,6388,1666,5309,1044,2764,1501,1207,83,135,2325,1705,1420,180,871,369,263,21,85,1920,1709,2352,491,1298,563,448,53,62,5457,1073,1489,95,1216,178,135,19,24,4509,2372,5796,1007,3261,1528,1032,126,157,5344,1714,5706,544,4192,970,717,17,144,6565,1852,5957,876,4171,910,761,38,76,8380,689,3045,191,2544,310,262,11,37,2878,453,1512,246,936,330,196,83,51,4758,2456,6346,1255,3293,1798,1438,140,220,3567,1278,2348,273,1699,376,308,10,58,1904,735,456,49,302,105,84,8,13,210953,79660,156402,25461,96205,34736,28445,1467,4353
2020-06-08,4707,1110,1411,80,1105,226,173,7,46,4377,11183,7603,2007,3887,1709,1504,27,160,2327,573,875,52,725,98,68,2,28,1288,1166,1214,139,857,218,170,25,23,10519,1825,2427,151,2035,241,199,13,29,675,852,255,36,122,97,68,1,28,1730,4088,3090,361,2062,667,502,45,120,3574,1421,3958,956,2165,837,551,181,105,49993,13320,50340,7459,32590,10291,8660,227,1403,2813,566,805,71,585,149,124,2,23,13189,2575,3488,247,2641,600,513,17,70,2600,647,3606,724,2172,710,540,46,118,2274,1048,2533,480,1357,696,606,22,67,13626,4724,3861,332,2667,862,661,59,142,18832,9037,20902,5060,9112,6730,5918,99,683,6789,517,3386,296,2607,483,410,15,54,1887,1502,2428,614,1045,769,697,13,59,1363,1018,888,124,561,203,160,12,31,16113,4866,2698,169,2154,375,262,40,72,2338,815,3306,363,2406,537,420,29,88,6746,1704,5624,1079,2981,1564,1249,83,149,2347,1717,1476,183,906,387,276,23,88,1967,1719,2405,498,1342,565,451,52,62,5575,1074,1609,101,1327,181,141,18,22,4627,2405,6016,1044,3385,1587,1064,135,164,5496,1732,5996,587,4399,1010,744,17,148,6827,1891,6252,897,4435,920,774,39,74,8607,703,3186,198,2658,330,282,11,37,2956,454,1576,263,975,338,197,89,52,4863,2494,6566,1297,3448,1821,1459,146,216,3647,1292,2436,278,1769,389,317,10,62,1937,740,477,52,313,112,91,8,13,216609,80778,162693,26198,100793,35702,29251,1513,4436
2020-06-09,4805,1127,1472,84,1156,232,181,7,44,4465,11292,7783,2031,4019,1733,1521,28,164,2372,575,913,53,759,101,69,3,29,1408,1193,1278,142,907,229,178,28,23,10889,1842,2557,154,2154,249,203,15,31,686,854,271,36,134,101,70,1,30,1762,4322,3220,389,2152,679,515,47,117,3633,1422,4019,966,2213,840,556,184,100,51278,13464,51622,7611,33531,10480,8822,235,1422,2966,569,878,74,653,151,125,2,24,13479,2594,3723,259,2805,659,563,16,80,2639,660,3727,746,2261,720,549,48,117,2343,1057,2639,490,1425,724,633,22,68,13936,4775,4116,358,2850,908,705,58,145,19376,9133,21611,5188,9576,6847,6029,104,684,7034,517,3582,306,2770,506,429,17,56,1935,1511,2479,623,1077,779,711,13,55,1384,1032,930,128,589,213,167,13,33,16499,4873,2860,176,2287,397,280,45,71,2414,822,3465,389,2521,555,442,27,86,7068,1738,5872,1118,3142,1612,1284,87,154,2381,1728,1522,190,937,395,284,23,88,2011,1723,2456,506,1374,576,465,52,59,5735,1081,1705,105,1407,193,150,17,26,4761,2429,6269,1068,3575,1626,1080,143,170,5644,1751,6296,623,4619,1054,783,17,147,7071,1918,6546,915,4693,938,789,40,73,8892,710,3317,205,2770,342,292,11,39,3020,456,1629,273,1018,338,198,88,52,5001,2529,6795,1343,3617,1835,1473,146,216,3712,1304,2506,287,1812,407,332,10,65,1984,760,508,55,339,114,91,8,15,222583,81761,168566,26891,105142,36533,29969,1555,4483
2020-06-10,4913,1140,1534,91,1205,238,185,7,46,4548,11420,7937,2063,4105,1769,1557,27,166,2400,580,961,53,798,110,74,3,33,1448,1212,1354,143,970,241,187,28,26,11220,1859,2702,161,2284,257,209,16,32,701,858,283,38,143,102,73,1,28,1796,4509,3326,406,2221,699,537,47,115,3700,1423,4090,975,2257,858,570,188,100,52629,13615,52838,7743,34417,10678,9004,238,1435,3090,576,928,79,695,154,129,2,22,13736,2617,3917,281,2945,691,595,17,79,2692,665,3871,771,2370,730,559,49,116,2411,1064,2707,502,1475,730,638,23,68,14261,4843,4374,372,3032,970,749,64,157,19937,9243,22358,5329,10031,6998,6157,107,699,7252,519,3736,315,2883,538,449,21,64,1990,1524,2532,635,1111,786,719,12,55,1415,1043,962,131,610,221,172,13,36,16919,4881,3088,183,2485,420,294,47,78,2484,838,3640,413,2643,584,474,28,82,7447,1776,6136,1158,3321,1657,1327,88,155,2413,1739,1559,192,958,409,293,24,92,2060,1732,2514,514,1423,577,470,50,57,5879,1081,1790,109,1484,197,153,18,26,4876,2456,6499,1094,3748,1657,1096,150,174,5768,1766,6567,673,4798,1096,810,18,146,7387,1955,6867,933,4982,952,798,42,76,9192,716,3496,216,2920,360,307,11,42,3155,458,1682,288,1049,345,204,87,54,5106,2570,7018,1383,3763,1872,1507,148,217,3787,1313,2578,297,1871,410,338,10,62,2008,763,548,57,370,121,99,8,14,228620,82754,174392,27598,109367,37427,30733,1592,4552
2020-06-11,4979,1150,1609,94,1263,252,197,7,48,4641,11517,8083,2088,4205,1790,1572,27,172,2464,582,989,55,822,112,75,3,34,1519,1236,1430,145,1037,248,195,28,25,11471,1868,2842,171,2406,265,218,16,31,716,859,300,39,155,106,76,1,29,1829,4750,3418,422,2280,716,552,48,116,3754,1424,4158,991,2303,864,579,189,96,54086,13741,53943,7885,35227,10831,9144,242,1444,3273,585,991,82,743,166,136,2,27,13986,2631,4126,302,3103,721,625,19,77,2749,674,4021,790,2470,761,586,50,119,2479,1072,2779,511,1521,747,654,24,68,14518,4882,4606,399,3198,1009,789,66,154,20521,9339,22941,5461,10338,7142,6305,108,694,7507,522,3913,327,3029,557,467,21,65,2061,1541,2591,646,1145,800,735,13,52,1450,1053,1007,135,643,229,175,13,41,17317,4888,3294,188,2655,451,315,49,86,2535,845,3795,427,2753,615,496,28,91,7787,1824,6435,1185,3554,1696,1369,87,153,2439,1743,1591,200,975,416,301,25,90,2099,1738,2569,520,1460,589,477,51,61,6014,1084,1870,118,1549,203,158,19,25,5024,2479,6738,1120,3925,1693,1122,150,181,5924,1782,6850,717,4994,1139,840,18,152,7607,1978,7147,946,5221,980,821,42,78,9444,718,3631,221,3032,378,321,11,46,3272,461,1737,297,1090,350,208,91,51,5205,2590,7230,1421,3883,1926,1551,151,224,3890,1333,2663,305,1932,426,348,10,68,2049,770,566,59,382,125,102,8,15,234609,83659,179863,28267,113293,38303,31509,1617,4613
2020-06-12,5026,1164,1666,102,1305,259,205,7,47,4725,11586,8194,2121,4281,1792,1575,27,171,2556,583,1014,57,845,112,76,3,33,1564,1256,1468,150,1061,257,201,28,28,11890,1879,2996,175,2538,283,232,16,35,729,863,315,40,167,108,78,1,29,1865,4963,3526,448,2342,736,568,49,119,3805,1426,4210,1001,2338,871,586,193,92,55613,13899,55098,8037,36101,10960,9274,245,1440,3471,589,1041,89,787,165,136,2,26,14245,2665,4346,318,3266,762,655,23,84,2808,684,4164,812,2574,778,595,50,127,2542,1078,2875,520,1579,776,682,25,68,14754,4924,4808,426,3331,1051,825,68,158,21112,9434,23537,5580,10688,7269,6424,111,699,7856,522,4109,337,3201,571,479,22,66,2125,1583,2650,654,1176,820,756,13,51,1477,1063,1065,136,686,243,187,13,43,17713,4897,3542,199,2859,484,333,60,90,2607,854,3949,447,2855,647,534,29,84,8055,1864,6764,1230,3803,1731,1401,88,152,2473,1751,1631,207,1000,424,309,25,90,2170,1741,2620,526,1497,597,483,51,63,6163,1088,1930,121,1604,205,159,19,26,5152,2506,7044,1173,4151,1720,1144,151,178,6021,1814,7127,762,5180,1185,877,16,154,7786,2007,7521,964,5555,1002,838,43,81,9791,722,3870,232,3237,401,339,11,51,3361,469,1786,305,1129,352,208,96,48,5304,2627,7423,1459,3990,1974,1602,153,219,3968,1349,2728,310,1982,436,354,10,72,2129,773,590,60,401,129,106,8,15,240856,84623,185607,28998,117509,39100,32221,1656,4639
2020-06-13,5089,1164,1701,104,1324,273,217,7,49,4781,11637,8281,2149,4332,1800,1585,27,167,2588,583,1036,59,864,113,78,3,32,1569,1267,1499,157,1078,264,207,29,28,12019,1883,3067,181,2595,291,242,15,34,734,865,326,41,169,116,83,2,31,1879,5063,3591,465,2372,754,580,52,122,3822,1428,4237,1010,2347,880,589,193,98,56236,14013,55656,8199,36421,11036,9370,246,1417,3536,589,1057,92,794,171,138,2,30,14339,2675,4471,341,3343,787,675,26,86,2855,693,4247,842,2631,774,600,51,117,2562,1090,2918,529,1601,788,690,25,72,14864,4941,4935,439,3402,1094,858,68,168,21337,9485,23835,5680,10800,7355,6508,112,701,7931,522,4193,351,3263,579,489,23,64,2138,1591,2689,664,1187,838,772,13,53,1494,1073,1092,138,703,251,193,14,44,17895,4905,3737,210,3015,512,347,68,96,2641,865,4102,474,2975,653,546,31,76,8212,1878,6959,1279,3927,1753,1425,91,147,2489,1752,1668,218,1023,427,310,26,90,2190,1745,2653,533,1516,604,489,51,64,6240,1089,1961,123,1625,213,165,19,28,5187,2512,7145,1203,4200,1742,1164,153,177,6098,1827,7311,802,5290,1219,903,16,159,7896,2026,7701,983,5699,1019,854,43,85,9913,726,4015,238,3350,427,360,11,56,3394,471,1806,312,1140,354,210,96,48,5355,2637,7567,1498,4057,2012,1641,155,216,4024,1368,2772,319,2013,440,359,10,71,2169,773,610,61,415,134,109,8,17,243476,85136,188838,29694,119471,39673,32756,1686,4643
2020-06-14,5120,1167,1724,107,1330,287,228,9,50,4827,11663,8374,2182,4377,1815,1605,28,161,2619,583,1057,63,882,112,79,3,30,1580,1267,1520,162,1086,272,214,29,29,12095,1885,3112,189,2625,298,249,15,34,740,872,334,43,173,118,86,2,30,1887,5205,3657,478,2398,781,603,55,123,3846,1432,4261,1024,2355,882,593,193,96,56700,14120,56131,8346,36656,11129,9470,245,1413,3560,592,1078,98,802,178,142,2,33,14414,2683,4556,356,3371,829,710,29,90,2894,703,4341,864,2682,795,616,52,121,2582,1096,2952,542,1612,798,701,25,71,14921,4961,5043,466,3450,1127,885,69,173,21511,9538,24181,5794,10908,7479,6627,119,699,7979,523,4242,369,3277,596,504,23,66,2155,1595,2722,677,1198,847,783,13,51,1502,1075,1114,147,715,252,195,15,42,18072,4916,3841,216,3091,534,357,73,103,2660,878,4175,486,3015,674,564,31,79,8265,1897,7115,1325,3992,1798,1457,93,154,2504,1753,1693,223,1035,435,314,26,94,2222,1748,2706,541,1547,618,499,50,69,6303,1091,1985,126,1640,219,170,20,28,5233,2542,7237,1235,4233,1769,1194,152,175,6151,1835,7464,843,5365,1256,933,17,162,7969,2039,7810,1002,5782,1026,865,43,80,10060,726,4135,257,3435,443,372,14,57,3431,472,1831,316,1157,358,210,99,49,5411,2647,7701,1538,4110,2053,1665,156,232,4078,1378,2829,332,2047,450,369,10,71,2195,774,619,65,419,135,110,8,17,245486,85656,191540,30412,120765,40363,33369,1718,4682
2020-06-15,5252,1184,1805,110,1392,303,240,9,54,4911,11781,8560,2206,4508,1846,1637,27,163,2668,587,1108,67,929,112,79,4,29,1630,1298,1622,167,1178,277,217,29,31,12360,1909,3289,195,2779,315,263,15,37,751,879,349,45,182,122,89,3,30,1904,5512,3747,495,2450,802,625,54,123,3910,1434,4320,1033,2397,890,602,195,93,58342,14267,57353,8465,37575,11313,9613,246,1452,3748,601,1157,104,870,183,145,2,35,14716,2706,4906,379,3637,890,769,31,90,2940,718,4481,882,2770,829,640,54,129,2654,1106,3031,552,1668,811,712,27,71,15173,5005,5285,484,3614,1187,932,69,186,22197,9655,24866,5920,11319,7627,6767,119,706,8345,524,4448,389,3436,623,529,24,66,2218,1620,2779,684,1230,865,796,14,55,1542,1081,1162,151,748,263,202,16,45,18456,4933,4131,229,3320,582,379,88,114,2704,891,4369,506,3150,713,596,32,85,8537,1939,7566,1367,4336,1863,1513,99,156,2534,1767,1751,230,1067,454,326,26,101,2247,1756,2796,548,1614,634,507,52,75,6579,1096,2102,127,1743,232,176,22,32,5317,2573,7438,1271,4348,1819,1230,153,182,6293,1854,7763,894,5557,1312,965,18,174,8261,2063,8126,1024,6049,1053,889,44,76,10451,736,4390,274,3654,462,385,14,63,3545,485,1885,323,1196,366,212,103,51,5529,2674,8058,1590,4347,2121,1730,158,233,4191,1416,2933,346,2131,456,373,11,72,2256,777,654,69,438,147,118,10,19,252161,86827,198230,31126,125632,41472,34256,1768,4828
2020-06-16,5313,1193,1872,115,1442,315,252,9,54,5019,11902,8745,2226,4635,1884,1675,27,162,2746,588,1138,68,951,119,84,5,30,1691,1332,1708,171,1246,291,228,29,34,12644,1920,3499,202,2969,328,275,15,38,759,884,375,48,195,132,95,4,33,1915,5809,3841,518,2499,824,644,55,125,3975,1435,4405,1045,2464,896,609,196,91,59915,14422,58635,8623,38608,11404,9706,248,1449,3914,607,1255,110,953,192,150,2,39,14991,2725,5218,404,3882,932,812,32,88,2994,730,4632,905,2879,848,660,54,128,2710,1117,3104,566,1713,825,722,29,73,15392,5053,5505,509,3757,1239,978,69,192,22793,9794,25473,6041,11672,7760,6898,124,703,8635,525,4647,407,3598,642,547,24,68,2267,1654,2838,696,1273,869,803,14,52,1576,1085,1198,156,768,274,211,17,46,18894,4952,4355,241,3509,605,400,90,114,2786,902,4526,526,3258,742,620,35,87,8776,1974,7985,1416,4637,1932,1580,99,162,2556,1775,1798,238,1100,460,333,26,100,2299,1765,2859,554,1658,647,518,54,75,6775,1099,2205,134,1837,234,180,21,32,5431,2588,7654,1306,4496,1852,1251,157,181,6415,1875,8080,943,5774,1363,1002,19,174,8486,2114,8446,1051,6329,1066,906,44,79,10897,744,4691,288,3908,495,414,14,67,3662,495,1938,331,1230,377,215,109,53,5666,2700,8362,1641,4564,2157,1770,159,228,4268,1439,3033,352,2213,468,385,11,72,2347,782,686,71,464,151,120,10,21,258507,87979,204706,31902,130481,42323,35043,1801,4850
2020-06-17,5337,1212,1942,119,1500,323,258,9,56,5115,12019,8894,2252,4743,1899,1688,27,165,2830,591,1185,69,993,123,88,5,30,1737,1376,1818,182,1332,304,239,31,34,12897,1938,3685,212,3131,342,287,16,39,772,886,391,50,204,137,95,4,38,1941,6050,3945,533,2558,854,674,54,126,4038,1435,4463,1057,2510,896,610,196,90,61534,14558,59869,8755,39577,11537,9841,253,1442,4010,611,1323,119,1015,189,150,2,36,15284,2741,5551,422,4152,977,858,33,86,3060,744,4743,933,2949,861,675,54,127,2767,1130,3172,579,1754,839,741,29,68,15683,5109,5734,543,3916,1275,1015,69,191,23414,9899,26043,6162,12004,7877,7029,125,687,8887,527,4849,433,3763,653,561,26,64,2321,1660,2882,706,1306,870,804,14,52,1605,1096,1237,164,796,277,214,17,46,19215,4971,4538,254,3655,629,422,93,113,2865,916,4719,548,3424,747,632,34,81,9028,2020,8414,1469,4952,1993,1636,102,158,2575,1785,1844,243,1129,472,345,26,100,2363,1770,2924,560,1712,652,523,55,74,6933,1103,2321,136,1937,248,189,26,32,5569,2618,7857,1341,4628,1888,1278,159,186,6556,1898,8415,987,6004,1424,1045,19,180,8752,2139,8756,1068,6598,1090,922,45,79,11197,753,4902,307,4082,513,429,14,70,3732,501,2008,337,1270,401,228,116,57,5800,2731,8606,1678,4724,2204,1814,160,230,4348,1460,3149,359,2305,485,398,11,76,2405,783,707,76,480,151,120,10,21,264570,89030,210886,32653,135103,43130,35808,1834,4834
2020-06-18,5359,1224,2007,126,1551,330,265,9,56,5223,12141,9044,2276,4845,1923,1709,28,165,2900,592,1234,70,1036,128,92,5,31,1774,1402,1905,187,1401,317,251,32,34,13113,1945,3898,216,3318,364,306,16,42,791,887,407,52,213,142,99,5,38,1961,6298,4040,550,2609,881,694,58,129,4091,1437,4531,1065,2558,908,618,197,93,63015,14709,61088,8879,40517,11692,9982,263,1446,4161,617,1391,121,1074,196,155,2,38,15577,2777,5872,449,4405,1018,898,35,85,3106,755,4845,956,3009,880,693,56,126,2825,1146,3248,591,1803,854,757,30,66,15951,5149,5969,561,4070,1338,1070,70,198,24064,9997,26585,6260,12328,7997,7140,127,694,9179,528,5014,445,3911,658,568,26,63,2373,1675,2924,713,1335,876,812,15,49,1636,1105,1286,171,827,288,223,17,48,19484,4984,4774,267,3848,659,442,100,116,2946,926,4896,561,3573,762,643,34,84,9238,2050,8945,1518,5373,2054,1685,106,160,2618,1795,1886,250,1154,482,352,28,101,2427,1780,2991,566,1759,666,532,57,77,7152,1115,2418,138,2023,257,194,28,34,5664,2655,8025,1375,4728,1922,1296,169,187,6675,1914,8692,1036,6192,1464,1086,19,174,9080,2164,9083,1091,6879,1113,946,46,82,11438,763,5120,332,4259,529,445,14,70,3795,510,2051,346,1296,409,236,117,56,5934,2758,8877,1714,4887,2276,1873,165,238,4443,1478,3257,370,2383,504,418,11,75,2450,786,729,81,496,152,121,10,21,270443,90062,217032,33333,139660,44039,36601,1895,4876
2020-06-19,5388,1240,2080,130,1607,343,275,8,60,5315,12254,9218,2301,4978,1939,1721,28,169,2960,594,1253,71,1052,130,93,5,32,1823,1433,2007,191,1482,334,270,31,33,13359,1962,4116,222,3514,380,323,16,41,811,890,435,55,229,151,103,5,43,1977,6518,4125,560,2659,906,716,57,133,4138,1439,4598,1073,2611,914,622,200,92,64497,14827,62301,9007,41475,11819,10094,267,1457,4340,618,1441,124,1115,202,160,2,39,15861,2823,6249,474,4720,1055,931,36,88,3189,763,4972,988,3095,889,710,56,118,2882,1157,3325,601,1854,870,769,31,69,16136,5188,6167,587,4204,1376,1107,74,195,24759,10077,27097,6368,12599,8130,7268,128,695,9497,531,5259,461,4128,670,574,28,67,2426,1699,2977,722,1372,883,822,15,46,1671,1116,1337,180,866,291,226,18,47,19733,4995,4984,276,4006,702,465,103,133,3023,935,5069,571,3707,791,667,34,88,9463,2104,9385,1548,5706,2131,1745,108,170,2656,1803,1914,256,1173,485,356,29,99,2471,1785,3073,572,1823,678,538,59,81,7345,1130,2516,142,2111,263,199,28,35,5785,2691,8199,1400,4848,1951,1308,177,191,6810,1925,9000,1073,6404,1523,1132,19,175,9364,2203,9375,1111,7127,1137,970,46,82,11649,766,5341,355,4434,552,466,15,71,3859,518,2092,354,1327,411,237,118,56,6032,2792,9165,1754,5083,2328,1928,166,234,4554,1501,3370,374,2462,534,447,11,76,2501,791,754,82,514,158,125,11,22,276274,91068,223194,33983,144285,44926,37367,1929,4937
2020-06-20,5407,1243,2101,134,1622,345,276,8,61,5343,12315,9308,2317,5024,1967,1739,28,177,2980,594,1287,73,1079,135,96,5,34,1846,1461,2061,200,1518,343,278,32,33,13520,1965,4240,227,3609,404,344,17,43,819,893,445,59,233,153,107,6,40,1988,6704,4173,578,2682,913,720,57,136,4177,1439,4637,1079,2633,925,630,202,93,65114,14942,62925,9101,41870,11954,10217,273,1463,4370,618,1456,125,1126,205,162,2,40,15975,2833,6441,499,4855,1087,963,41,83,3212,766,5024,1003,3129,892,712,56,119,2921,1166,3380,609,1875,896,793,31,71,16329,5214,6321,615,4287,1419,1150,74,195,24988,10143,27391,6460,12713,8218,7357,129,693,9611,533,5384,476,4237,671,580,25,65,2439,1713,2998,726,1381,891,826,16,49,1686,1125,1366,194,883,289,230,16,43,19891,5004,5165,283,4117,765,495,106,163,3048,947,5207,578,3798,831,699,36,94,9560,2128,9614,1592,5860,2162,1776,109,166,2671,1808,1953,262,1197,494,362,29,102,2488,1793,3111,576,1849,686,544,59,83,7493,1133,2566,149,2145,272,210,26,35,5858,2706,8350,1431,4936,1983,1337,175,195,6877,1940,9201,1127,6510,1564,1170,18,179,9521,2247,9573,1123,7287,1163,992,46,83,11770,768,5545,364,4579,602,509,16,77,3921,519,2114,365,1338,411,238,117,56,6099,2815,9360,1807,5190,2363,1964,168,231,4595,1527,3468,385,2524,559,470,11,78,2528,791,765,84,521,160,124,11,25,279045,91793,226930,34601,146607,45722,38070,1945,5005
2020-06-21,5473,1245,2120,139,1629,352,284,8,60,5373,12339,9371,2342,5056,1973,1750,28,173,3002,594,1305,73,1095,137,97,5,35,1862,1472,2103,204,1544,355,289,33,33,13561,1971,4318,242,3656,420,357,17,46,825,894,462,62,237,163,114,7,42,1999,6833,4215,592,2694,929,729,57,143,4197,1440,4663,1086,2645,932,635,201,96,65518,15006,63328,9217,42102,12009,10283,274,1450,4395,618,1472,128,1135,209,162,2,44,16027,2838,6556,513,4927,1116,991,41,84,3242,772,5095,1021,3165,909,723,56,123,2930,1169,3409,618,1878,913,805,32,75,16396,5235,6432,646,4336,1450,1169,74,207,25111,10182,27614,6567,12769,8278,7413,130,696,9652,534,5439,487,4263,689,595,23,70,2453,1720,3013,735,1384,894,830,17,47,1699,1127,1398,203,903,292,235,15,42,19974,5013,5273,298,4172,803,526,108,168,3065,953,5261,596,3819,846,711,36,96,9610,2146,9795,1645,5937,2213,1821,113,167,2687,1811,1970,266,1205,499,366,29,103,2510,1795,3164,585,1882,697,555,59,83,7567,1133,2607,156,2177,274,211,26,36,5905,2714,8443,1470,4966,2007,1356,178,197,6944,1951,9373,1159,6593,1621,1215,19,188,9624,2262,9679,1148,7371,1160,994,45,85,11829,771,5673,382,4668,623,529,16,78,3943,519,2141,377,1351,413,239,116,58,6152,2835,9513,1853,5275,2385,1989,172,224,4633,1539,3561,395,2591,575,484,10,81,2539,791,774,86,527,161,125,10,26,280697,92222,229540,35291,147952,46297,38582,1957,5056
2020-06-22,5542,1263,2193,140,1689,364,291,8,65,5476,12465,9581,2363,5208,2010,1783,28,177,3104,600,1337,74,1123,140,99,5,36,1908,1530,2211,209,1641,361,292,34,35,13780,1995,4613,250,3921,442,373,17,52,846,898,483,64,249,170,121,8,41,2028,7189,4308,609,2745,954,749,56,149,4252,1442,4723,1097,2687,939,641,203,95,66777,15108,64471,9323,42952,12196,10452,276,1466,4490,624,1545,131,1202,212,166,3,42,16315,2861,6953,543,5237,1173,1046,41,86,3318,779,5265,1050,3283,932,747,63,114,2974,1184,3479,630,1927,922,814,32,75,16634,5289,6676,670,4504,1502,1217,76,208,25710,10260,28196,6657,13109,8430,7555,130,704,9939,536,5662,496,4460,706,613,23,69,2515,1741,3049,743,1411,895,832,17,46,1729,1142,1477,205,964,308,245,15,48,20195,5037,5579,312,4391,876,579,115,181,3108,966,5467,615,3962,890,745,39,104,9957,2200,10292,1699,6306,2287,1890,113,173,2716,1814,2020,273,1231,516,380,30,105,2577,1800,3273,594,1977,702,565,58,79,7747,1138,2730,163,2287,280,215,26,38,6015,2754,8665,1511,5109,2045,1381,187,198,7055,2019,9743,1207,6862,1674,1251,24,187,9912,2307,9961,1170,7612,1179,1014,45,83,12086,776,6014,410,4947,657,563,17,77,4043,527,2206,380,1394,432,257,117,58,6288,2878,9866,1886,5514,2466,2061,174,231,4756,1562,3708,402,2691,615,520,10,85,2585,791,808,87,552,169,131,11,27,286377,93475,236554,35963,153147,47444,39588,2001,5134
2020-06-23,5619,1283,2246,142,1737,367,295,8,64,5609,12600,9778,2389,5361,2028,1797,28,181,3207,602,1382,75,1162,145,101,5,39,1950,1573,2309,220,1718,371,298,37,36,14141,2012,4950,255,4230,465,396,17,52,867,901,509,68,262,179,126,9,44,2054,7527,4389,629,2782,978,773,56,149,4316,1443,4784,1104,2730,950,651,203,96,68262,15208,65554,9415,43796,12343,10591,280,1470,4594,626,1649,136,1295,218,172,3,43,16649,2897,7363,566,5557,1240,1110,42,88,3378,789,5382,1067,3368,947,762,65,113,3034,1197,3560,643,1980,937,825,32,78,16889,5353,6911,698,4660,1553,1262,77,212,26230,10346,28690,6744,13410,8536,7654,131,710,10297,538,5857,507,4617,733,638,24,70,2570,1766,3091,753,1442,896,835,17,44,1772,1153,1526,212,998,316,253,15,48,20508,5054,5893,323,4623,947,639,116,191,3138,981,5656,635,4107,914,763,43,106,10325,2254,10717,1729,6624,2364,1957,114,173,2752,1819,2064,279,1264,521,384,30,106,2664,1817,3365,600,2052,713,572,59,82,7955,1140,2864,169,2398,297,226,27,43,6160,2774,8876,1551,5245,2080,1397,199,205,7181,2039,10113,1268,7108,1737,1303,24,187,10178,2342,10242,1185,7856,1201,1034,46,85,12363,780,6314,431,5191,692,587,17,87,4166,537,2276,387,1440,449,264,126,59,6404,2905,10161,1922,5704,2535,2111,181,243,4847,1578,3861,414,2811,636,536,10,90,2634,794,839,89,577,173,133,12,28,292713,94628,243171,36605,158105,48461,40445,2053,5222
2020-06-24,5673,1299,2296,148,1771,377,305,8,64,5690,12707,9955,2414,5482,2059,1824,28,187,3285,605,1436,76,1209,151,106,5,40,1983,1637,2399,230,1784,385,310,38,37,14366,2033,5210,269,4466,475,405,17,53,882,905,530,69,276,185,129,12,44,2082,8247,4483,654,2838,991,786,59,146,4377,1445,4852,1111,2779,962,662,205,95,69658,15309,66545,9500,44565,12480,10699,288,1491,4728,631,1738,141,1377,220,176,3,41,16904,2935,7762,589,5876,1297,1159,43,95,3432,799,5475,1082,3434,959,768,66,119,3074,1208,3639,656,2032,951,836,34,79,17138,5417,7112,726,4796,1590,1295,78,215,26941,10471,29266,6825,13757,8684,7769,137,734,10647,540,6026,518,4761,747,644,24,78,2629,1776,3151,758,1480,913,849,18,46,1807,1167,1573,219,1033,321,258,16,47,20719,5066,6216,336,4870,1010,687,126,196,3176,992,5828,652,4248,928,779,46,102,10691,2313,11104,1764,6896,2444,2029,117,176,2788,1826,2110,283,1301,526,391,30,104,2753,1829,3446,609,2109,728,585,59,84,8130,1143,2983,183,2491,309,232,27,49,6294,2790,9090,1584,5374,2132,1427,207,210,7318,2065,10472,1330,7359,1783,1345,23,179,10434,2385,10531,1199,8091,1241,1064,46,89,12633,789,6617,445,5437,735,624,18,92,4268,539,2340,394,1483,463,271,128,64,6526,2941,10455,1966,5911,2578,2158,181,239,4964,1603,4037,435,2943,659,556,10,93,2670,799,863,90,594,179,136,13,30,298660,96211,249540,37255,162823,49462,41264,2110,5318
2020-06-25,5726,1314,2360,152,1816,392,318,8,66,5788,12814,10128,2439,5607,2082,1844,28,191,3374,605,1490,78,1261,151,107,5,39,2051,1692,2492,237,1856,399,325,39,35,14716,2049,5420,277,4649,494,420,17,57,892,909,556,74,290,192,131,14,47,2107,9388,4571,667,2887,1017,807,60,150,4437,1447,4905,1119,2815,971,669,206,96,71195,15429,67589,9589,45387,12613,10823,292,1496,4856,638,1807,145,1431,231,183,4,44,17186,2975,8063,616,6117,1330,1190,45,95,3483,807,5610,1098,3525,987,786,72,122,3120,1222,3723,663,2085,975,858,34,82,17413,5457,7298,757,4903,1638,1330,82,224,27540,10554,29711,6895,14004,8812,7868,140,760,10977,543,6184,526,4890,768,660,24,83,2683,1788,3181,759,1495,927,864,18,45,1844,1174,1616,228,1069,319,256,16,47,21087,5073,6529,346,5102,1081,745,128,207,3244,1000,6020,664,4412,944,791,47,105,11078,2370,11579,1795,7290,2494,2072,117,183,2819,1836,2153,287,1329,537,397,31,108,2849,1842,3549,620,2186,743,594,61,88,8284,1148,3110,192,2601,317,238,26,52,6403,2810,9234,1618,5453,2163,1451,209,209,7467,2078,10856,1387,7658,1811,1375,24,172,10735,2423,10846,1223,8349,1274,1086,48,94,12874,798,7002,470,5776,756,643,22,90,4370,545,2402,399,1527,476,276,132,68,6642,2988,10775,2017,6116,2642,2219,184,239,5084,1620,4228,453,3109,666,565,10,91,2718,803,895,93,614,188,142,16,30,305042,98139,255882,37883,167609,50390,42033,2159,5415
2020-06-26,5767,1333,2416,161,1861,394,321,8,65,5916,12930,10306,2465,5741,2100,1856,28,198,3418,606,1531,79,1299,153,108,5,40,2104,1744,2592,249,1932,411,331,41,39,14996,2066,5658,290,4853,515,437,17,61,909,910,587,76,307,204,142,14,48,2126,10185,4655,682,2934,1039,825,60,154,4530,1452,4991,1128,2877,986,678,210,98,72738,15536,68763,9689,46314,12760,10949,294,1515,5024,648,1903,151,1518,234,189,4,41,17654,3061,8441,638,6414,1389,1243,47,99,3535,814,5732,1121,3616,995,789,73,125,3188,1233,3809,682,2138,989,876,34,78,17666,5513,7529,780,5048,1701,1382,87,230,28185,10618,30221,6963,14310,8948,7994,143,765,11319,546,6288,537,4978,773,664,25,83,2744,1800,3218,769,1518,931,868,18,45,1886,1185,1666,229,1107,330,266,16,48,21403,5084,6862,368,5343,1151,790,146,214,3287,1010,6206,681,4561,964,799,49,115,11466,2421,11958,1830,7583,2545,2113,119,189,2848,1840,2198,292,1360,546,404,30,111,2936,1854,3685,630,2289,766,614,64,88,8516,1157,3218,199,2698,321,244,26,50,6525,2836,9423,1646,5563,2214,1482,215,220,7580,2098,11201,1439,7880,1882,1433,25,175,10977,2473,11112,1250,8565,1297,1108,49,96,13168,803,7440,498,6153,789,670,22,95,4481,553,2486,412,1591,483,280,133,70,6782,3049,11101,2059,6342,2700,2274,186,240,5169,1639,4377,465,3223,689,586,10,93,2766,805,927,96,636,195,149,15,31,311609,99802,262500,38554,172552,51394,42864,2213,5519
2020-06-27,5802,1335,2431,165,1867,399,326,8,65,5967,12967,10417,2486,5788,2143,1891,28,205,3476,606,1576,82,1341,153,109,5,39,2120,1767,2644,268,1947,429,346,43,40,15043,2080,5839,301,5001,537,454,18,65,916,914,604,80,314,210,147,15,48,2135,11000,4694,696,2946,1052,839,60,153,4544,1453,5028,1133,2898,997,688,211,98,73293,15607,69258,9801,46608,12849,11032,297,1518,5117,648,1962,153,1566,243,198,4,41,17863,3082,8647,670,6545,1432,1275,48,109,3634,816,5873,1148,3730,995,796,72,118,3205,1250,3856,691,2157,1008,888,36,82,17810,5538,7686,802,5133,1751,1429,89,231,28428,10664,30452,7046,14392,9014,8059,145,764,11454,547,6360,556,5027,777,672,26,78,2760,1813,3234,772,1522,940,876,18,46,1902,1197,1708,235,1133,340,277,17,46,21607,5092,7075,381,5482,1212,830,161,220,3309,1023,6342,694,4636,1012,846,53,113,11635,2434,12166,1867,7699,2600,2155,121,196,2874,1843,2224,301,1381,542,401,30,110,2950,1856,3748,636,2332,780,623,63,94,8671,1161,3316,204,2775,337,259,27,50,6585,2866,9521,1684,5617,2220,1494,213,219,7674,2112,11414,1485,7999,1930,1473,25,180,11186,2521,11317,1280,8724,1313,1127,49,94,13296,806,7664,534,6321,809,686,24,97,4552,554,2514,421,1611,482,278,134,70,6856,3072,11290,2110,6441,2739,2318,187,234,5265,1662,4476,475,3290,711,606,10,95,2774,806,943,96,646,201,153,15,33,314703,101092,266279,39253,174869,52157,43551,2252,5551
2020-06-28,5826,1335,2443,166,1868,409,335,8,66,5990,12988,10480,2504,5817,2159,1903,29,207,3510,606,1609,82,1371,156,111,5,40,2133,1786,2696,283,1970,443,360,44,39,15080,2084,5947,312,5081,554,464,19,71,931,921,617,82,318,217,151,15,51,2139,11552,4740,725,2967,1048,850,60,138,4578,1457,5051,1141,2909,1001,690,213,98,73750,15696,69684,9886,46823,12975,11133,301,1539,5141,650,2000,159,1590,251,202,4,45,17982,3107,8772,694,6599,1479,1312,49,118,3750,820,6053,1171,3876,1006,804,72,119,3228,1254,3896,704,2169,1023,900,38,83,17885,5564,7802,833,5176,1793,1460,94,238,28569,10711,30694,7140,14439,9115,8152,147,770,11558,548,6390,569,5040,781,678,27,75,2773,1823,3251,777,1528,946,883,18,45,1924,1200,1732,242,1149,341,276,18,47,21727,5101,7255,397,5589,1269,865,167,236,3327,1028,6419,704,4680,1035,865,55,115,11734,2450,12314,1906,7767,2641,2196,122,194,2889,1844,2249,307,1396,546,407,31,107,2971,1860,3814,647,2366,801,639,64,98,8733,1162,3362,213,2808,341,263,26,51,6624,2881,9609,1718,5646,2245,1513,215,219,7749,2117,11612,1542,8109,1961,1503,24,181,11291,2534,11468,1309,8838,1321,1135,51,94,13400,816,7837,567,6436,834,706,25,101,4602,556,2558,427,1641,490,283,136,71,6931,3091,11479,2154,6549,2776,2349,187,240,5341,1696,4547,483,3329,735,625,10,100,2781,806,964,99,662,203,156,15,32,316847,102044,269344,39943,176506,52895,44169,2289,5628
2020-06-29,5944,1355,2482,170,1891,421,345,9,67,6071,13109,10682,2534,5963,2185,1929,30,208,3597,611,1675,83,1422,170,120,6,44,2189,1840,2770,296,2014,460,374,48,38,15311,2104,6293,333,5378,582,485,20,77,945,925,638,83,333,222,153,15,54,2158,12616,4807,735,3004,1068,868,60,140,4656,1465,5134,1149,2970,1015,699,220,96,75590,15819,70890,9962,47751,13177,11309,306,1560,5226,653,2055,161,1636,258,207,6,45,18529,3160,9179,736,6915,1528,1360,52,116,3902,831,6302,1193,4083,1026,820,72,123,3272,1266,3989,719,2243,1027,909,38,78,18170,5639,8007,866,5326,1815,1483,95,236,29260,10828,31354,7277,14856,9221,8280,150,743,11835,548,6563,577,5175,811,702,26,82,2836,1841,3299,787,1562,950,886,18,46,1960,1204,1794,252,1191,351,284,18,49,22046,5119,7659,415,5917,1327,921,170,235,3376,1043,6616,710,4848,1058,886,57,115,12138,2520,12687,1948,8043,2696,2240,124,203,2930,1851,2314,313,1437,564,420,31,112,3060,1876,3989,659,2515,815,650,64,101,8895,1167,3499,217,2931,351,271,27,52,6752,2901,9789,1752,5760,2277,1536,222,222,7879,2128,12026,1597,8398,2031,1546,25,189,11565,2572,11865,1334,9154,1377,1177,52,106,13707,822,8328,599,6876,853,730,26,95,4717,558,2643,435,1698,510,300,136,74,7079,3137,11831,2208,6799,2824,2393,190,241,5645,1739,4741,501,3499,741,634,11,96,2829,809,1007,103,691,213,166,16,31,324069,104056,276907,40704,182279,53924,45083,2340,5674
2020-06-30,6096,1396,2518,172,1913,433,353,9,71,6154,13244,10884,2566,6122,2196,1937,30,211,3676,613,1733,88,1473,172,122,6,44,2290,1891,2865,305,2079,481,394,48,39,15540,2134,6581,352,5626,603,499,21,83,966,928,662,86,353,223,154,16,53,2175,13432,4854,754,3021,1079,879,61,139,4738,1467,5228,1156,3041,1031,707,226,98,77203,15943,71995,10056,48637,13302,11441,307,1552,5344,657,2143,164,1714,265,213,6,46,19022,3212,9604,766,7252,1586,1415,53,118,4030,846,6552,1215,4307,1030,822,78,119,3318,1280,4074,726,2293,1055,932,39,82,18426,5695,8247,888,5488,1871,1531,96,243,29755,10922,31868,7369,15149,9350,8395,153,754,12110,556,6733,590,5321,822,712,26,83,2892,1868,3331,794,1580,957,893,18,46,1994,1221,1848,256,1235,357,289,18,50,22351,5147,8052,440,6224,1388,985,171,231,3445,1089,6798,721,4991,1086,908,57,121,12555,2559,13065,1991,8321,2753,2290,125,205,2965,1858,2371,318,1466,587,435,32,118,3150,1899,4140,668,2635,837,663,69,105,9082,1180,3641,229,3055,357,280,27,49,6887,2913,9967,1777,5865,2325,1573,223,224,8066,2152,12512,1643,8752,2117,1603,26,196,11837,2615,12276,1367,9498,1411,1208,53,106,14038,831,8704,635,7199,870,747,27,95,4829,561,2727,443,1756,528,305,144,79,7218,3186,12199,2256,7058,2885,2454,192,239,5910,1763,4902,525,3632,745,640,12,93,2878,811,1062,106,731,225,176,18,31,330940,105869,284136,41422,187787,54927,45955,2387,5723
2020-07-01,6158,1421,2597,174,1969,454,371,9,74,6275,13357,11068,2588,6254,2226,1960,30,218,3782,614,1805,89,1539,177,127,6,44,2348,1949,2936,319,2122,495,410,45,40,15823,2158,6896,368,5909,619,511,22,86,987,934,697,89,380,228,156,17,55,2198,13910,4914,767,3050,1097,898,61,138,4809,1474,5339,1167,3120,1052,721,226,105,78958,16082,73263,10156,49697,13410,11552,312,1543,5448,661,2260,171,1821,268,221,6,41,19511,3264,10024,796,7581,1647,1468,54,125,4240,889,6811,1227,4539,1045,836,78,120,3374,1291,4176,744,2361,1071,952,40,78,18730,5751,8465,920,5636,1909,1565,97,246,30373,11024,32494,7461,15547,9486,8520,157,757,12361,557,6857,602,5423,832,720,26,85,2943,1880,3371,803,1608,960,899,18,43,2034,1246,1912,260,1286,366,299,18,49,22635,5182,8489,461,6565,1463,1051,174,237,3505,1101,7025,740,5186,1099,920,60,119,12923,2614,13426,2035,8564,2827,2347,129,214,3020,1864,2420,325,1492,603,441,33,127,3235,1935,4265,680,2726,859,680,68,111,9297,1194,3794,237,3182,375,291,27,55,7011,2934,10166,1800,5980,2386,1614,228,225,8205,2181,12959,1695,9075,2189,1668,27,185,12156,2648,12692,1390,9857,1445,1235,53,108,14390,835,9138,655,7562,921,796,27,97,4975,564,2803,454,1808,541,316,143,82,7372,3207,12589,2289,7325,2975,2527,199,249,6137,1794,5076,543,3765,768,667,12,89,2930,814,1105,110,761,234,183,18,33,338143,107329,291832,42115,193690,56027,46922,2420,5778
2020-07-02,6186,1451,2676,178,2031,467,382,10,75,6359,13467,11262,2613,6398,2251,1984,31,217,3902,620,1876,94,1606,176,129,5,42,2409,2036,3032,333,2190,509,423,49,37,16098,2176,7150,381,6134,635,524,22,89,1013,942,715,91,395,229,157,17,55,2219,14320,4966,775,3076,1115,915,61,139,4855,1479,5434,1175,3183,1076,737,228,111,80533,16168,74367,10248,50574,13545,11670,317,1554,5608,664,2321,176,1877,268,221,7,40,19942,3339,10447,838,7919,1690,1507,56,126,4405,920,7107,1238,4808,1061,852,80,117,3406,1310,4266,758,2419,1089,968,40,80,19012,5812,8692,941,5785,1966,1611,100,254,30880,11136,32986,7560,15854,9572,8617,157,746,12560,558,6982,612,5525,845,733,26,85,2989,1889,3411,806,1635,970,909,18,43,2068,1252,1963,261,1320,382,308,20,54,22885,5206,8848,491,6832,1525,1113,177,234,3557,1115,7238,747,5369,1122,945,60,117,13304,2670,13732,2077,8761,2894,2404,134,215,3050,1872,2489,336,1539,614,447,34,131,3322,1948,4418,688,2847,883,702,68,113,9548,1207,3953,241,3322,390,308,27,53,7133,2975,10322,1831,6074,2417,1639,231,226,8359,2203,13431,1746,9449,2236,1696,27,190,12403,2705,13113,1419,10211,1483,1274,55,101,14751,840,9508,694,7876,938,817,28,92,5116,567,2888,467,1870,551,322,147,82,7525,3261,12944,2328,7581,3035,2581,201,253,6355,1853,5243,557,3887,799,696,12,91,2984,814,1152,116,798,238,184,19,35,344736,108775,298932,42816,199145,56971,47775,2464,5797
2020-07-03,6220,1468,2748,182,2091,475,391,10,74,6457,13589,11429,2642,6515,2272,2004,31,219,3992,625,1939,98,1666,175,131,5,39,2469,2076,3095,348,2236,511,423,50,38,16407,2194,7485,404,6441,640,531,22,87,1026,949,749,91,421,237,159,18,60,2238,14651,5024,789,3104,1131,928,63,140,4910,1480,5514,1185,3243,1086,741,233,112,82413,16277,75470,10339,51477,13654,11783,319,1548,5721,669,2390,178,1930,282,231,8,43,20388,3413,10877,878,8267,1732,1543,60,129,4563,938,7373,1255,5044,1074,863,82,116,3458,1317,4342,769,2469,1104,982,40,81,19259,5852,8915,974,5936,2005,1648,102,254,31476,11286,33564,7618,16236,9710,8736,160,760,12779,560,7108,619,5619,870,758,26,85,3024,1896,3448,813,1655,980,914,19,47,2110,1278,2025,266,1367,392,318,22,52,23164,5223,9218,516,7118,1584,1174,183,226,3625,1126,7448,759,5550,1139,963,61,115,13705,2696,14031,2133,8967,2931,2434,137,213,3076,1876,2524,342,1557,625,456,33,134,3394,1971,4542,702,2932,908,722,68,118,9791,1216,4127,246,3481,400,316,27,55,7259,3011,10489,1872,6201,2416,1640,233,220,8576,2227,13896,1797,9827,2272,1732,27,188,12654,2747,13461,1448,10476,1537,1315,56,107,15045,848,9880,714,8201,965,836,32,96,5293,576,2967,476,1927,564,332,150,82,7660,3312,13331,2370,7830,3131,2668,205,258,6537,1914,5441,577,4040,824,723,12,89,3022,814,1203,121,839,243,190,19,34,351711,110075,306053,43521,204663,57869,48585,2513,5819
2020-07-04,6225,1469,2759,190,2093,476,395,10,71,6499,13628,11503,2672,6545,2286,2015,30,223,4056,625,1994,99,1716,179,134,5,40,2479,2119,3125,359,2245,521,436,47,38,16539,2208,7691,427,6617,647,542,22,83,1037,951,762,93,426,243,164,18,61,2252,14827,5058,804,3114,1140,939,63,138,4940,1482,5552,1191,3259,1102,752,235,115,83025,16370,75994,10433,51822,13739,11859,322,1553,5758,670,2412,180,1942,290,237,9,44,20557,3442,11104,918,8415,1771,1576,62,133,4663,941,7561,1275,5208,1078,870,82,114,3489,1319,4383,776,2488,1119,993,42,83,19407,5879,9063,1015,6012,2036,1677,101,256,31728,11335,33820,7698,16342,9780,8806,165,755,12877,560,7154,628,5650,876,766,26,83,3037,1900,3459,818,1662,979,913,19,47,2127,1288,2069,271,1398,400,324,22,54,23307,5233,9459,537,7301,1621,1202,192,226,3643,1141,7620,778,5667,1175,996,63,116,13856,2723,14236,2182,9098,2956,2462,136,211,3095,1877,2552,350,1578,624,458,33,131,3411,1986,4618,708,2973,937,741,68,128,9921,1221,4205,251,3532,422,332,27,61,7293,3039,10591,1904,6247,2440,1656,239,221,8693,2239,14119,1854,9986,2279,1740,26,187,12719,2780,13618,1471,10579,1568,1345,58,107,15180,853,10094,757,8344,993,865,34,93,5351,577,2987,485,1934,568,335,151,82,7726,3329,13512,2420,7923,3169,2708,214,247,6610,1959,5514,594,4078,842,741,13,88,3048,814,1225,122,852,251,195,19,37,354548,110784,309813,44260,207046,58507,49174,2553,5826
2020-07-05,6240,1471,2768,194,2096,478,398,10,70,6526,13656,11602,2709,6601,2292,2024,30,222,4117,625,2043,101,1757,185,139,6,40,2489,2138,3163,367,2258,538,447,52,39,16630,2212,7840,438,6736,666,559,22,85,1047,951,777,96,435,246,168,18,60,2261,15037,5080,822,3122,1136,942,63,131,4964,1484,5595,1197,3278,1120,769,236,115,83526,16429,76334,10523,52003,13808,11938,324,1541,5787,671,2433,184,1951,298,244,8,46,20658,3457,11241,952,8495,1794,1602,62,130,4770,944,7721,1289,5347,1085,878,82,114,3506,1325,4416,784,2498,1134,1009,41,83,19479,5910,9167,1051,6061,2055,1698,101,254,31873,11386,34031,7780,16405,9846,8864,167,761,12925,560,7189,638,5662,889,778,27,83,3055,1903,3471,822,1668,981,915,20,46,2144,1294,2090,279,1405,406,327,23,56,23428,5236,9667,567,7439,1661,1241,197,222,3661,1146,7680,797,5693,1190,1014,64,112,13947,2739,14384,2233,9153,2998,2494,135,222,3115,1877,2587,356,1592,639,469,34,134,3427,2007,4676,725,3003,948,743,68,137,10015,1222,4261,258,3573,430,337,28,63,7336,3050,10683,1948,6275,2460,1673,239,228,8772,2253,14397,1905,10194,2298,1752,26,191,12782,2819,13759,1506,10677,1576,1357,58,105,15311,854,10278,801,8478,999,874,34,90,5416,577,3032,495,1948,589,351,153,85,7805,3345,13714,2469,8020,3225,2751,216,258,6662,1975,5591,604,4122,865,761,13,91,3083,815,1246,123,865,258,198,22,38,356757,111368,312916,45013,208810,59093,49714,2579,5852
2020-07-06,6358,1522,2866,196,2174,496,412,10,74,6601,13769,11817,2751,6761,2305,2035,30,222,4209,626,2133,103,1833,197,145,6,46,2553,2189,3245,380,2316,549,458,50,41,16882,2253,8164,455,7025,684,576,22,86,1078,958,810,99,457,254,171,19,64,2284,15331,5119,830,3148,1141,952,63,126,5054,1484,5687,1211,3349,1127,780,238,109,85393,16529,77557,10622,52960,13975,12100,331,1539,5920,674,2507,188,2011,308,254,9,45,21260,3494,11724,987,8871,1866,1670,62,134,4845,954,7874,1305,5462,1107,899,84,112,3559,1336,4516,791,2566,1159,1030,43,85,19783,5989,9421,1079,6240,2102,1733,104,263,32487,11522,34573,7889,16726,9958,8979,171,752,13208,560,7329,648,5781,900,789,28,82,3096,1923,3515,825,1692,998,926,21,51,2181,1321,2167,287,1464,416,335,25,56,23827,5283,10215,596,7885,1734,1303,203,227,3712,1170,7945,812,5915,1218,1033,69,116,14320,2800,14735,2290,9418,3027,2519,136,224,3156,1882,2644,360,1633,651,480,34,135,3453,2032,4868,735,3154,979,771,68,140,10319,1226,4472,269,3757,446,349,29,66,7480,3075,10842,1982,6389,2471,1689,231,225,8984,2292,14980,1959,10679,2342,1780,27,191,12992,2884,14101,1551,10958,1592,1379,59,101,15753,870,10709,853,8853,1003,885,33,84,5553,591,3092,508,1995,589,351,155,83,7934,3385,14107,2524,8300,3283,2805,217,260,6898,2038,5767,629,4263,875,772,13,90,3142,815,1298,127,904,267,202,21,44,364274,112777,320799,45841,214939,60019,50562,2611,5873
2020-07-07,6501,1545,2985,202,2284,499,417,10,72,6674,13874,12026,2783,6916,2327,2054,34,221,4289,627,2244,103,1934,207,149,6,52,2594,2261,3341,400,2381,560,465,50,45,17166,2306,8526,476,7335,715,606,22,87,1101,963,847,99,485,263,175,19,69,2303,15626,5160,848,3163,1149,963,63,123,5128,1485,5780,1224,3417,1139,785,242,112,87208,16657,78734,10724,53930,14080,12206,336,1532,6044,678,2577,197,2069,311,254,11,46,21842,3532,12245,1024,9307,1914,1715,66,133,4916,971,8023,1329,5571,1123,917,87,108,3630,1346,4590,803,2616,1171,1036,44,90,20061,6045,9676,1110,6431,2135,1770,105,258,33068,11648,35033,7962,16992,10079,9086,181,756,13470,561,7463,657,5887,919,806,28,84,3154,1940,3557,827,1714,1016,940,21,55,2217,1331,2230,294,1516,420,339,25,56,24194,5314,10723,624,8309,1790,1360,204,225,3767,1177,8181,830,6103,1248,1052,74,122,14706,2849,15138,2347,9711,3080,2560,138,228,3186,1886,2722,368,1686,668,498,34,134,3502,2058,5027,750,3279,998,784,68,146,10619,1245,4670,280,3929,461,363,29,67,7631,3118,11036,2017,6518,2501,1706,232,232,9174,2325,15529,2011,11116,2402,1821,31,188,13294,2951,14492,1589,11277,1626,1411,60,97,16212,876,11171,899,9246,1026,907,35,83,5710,595,3149,523,2023,603,358,157,88,8062,3447,14556,2579,8618,3359,2871,220,267,7059,2056,5955,652,4406,897,791,13,93,3196,820,1340,134,935,271,207,24,40,371678,114113,328726,46665,221104,60957,51372,2669,5909
2020-07-08,6646,1581,3037,208,2321,508,427,10,71,6775,13991,12240,2807,7088,2345,2069,36,222,4381,629,2335,105,2012,218,156,6,56,2624,2309,3441,413,2439,589,486,52,51,17309,2337,8834,493,7611,730,619,22,89,1127,971,882,102,505,275,182,19,74,2317,15912,5191,858,3173,1160,973,64,123,5210,1492,5884,1233,3496,1155,796,243,116,89059,16766,79888,10801,54896,14191,12305,337,1542,6168,685,2652,204,2129,319,260,11,48,22350,3581,12748,1066,9729,1953,1756,65,131,5004,980,8140,1340,5660,1140,932,88,109,3691,1356,4670,814,2668,1188,1049,43,95,20426,6093,9898,1144,6593,2161,1792,107,260,33754,11774,35538,8037,17270,10231,9224,195,753,13755,563,7584,666,5989,929,815,29,84,3212,1964,3586,832,1734,1020,945,21,54,2256,1343,2274,300,1548,426,344,26,55,24454,5341,11183,650,8694,1839,1408,205,225,3822,1188,8387,841,6270,1276,1069,76,131,15088,2897,15503,2402,9962,3139,2618,140,225,3228,1887,2787,379,1733,675,503,34,136,3553,2077,5200,764,3418,1018,802,69,146,10890,1248,4877,287,4105,485,383,29,71,7726,3160,11212,2052,6623,2537,1726,238,237,9452,2358,16038,2063,11527,2448,1853,32,188,13534,3016,14891,1623,11624,1644,1431,60,94,16515,885,11584,936,9607,1041,920,34,86,5871,601,3204,534,2054,616,368,164,84,8208,3483,14958,2643,8905,3410,2922,220,267,7259,2115,6143,668,4552,923,812,13,97,3260,828,1390,139,969,282,217,24,41,378924,115411,336179,47404,226904,61871,52162,2712,5961
2020-07-09,6824,1620,3080,211,2354,515,435,10,70,6886,14089,12406,2831,7216,2359,2083,37,223,4498,633,2463,108,2128,227,165,6,56,2691,2385,3541,431,2511,599,493,55,51,17460,2359,9140,512,7888,740,627,23,90,1150,981,918,106,531,281,184,19,77,2326,16143,5220,872,3191,1157,972,64,121,5264,1494,5964,1247,3563,1154,793,242,119,90858,16838,80783,10889,55641,14253,12367,339,1540,6286,697,2757,211,2221,325,268,10,47,22762,3631,13258,1109,10154,1995,1796,67,131,5064,988,8280,1352,5766,1162,952,88,112,3754,1364,4744,826,2703,1215,1075,43,96,20758,6169,10112,1171,6748,2193,1820,108,263,34368,11888,35932,8112,17502,10318,9299,198,762,14012,566,7699,671,6080,948,829,29,88,3262,1987,3621,836,1754,1031,957,21,53,2293,1361,2332,312,1594,426,349,23,53,24727,5376,11678,681,9099,1898,1454,211,232,3888,1201,8557,856,6414,1287,1076,77,134,15424,2947,15882,2445,10242,3195,2661,140,235,3259,1901,2861,383,1785,693,516,35,141,3611,2095,5370,788,3560,1022,816,67,138,11147,1252,5108,297,4308,503,404,28,69,7831,3216,11379,2092,6731,2556,1742,241,233,9652,2390,16479,2123,11875,2481,1878,32,191,13798,3067,15323,1656,11971,1696,1475,60,100,16833,887,11984,963,9945,1076,955,34,86,5997,609,3272,546,2091,635,377,169,89,8362,3536,15334,2702,9159,3473,2968,231,273,7444,2169,6334,688,4686,960,843,12,104,3326,835,1427,142,999,286,222,24,40,385815,116674,343238,48169,232410,62659,52851,2743,6017
2020-07-10,6895,1643,3165,213,2432,520,438,10,72,6948,14174,12540,2862,7316,2362,2080,37,230,4602,634,2579,111,2234,234,169,6,59,2732,2427,3650,453,2590,607,499,57,51,17694,2371,9429,525,8142,762,645,24,93,1165,988,976,110,576,290,189,21,79,2350,16383,5259,886,3215,1158,980,64,114,5340,1495,6099,1259,3656,1184,811,249,124,92750,16960,81839,10955,56514,14370,12464,343,1554,6434,699,2823,214,2278,331,272,10,49,23180,3676,13720,1145,10546,2029,1826,66,136,5146,995,8413,1368,5868,1177,965,92,113,3829,1375,4833,842,2760,1231,1088,45,97,21037,6232,10362,1196,6913,2253,1865,110,276,35118,12031,36483,8196,17813,10474,9440,203,766,14249,569,7813,681,6179,953,834,29,88,3308,1995,3664,844,1788,1032,957,21,54,2342,1383,2409,317,1655,437,355,24,57,24933,5400,12144,700,9464,1980,1517,229,233,3938,1218,8754,874,6575,1305,1096,77,132,15747,3007,16231,2487,10470,3274,2726,143,240,3293,1916,2924,386,1834,704,525,37,141,3674,2111,5522,808,3676,1038,835,68,134,11402,1258,5376,311,4550,515,414,29,70,7942,3259,11549,2109,6845,2595,1773,242,237,9843,2464,16903,2178,12209,2516,1909,34,183,14112,3096,15674,1696,12255,1723,1509,60,93,17179,890,12331,995,10226,1110,990,35,84,6150,616,3340,557,2138,645,387,171,87,8495,3573,15657,2757,9373,3527,3015,236,275,7526,2202,6525,713,4815,997,874,16,106,3386,838,1473,148,1040,285,225,24,36,392739,117878,350459,48896,237945,63618,53672,2812,6063
2020-07-11,6924,1644,3181,218,2441,522,442,10,70,6984,14220,12602,2888,7344,2370,2085,37,234,4645,637,2616,116,2262,238,172,6,60,2754,2447,3709,466,2620,623,515,59,49,17778,2387,9549,542,8224,783,663,23,97,1179,988,1004,121,595,288,191,21,75,2364,16531,5274,898,3219,1157,980,64,113,5382,1497,6160,1274,3692,1194,825,252,117,93433,17032,82367,11046,56858,14463,12544,344,1564,6479,700,2853,224,2298,331,272,10,49,23376,3686,13914,1180,10660,2074,1871,66,136,5172,996,8450,1384,5891,1175,965,94,109,3858,1379,4883,855,2780,1248,1101,45,101,21192,6259,10519,1232,7016,2271,1880,111,278,35399,12051,36674,8280,17869,10525,9487,206,767,14365,570,7885,696,6225,964,845,31,86,3317,2000,3680,849,1797,1034,958,21,55,2348,1393,2450,322,1677,451,365,26,59,25100,5412,12473,726,9703,2044,1565,240,238,3970,1232,8875,885,6670,1320,1110,78,132,15936,3019,16434,2526,10598,3310,2755,146,238,3315,1917,2976,388,1867,721,540,38,142,3702,2118,5610,824,3729,1057,853,69,134,11538,1264,5552,319,4693,540,435,29,74,7985,3288,11647,2133,6873,2641,1802,251,248,9958,2482,17173,2237,12391,2545,1936,38,178,14246,3125,15895,1736,12415,1744,1526,59,96,17323,891,12565,1017,10420,1128,1008,34,85,6211,617,3373,568,2154,651,390,171,90,8557,3592,15897,2805,9518,3574,3053,239,281,7582,2245,6616,730,4868,1018,890,16,111,3420,838,1530,153,1081,296,233,26,37,395792,118457,354386,49638,240448,64300,54257,2860,6103
2020-07-12,6986,1645,3224,222,2473,529,448,10,71,7035,14239,12679,2912,7388,2379,2098,38,231,4666,637,2665,123,2295,247,185,6,56,2768,2469,3767,480,2656,631,523,61,47,17827,2401,9639,557,8275,807,686,23,98,1195,999,1028,127,610,291,192,22,76,2372,16705,5296,913,3221,1162,991,64,107,5413,1499,6195,1286,3712,1197,832,251,114,93854,17059,82712,11143,57017,14552,12638,344,1559,6510,703,2876,231,2312,333,278,10,45,23479,3692,14086,1219,10754,2113,1906,70,136,5247,997,8577,1394,5988,1195,979,96,113,3881,1381,4932,871,2802,1259,1116,46,96,21294,6287,10646,1265,7067,2314,1911,114,287,35529,12076,36869,8353,17928,10588,9551,212,760,14418,570,7930,709,6252,969,852,31,84,3332,2002,3701,851,1809,1041,966,21,54,2362,1397,2483,328,1693,462,373,26,62,25195,5419,12721,757,9876,2088,1599,243,245,4004,1240,8941,901,6712,1328,1117,80,131,16001,3036,16610,2574,10698,3338,2780,149,239,3325,1918,3012,396,1883,733,550,39,143,3729,2143,5685,840,3770,1075,866,71,137,11614,1265,5658,334,4769,555,451,30,72,8019,3302,11749,2170,6903,2676,1833,255,248,10033,2490,17387,2288,12531,2568,1957,39,183,14349,3147,16095,1769,12560,1766,1546,62,97,17440,891,12709,1043,10520,1146,1020,36,89,6281,617,3404,580,2159,665,403,172,90,8635,3603,16115,2853,9636,3626,3098,244,283,7649,2278,6716,749,4923,1044,911,17,115,3448,839,1557,158,1087,312,240,28,44,397890,118946,357664,50396,242279,64989,54896,2910,6112
2020-07-13,7077,1668,3312,225,2540,547,459,10,78,7134,14310,12848,2931,7517,2400,2118,38,231,4771,641,2793,129,2405,259,195,6,58,2817,2526,3892,495,2751,646,539,61,46,18011,2436,10045,578,8624,843,723,25,95,1232,1003,1089,134,657,298,201,22,75,2403,16858,5377,925,3286,1166,997,65,104,5502,1502,6326,1299,3813,1214,847,252,115,95748,17161,83999,11229,58075,14695,12753,346,1584,6675,716,2971,236,2400,335,282,11,42,23958,3743,14657,1248,11226,2183,1965,72,145,5376,1005,8744,1414,6119,1211,989,98,115,3964,1397,5050,888,2880,1282,1141,46,94,21661,6364,10954,1302,7301,2351,1949,117,283,36195,12219,37455,8420,18335,10700,9666,217,751,14729,572,8080,722,6376,982,864,31,85,3376,2027,3754,860,1843,1051,974,21,56,2411,1422,2558,337,1750,471,378,26,65,25544,5457,13310,798,10339,2173,1677,245,250,4082,1253,9119,920,6863,1336,1130,80,126,16361,3097,17058,2639,11045,3374,2817,150,235,3358,1929,3095,404,1939,752,567,40,144,3800,2163,5876,854,3914,1108,892,72,143,11916,1271,6016,351,5090,575,471,30,72,8165,3354,11944,2210,7054,2680,1848,257,235,10241,2520,18002,2344,13045,2613,1992,38,186,14649,3196,16545,1812,12939,1794,1568,63,98,17828,899,13145,1085,10888,1172,1044,38,89,6459,620,3468,589,2201,678,409,172,97,8823,3674,16577,2925,9947,3705,3171,252,281,7763,2312,6929,769,5090,1070,936,17,116,3503,841,1603,159,1119,325,250,29,46,405532,120156,366591,51231,249371,65989,55812,2947,6140
2020-07-14,7178,1692,3389,230,2600,559,472,10,77,7217,14395,13028,2953,7650,2425,2140,38,232,4887,643,2913,132,2515,266,201,6,59,2874,2574,3969,507,2807,655,548,63,44,18216,2468,10412,605,8939,868,744,27,97,1253,1019,1149,138,698,313,211,22,80,2427,17017,5480,941,3370,1169,1004,64,101,5590,1502,6428,1308,3884,1236,867,254,115,97754,17295,85112,11326,58992,14794,12845,350,1593,6835,722,3061,244,2477,340,288,11,41,24380,3799,15225,1287,11717,2221,1998,74,148,5481,1015,8910,1437,6260,1213,997,97,110,4038,1403,5158,900,2953,1305,1168,45,92,22023,6430,11272,1328,7552,2392,1983,120,287,36787,12344,37935,8505,18620,10810,9771,219,754,15033,572,8222,730,6496,996,875,32,86,3422,2046,3796,864,1867,1065,985,22,58,2441,1450,2611,346,1790,475,384,27,64,25857,5493,13909,831,10789,2289,1784,246,258,4118,1272,9328,941,7036,1351,1135,82,134,16703,3142,17504,2683,11376,3445,2882,149,244,3396,1934,3156,407,1986,763,576,40,146,3888,2192,6061,879,4054,1128,911,73,143,12205,1274,6370,367,5403,600,499,30,69,8289,3396,12131,2246,7158,2727,1890,262,235,10398,2562,18497,2407,13471,2619,2001,37,182,14937,3227,17003,1844,13327,1832,1607,63,102,18273,901,13652,1113,11324,1215,1082,42,90,6585,620,3563,608,2263,692,418,178,96,8962,3723,17018,2976,10217,3825,3275,258,292,7876,2367,7130,791,5245,1094,956,20,117,3575,842,1662,165,1164,333,255,31,47,412898,121331,375054,52039,256000,67015,56752,2992,6193
2020-07-15,7308,1720,3481,233,2681,567,478,11,78,7299,14495,13210,2962,7787,2461,2169,40,236,5021,648,3046,138,2633,275,207,7,61,2952,2616,4088,519,2895,674,560,67,47,18357,2490,10714,634,9182,898,770,28,100,1289,1021,1199,144,738,317,217,22,78,2450,17198,5528,950,3400,1178,1010,65,103,5695,1503,6547,1313,3974,1260,881,256,123,100531,17396,86535,11425,60179,14931,12979,351,1597,6973,735,3144,248,2546,350,293,12,45,24838,3834,15849,1326,12253,2270,2043,76,150,5600,1017,9044,1451,6359,1234,1014,100,112,4099,1420,5260,916,3018,1326,1189,47,90,22404,6490,11549,1367,7769,2413,2010,120,281,37476,12458,38546,8574,19035,10937,9890,223,758,15318,573,8357,745,6612,1000,883,32,82,3480,2065,3833,867,1895,1071,991,23,57,2486,1475,2674,350,1836,488,393,29,66,26125,5533,14498,879,11246,2373,1864,247,261,4185,1283,9490,958,7171,1361,1142,88,131,16973,3201,17944,2724,11703,3517,2951,151,242,3437,1944,3257,411,2060,786,592,40,153,4006,2222,6210,894,4159,1157,938,76,143,12462,1288,6792,386,5772,634,524,34,73,8390,3449,12299,2288,7256,2755,1903,273,238,10499,2600,18959,2454,13847,2658,2031,36,183,15237,3282,17457,1880,13709,1868,1636,64,104,18626,907,14129,1151,11735,1243,1107,42,93,6669,621,3653,628,2330,695,424,177,94,9152,3801,17551,3030,10583,3938,3370,261,307,8011,2420,7338,825,5407,1106,966,22,117,3643,846,1737,172,1221,344,260,34,50,420991,122551,383918,52842,262991,68085,57685,3054,6253
2020-07-16,7383,1744,3562,236,2743,583,491,11,81,7362,14583,13367,2988,7896,2483,2188,42,236,5122,649,3162,140,2741,281,210,7,64,3002,2662,4202,537,2972,693,577,69,47,18508,2518,11023,661,9448,914,786,27,101,1319,1024,1273,148,796,329,227,22,80,2472,17374,5585,961,3442,1182,1019,65,98,5794,1504,6654,1320,4052,1282,900,257,125,103162,17510,87877,11508,61318,15051,13078,358,1612,7154,739,3227,256,2618,353,296,13,44,25373,3881,16407,1359,12727,2321,2091,77,152,5736,1021,9210,1459,6505,1246,1024,100,114,4165,1429,5371,930,3096,1345,1205,48,92,22752,6557,11822,1402,7965,2455,2050,122,281,38216,12580,39031,8659,19356,11016,9975,225,750,15578,573,8479,752,6711,1016,899,32,82,3566,2088,3873,872,1922,1079,1000,23,56,2525,1506,2739,355,1877,507,407,32,68,26378,5557,15063,916,11705,2442,1936,247,258,4217,1298,9670,969,7316,1385,1155,95,135,17252,3258,18365,2782,11983,3600,3026,152,245,3487,1949,3336,419,2119,798,602,41,154,4114,2249,6356,906,4269,1181,964,77,140,12722,1294,7158,409,6093,656,547,33,74,8472,3492,12435,2315,7331,2789,1932,274,238,10600,2625,19358,2507,14169,2682,2050,35,190,15554,3313,17870,1920,14065,1885,1654,64,105,19009,908,14617,1199,12149,1269,1129,43,95,6764,624,3741,639,2384,718,431,181,106,9283,3851,17965,3107,10844,4014,3446,268,300,8161,2501,7552,851,5568,1133,992,24,116,3725,849,1834,177,1302,355,270,37,48,428927,123710,392184,53659,269482,69043,58557,3101,6287
2020-07-17,7439,1766,3643,238,2803,602,508,11,83,7437,14659,13512,3014,8003,2495,2206,45,228,5272,650,3252,148,2813,291,220,7,64,3055,2703,4307,551,3058,698,580,70,48,18819,2531,11329,682,9691,956,821,28,107,1342,1027,1327,155,836,336,233,24,79,2496,17520,5625,973,3467,1185,1022,65,98,5908,1506,6752,1327,4127,1298,908,258,132,106008,17603,89233,11585,62493,15155,13175,361,1617,7313,743,3315,262,2688,365,304,15,46,25817,3919,16852,1395,13092,2365,2132,78,154,5838,1032,9334,1474,6603,1257,1032,102,114,4226,1436,5479,947,3166,1366,1225,50,91,23166,6616,12100,1424,8168,2508,2093,125,288,38927,12687,39561,8725,19750,11086,10047,227,746,15774,575,8641,765,6844,1032,911,33,85,3622,2102,3911,877,1947,1087,1008,22,57,2576,1537,2798,361,1921,516,416,33,67,26673,5585,15589,949,12113,2527,2002,258,266,4267,1304,9846,985,7471,1390,1163,97,130,17596,3315,18790,2834,12276,3680,3094,154,248,3529,1950,3421,428,2177,816,616,42,156,4234,2278,6495,930,4373,1192,973,77,142,12966,1299,7567,426,6445,696,584,34,76,8560,3530,12589,2351,7429,2809,1942,275,244,10697,2695,19774,2546,14508,2720,2080,37,186,15846,3354,18321,1962,14439,1920,1684,66,106,19363,915,15041,1234,12481,1326,1174,44,106,6853,631,3822,655,2442,725,432,186,107,9459,3898,18368,3171,11098,4099,3531,270,298,8315,2541,7744,875,5716,1153,1011,24,117,3778,857,1896,180,1349,367,276,40,51,437171,124764,400234,54429,275787,70018,59403,3158,6337
2020-07-18,7448,1772,3662,241,2814,607,511,11,85,7464,14715,13597,3032,8049,2516,2223,45,232,5317,651,3315,150,2862,303,227,7,68,3082,2741,4355,562,3077,716,593,72,51,18934,2544,11496,700,9810,986,845,28,113,1361,1037,1369,158,865,346,240,24,82,2502,17588,5647,980,3478,1189,1028,65,96,5942,1510,6803,1334,4158,1311,919,258,134,107244,17663,90038,11666,63118,15254,13276,363,1613,7351,746,3347,269,2713,365,306,15,44,26009,3925,17068,1438,13228,2402,2167,81,153,5939,1032,9449,1490,6695,1264,1037,104,114,4270,1449,5550,960,3208,1382,1240,51,91,23329,6651,12283,1451,8266,2566,2147,125,292,39138,12725,39775,8797,19822,11156,10109,232,749,15864,576,8743,769,6930,1044,921,34,86,3641,2105,3926,880,1955,1091,1012,22,57,2605,1551,2850,367,1956,527,426,35,66,26845,5590,15837,994,12289,2554,2021,270,262,4286,1320,9963,997,7561,1405,1177,99,129,17809,3332,19011,2896,12404,3711,3121,156,248,3547,1950,3469,438,2209,822,623,42,155,4265,2291,6564,943,4405,1216,982,78,156,13121,1306,7787,439,6632,716,606,34,74,8644,3544,12666,2376,7460,2830,1957,276,252,10754,2725,19990,2590,14673,2727,2097,37,176,15979,3378,18554,1992,14615,1947,1706,67,108,19491,917,15315,1267,12689,1359,1206,44,107,6908,631,3861,673,2463,725,433,188,104,9523,3919,18621,3239,11233,4149,3569,273,307,8373,2568,7839,902,5759,1178,1034,25,118,3823,857,1937,186,1380,371,276,43,52,440808,125309,404687,55176,278776,70735,60035,3204,6374
2020-07-19,7517,1777,3675,243,2823,609,511,11,87,7487,14741,13691,3056,8087,2548,2250,45,236,5332,652,3354,153,2887,314,236,7,70,3110,2756,4411,580,3110,721,602,73,46,18985,2553,11599,723,9878,998,855,27,116,1381,1050,1406,161,892,353,243,24,86,2513,17687,5712,983,3522,1207,1043,65,99,5980,1510,6846,1347,4182,1317,922,259,136,107709,17710,90410,11751,63328,15331,13362,364,1603,7367,747,3363,271,2722,370,312,15,43,26118,3936,17223,1473,13306,2444,2198,85,160,6008,1038,9579,1507,6805,1267,1043,108,107,4292,1456,5607,969,3235,1403,1258,52,93,23428,6679,12400,1481,8314,2605,2188,126,289,39268,12761,40000,8875,19904,11221,10178,236,741,15930,577,8791,776,6958,1057,932,35,87,3651,2109,3944,889,1961,1094,1016,22,56,2624,1559,2889,382,1979,528,431,34,63,26924,5592,16033,1036,12394,2603,2065,276,260,4304,1323,10032,1017,7597,1418,1186,99,133,17863,3349,19194,2949,12491,3754,3154,157,255,3559,1950,3505,447,2226,832,630,42,158,4291,2300,6632,958,4444,1230,988,78,164,13201,1310,8034,458,6826,750,635,35,78,8687,3561,12727,2419,7470,2838,1966,275,252,10806,2743,20185,2632,14813,2740,2119,38,169,16075,3393,18765,2030,14766,1969,1735,66,104,19609,920,15541,1302,12837,1402,1251,44,105,6949,632,3911,685,2482,744,450,189,105,9579,3935,18839,3310,11338,4191,3593,285,313,8464,2606,7924,924,5800,1200,1053,27,119,3836,858,1966,191,1393,382,279,47,56,442847,125770,408188,55978,280770,71440,60684,3246,6389
2020-07-20,7618,1803,3738,248,2873,617,519,11,87,7574,14817,13857,3082,8211,2564,2264,46,239,5449,652,3511,161,3018,332,249,7,74,3188,2804,4533,590,3208,735,615,73,47,19173,2620,11902,747,10128,1027,880,28,119,1437,1054,1471,166,937,368,251,26,91,2541,17813,5764,995,3555,1214,1052,66,96,6075,1518,6963,1359,4270,1334,934,261,139,110102,17840,91788,11825,64475,15488,13495,365,1626,7515,754,3470,281,2807,382,320,18,44,26701,3977,17722,1509,13737,2476,2239,87,150,6144,1039,9819,1521,7019,1279,1053,109,109,4354,1470,5787,984,3359,1444,1300,54,90,23822,6762,12731,1520,8545,2666,2242,136,286,39921,12886,40660,8940,20354,11366,10300,245,752,16249,579,8986,782,7124,1080,954,37,86,3700,2122,3987,892,1994,1101,1023,22,56,2668,1598,2968,388,2040,540,442,35,63,27228,5648,16611,1070,12869,2672,2130,276,264,4357,1338,10227,1029,7753,1445,1205,106,134,18215,3412,19705,3001,12854,3850,3244,158,258,3609,1958,3587,455,2286,846,644,42,158,4373,2320,6813,985,4574,1254,1013,77,164,13482,1323,8454,478,7200,776,654,34,85,8828,3589,12874,2451,7565,2858,1985,273,252,10940,2844,20604,2675,15154,2775,2155,41,165,16373,3447,19221,2065,15153,2003,1765,66,111,20008,925,15986,1342,13189,1455,1309,45,100,7153,644,3999,701,2541,757,460,190,107,9779,3976,19341,3379,11686,4276,3664,296,316,8603,2640,8189,963,5995,1231,1081,26,123,3909,860,2053,198,1466,389,288,46,55,451088,127032,417321,56782,287939,72600,61729,3302,6446
2020-07-21,7679,1831,3814,250,2931,633,531,11,91,7672,14892,13999,3100,8305,2594,2290,46,242,5603,654,3620,165,3115,340,257,8,73,3248,2835,4639,607,3280,752,633,74,45,19460,2660,12220,776,10386,1058,909,28,121,1470,1057,1537,174,984,379,260,26,93,2562,17912,5793,1006,3577,1210,1048,66,96,6189,1520,7074,1367,4357,1350,945,264,141,112348,17914,93162,11914,65629,15619,13615,368,1634,7673,761,3589,284,2917,388,324,18,46,27337,4019,18380,1553,14314,2513,2277,92,144,6237,1043,9961,1538,7131,1292,1063,112,109,4404,1483,5930,1000,3464,1466,1319,54,93,24192,6876,13043,1556,8766,2721,2296,137,286,40514,13000,41327,9003,20810,11514,10430,249,766,16551,582,9162,788,7265,1109,982,38,87,3754,2139,4026,898,2024,1104,1026,22,56,2704,1632,3041,398,2102,541,440,36,65,27538,5690,17203,1110,13348,2745,2198,277,268,4394,1349,10398,1043,7893,1462,1216,109,137,18541,3484,20100,3062,13127,3911,3295,163,258,3645,1964,3661,459,2336,866,659,42,163,4450,2336,6967,1010,4687,1270,1024,79,167,13767,1347,8864,508,7548,808,683,38,84,8974,3617,13016,2477,7654,2885,2006,276,253,11079,2909,20898,2730,15380,2788,2164,39,167,16668,3489,19698,2104,15549,2045,1801,67,112,20351,931,16402,1386,13531,1485,1340,45,99,7320,646,4060,713,2584,763,463,192,108,9953,4024,19834,3440,12061,4333,3718,299,316,8718,2681,8425,999,6178,1248,1097,28,123,3998,862,2138,204,1536,398,297,47,54,458993,128139,425981,57622,294769,73590,62606,3350,6497
2020-07-22,7781,1860,3870,252,2971,647,544,11,92,7767,14986,14141,3122,8408,2611,2301,46,245,5745,654,3735,170,3209,356,272,9,73,3303,2860,4735,617,3363,755,634,76,45,19695,2710,12521,800,10644,1077,929,28,120,1510,1062,1619,183,1046,390,267,27,96,2578,18046,5843,1011,3612,1220,1059,66,95,6289,1522,7207,1384,4457,1366,963,265,138,114693,17993,94578,11976,66813,15789,13749,375,1663,7823,762,3684,288,3005,391,327,18,46,27988,4052,18942,1590,14802,2550,2312,95,143,6323,1045,10108,1549,7261,1298,1073,112,105,4492,1500,6050,1014,3548,1488,1338,56,94,24503,6955,13321,1582,8953,2786,2345,143,296,41258,13176,41951,9064,21244,11643,10543,251,780,16817,583,9324,795,7406,1123,993,39,90,3804,2146,4065,900,2050,1115,1036,23,56,2753,1664,3124,405,2164,555,448,38,68,27825,5734,17722,1161,13772,2789,2252,274,261,4447,1381,10574,1064,8036,1474,1234,107,133,18924,3541,20497,3117,13396,3984,3355,167,263,3687,1983,3740,470,2391,879,671,43,163,4523,2359,7143,1025,4813,1305,1054,83,168,14042,1360,9249,536,7885,828,702,38,85,9100,3647,13145,2504,7731,2910,2023,276,260,11199,2974,21190,2757,15620,2813,2186,39,168,16923,3524,20093,2141,15891,2061,1818,68,112,20737,936,16798,1422,13858,1518,1368,46,103,7445,651,4134,731,2630,773,469,198,106,10130,4056,20261,3497,12358,4406,3798,301,307,8922,2736,8685,1042,6373,1270,1120,28,122,4050,868,2236,206,1620,410,305,49,56,467076,129326,434285,58375,301330,74580,63488,3395,6552
2020-07-23,7849,1893,3944,260,3031,653,552,11,90,7858,15073,14265,3145,8499,2621,2311,46,246,5880,657,3878,175,3341,362,277,9,74,3358,2907,4823,627,3413,783,661,77,45,19934,2738,12847,823,10915,1109,956,28,125,1558,1064,1692,185,1100,407,280,27,98,2596,18167,5870,1014,3629,1227,1066,66,95,6386,1530,7337,1393,4553,1391,979,268,144,116895,18107,95882,12051,67917,15914,13869,378,1666,7986,768,3770,296,3081,393,330,17,46,28486,4091,19476,1613,15251,2612,2369,96,147,6427,1050,10330,1565,7458,1307,1084,109,106,4597,1509,6184,1022,3646,1516,1363,56,97,24734,7033,13547,1616,9099,2832,2384,147,299,41911,13311,42425,9136,21551,11738,10637,252,780,17142,584,9524,805,7578,1141,1011,39,89,3851,2170,4109,904,2077,1128,1050,23,55,2805,1700,3193,416,2214,563,456,39,67,28139,5777,18336,1209,14247,2880,2336,274,268,4483,1389,10735,1076,8156,1503,1257,110,136,19268,3604,20885,3172,13676,4037,3399,168,269,3732,1988,3814,478,2442,894,682,45,165,4594,2372,7293,1042,4927,1324,1072,83,169,14284,1369,9646,569,8216,861,728,39,92,9254,3703,13284,2529,7821,2934,2041,282,261,11323,3028,21516,2804,15881,2831,2201,40,164,17153,3553,20526,2173,16258,2095,1845,70,120,21088,943,17158,1469,14146,1543,1392,47,103,7636,654,4193,747,2671,775,471,200,104,10299,4099,20661,3556,12620,4485,3875,304,306,9080,2792,8927,1074,6561,1292,1147,28,117,4201,882,2312,215,1677,420,311,49,60,474787,130505,442382,59159,307652,75571,64392,3427,6603
2020-07-24,7873,1923,4017,270,3092,655,555,11,89,7946,15172,14404,3161,8599,2644,2335,47,243,6010,660,3985,182,3436,367,282,10,74,3399,2935,4909,639,3473,797,673,80,44,20202,2775,13185,838,11197,1150,986,28,136,1591,1073,1762,195,1157,410,285,27,96,2655,18500,5918,1020,3666,1232,1071,65,96,6477,1532,7447,1402,4639,1406,987,267,152,119339,18178,97157,12117,68990,16050,13981,379,1689,8120,771,3844,297,3143,404,338,17,49,28955,4194,19985,1666,15674,2645,2406,97,142,6555,1056,10528,1579,7630,1319,1093,111,107,4676,1513,6306,1036,3716,1554,1395,56,103,24990,7107,13773,1640,9244,2889,2434,153,300,42673,13399,42904,9203,21869,11832,10725,258,780,17407,587,9707,818,7730,1159,1025,39,92,3884,2184,4142,918,2097,1127,1052,23,52,2856,1728,3271,418,2279,574,466,39,68,28462,5819,18886,1256,14676,2954,2394,277,281,4521,1400,10900,1093,8294,1513,1266,110,137,19559,3665,21248,3221,13921,4106,3457,169,275,3777,1993,3873,482,2482,909,693,45,169,4660,2393,7445,1058,5040,1347,1096,82,169,14514,1385,10048,593,8568,887,752,41,92,9393,3739,13417,2557,7915,2945,2049,285,262,11434,3051,21874,2837,16183,2854,2222,41,160,17340,3592,20959,2200,16636,2123,1868,70,120,21377,947,17563,1508,14482,1573,1420,47,105,7780,658,4272,759,2731,782,474,204,104,10468,4157,21099,3610,12941,4548,3939,309,300,9262,2845,9186,1097,6772,1317,1170,29,118,4285,884,2397,224,1744,429,320,51,58,482440,131815,450411,59894,314016,76501,65209,3467,6662
2020-07-25,7888,1923,4038,275,3100,663,560,11,92,7979,15224,14484,3190,8646,2648,2345,47,236,6050,660,4051,187,3489,375,286,11,77,3431,2964,4946,650,3487,809,681,80,48,20258,2803,13377,862,11350,1165,999,27,139,1618,1078,1799,200,1180,419,294,27,96,2664,18584,5934,1025,3671,1238,1079,65,94,6500,1534,7501,1409,4675,1417,997,267,153,120338,18227,97880,12196,69498,16186,14101,385,1699,8150,773,3861,306,3150,405,339,17,49,29113,4216,20216,1706,15820,2690,2446,97,147,6641,1057,10626,1595,7712,1319,1095,110,106,4712,1526,6378,1057,3757,1564,1405,56,103,25106,7126,13904,1672,9301,2931,2469,157,303,42928,13449,43075,9270,21921,11884,10777,259,779,17533,589,9789,834,7786,1169,1035,40,91,3894,2185,4165,923,2106,1136,1061,23,52,2882,1753,3302,428,2297,577,468,39,69,28622,5826,19161,1294,14859,3008,2430,282,294,4545,1407,11022,1102,8386,1534,1283,113,138,19736,3681,21507,3282,14084,4141,3489,170,276,3806,1993,3923,490,2508,925,711,45,167,4697,2402,7509,1073,5071,1365,1116,82,167,14646,1390,10292,621,8754,917,776,43,96,9448,3749,13490,2583,7933,2974,2074,287,260,11527,3062,22063,2867,16332,2864,2227,41,161,17468,3614,21174,2236,16808,2130,1877,70,122,21519,948,17815,1540,14679,1596,1442,47,106,7835,658,4292,768,2741,783,472,206,105,10544,4173,21309,3675,13048,4586,3975,313,298,9320,2870,9284,1125,6822,1337,1184,31,122,4320,884,2455,232,1775,448,337,51,60,485718,132328,454622,60673,316746,77203,65830,3499,6705
2020-07-26,8080,1934,4058,279,3110,669,564,11,94,8001,15242,14547,3207,8679,2661,2354,47,240,6079,660,4090,197,3511,382,296,10,75,3443,2972,4971,668,3497,806,674,84,48,20299,2827,13492,878,11416,1198,1024,27,147,1631,1081,1841,204,1209,428,303,26,97,2670,18836,5957,1029,3687,1241,1080,65,96,6524,1535,7554,1419,4698,1437,1019,266,152,120806,18285,98235,12283,69697,16255,14169,385,1700,8190,775,3899,311,3172,416,347,17,52,29230,4225,20403,1746,15917,2740,2493,101,146,6673,1057,10716,1612,7774,1330,1109,111,104,4735,1534,6450,1070,3787,1593,1434,56,103,25156,7148,14043,1698,9360,2985,2513,158,312,43085,13480,43227,9327,21979,11921,10824,260,768,17624,591,9859,852,7830,1177,1044,40,90,3904,2189,4185,928,2115,1142,1068,23,51,2898,1766,3332,437,2306,589,480,39,69,28683,5830,19294,1338,14928,3028,2444,280,302,4564,1412,11080,1113,8416,1551,1296,115,140,19796,3697,21637,3341,14133,4163,3514,172,272,3824,1994,3967,499,2533,935,724,46,163,4724,2411,7568,1088,5096,1384,1134,83,167,14707,1391,10435,641,8868,926,786,44,94,9486,3757,13570,2616,7961,2993,2083,290,264,11629,3068,22254,2908,16487,2859,2239,41,146,17576,3624,21378,2263,16977,2138,1883,71,122,21600,949,17915,1586,14716,1613,1457,47,108,7876,658,4325,785,2752,788,476,206,106,10626,4188,21548,3740,13180,4628,4020,316,292,9406,2888,9380,1149,6868,1363,1206,31,126,4363,885,2482,246,1785,451,337,51,63,487888,132889,457692,61458,318444,77790,66394,3519,6709
2020-07-27,8329,1974,4129,282,3165,682,574,12,96,8104,15313,14699,3232,8789,2678,2371,47,241,6188,664,4265,203,3664,398,312,11,74,3490,2986,5042,683,3543,816,680,87,49,20536,2858,13932,897,11790,1245,1063,27,155,1687,1084,1895,212,1252,431,307,26,96,2693,18957,6001,1038,3724,1239,1079,66,94,6625,1537,7659,1428,4779,1452,1032,266,154,122794,18367,99540,12367,70771,16402,14292,387,1722,8368,794,4004,315,3259,430,358,20,52,29756,4273,21010,1792,16418,2800,2550,100,150,6815,1066,10917,1620,7949,1348,1125,114,104,4797,1544,6582,1087,3870,1625,1461,56,108,25437,7237,14376,1734,9599,3043,2573,161,307,43770,13557,43783,9394,22339,12050,10928,268,785,17962,592,10071,864,8009,1198,1063,40,90,3946,2204,4237,930,2156,1151,1076,24,51,2933,1785,3412,445,2366,601,493,40,67,28812,5858,19521,1394,15055,3072,2490,282,298,4614,1424,11249,1127,8548,1574,1309,118,147,20112,3767,22091,3392,14450,4249,3598,174,269,3859,2003,4052,503,2583,966,745,48,170,4812,2443,7751,1102,5243,1406,1152,84,170,14979,1396,10839,664,9204,971,829,46,94,9642,3789,13772,2653,8101,3018,2108,294,261,11838,3103,22659,2947,16831,2881,2260,43,143,17877,3662,21845,2298,17382,2165,1907,71,124,21897,956,18233,1627,14968,1638,1480,46,111,8049,661,4426,798,2823,805,485,215,105,10803,4231,22010,3802,13521,4687,4066,323,298,9539,2913,9657,1189,7082,1386,1230,34,122,4425,889,2560,248,1836,476,355,54,67,495488,133887,466219,62267,325069,78883,67351,3584,6774
2020-07-28,8573,1991,4192,286,3211,695,584,12,99,8198,15394,14834,3253,8891,2690,2384,46,242,6330,666,4419,211,3795,413,325,11,76,3567,3017,5126,693,3598,835,694,88,53,20819,2891,14323,925,12124,1274,1086,29,159,1724,1098,1969,217,1309,443,314,26,101,2736,19168,6040,1041,3756,1243,1085,67,91,6711,1540,7777,1445,4882,1450,1033,268,149,125089,18491,100846,12434,71866,16546,14415,387,1743,8528,815,4102,317,3347,438,363,20,55,30239,4302,21648,1831,16973,2844,2592,101,151,6962,1075,11097,1627,8106,1364,1137,118,104,4861,1550,6710,1104,3964,1642,1480,56,106,25695,7294,14620,1776,9770,3074,2608,158,306,44438,13631,44230,9457,22613,12160,11029,269,793,18297,593,10311,878,8212,1221,1082,43,91,3985,2225,4288,932,2192,1164,1087,25,52,2967,1831,3472,454,2405,613,507,41,64,29000,5896,19891,1454,15308,3129,2544,282,301,4673,1436,11399,1145,8673,1581,1314,122,145,20446,3821,22451,3435,14700,4316,3652,174,274,3890,2010,4142,509,2648,985,762,48,172,4881,2460,7896,1119,5359,1418,1163,84,171,15242,1409,11246,701,9549,996,854,46,94,9791,3809,13930,2674,8197,3059,2140,298,266,12012,3126,23101,2981,17220,2900,2281,43,137,18162,3696,22244,2331,17736,2177,1920,71,123,22202,960,18556,1658,15207,1691,1532,48,110,8180,665,4496,810,2877,809,494,211,104,10955,4285,22383,3862,13782,4739,4115,324,300,9754,2953,9989,1231,7351,1407,1254,35,118,4544,900,2693,254,1947,492,372,53,67,503451,134998,474421,63045,331568,79808,68202,3604,6817
2020-07-29,8694,2027,4250,290,3247,713,600,13,100,8280,15470,14960,3270,8976,2714,2403,49,244,6441,674,4535,220,3887,428,336,10,81,3596,3045,5200,706,3646,848,708,89,51,21033,2925,14656,945,12400,1311,1114,31,166,1758,1100,2025,220,1346,459,326,27,104,2775,19383,6068,1050,3776,1242,1083,67,92,6805,1541,7894,1459,4967,1468,1048,269,151,127434,18586,102127,12485,72954,16688,14533,388,1766,8704,836,4190,320,3421,449,370,23,56,30738,4361,22136,1866,17382,2888,2632,99,157,7136,1081,11235,1633,8221,1381,1150,122,104,4948,1569,6823,1124,4040,1659,1493,57,109,25954,7341,14860,1800,9955,3105,2639,161,303,45104,13695,44778,9519,22986,12273,11138,271,795,18532,596,10522,896,8386,1240,1102,44,91,4015,2238,4332,933,2217,1182,1104,25,53,2991,1862,3524,462,2437,625,515,40,69,29185,5942,20185,1494,15501,3190,2596,282,310,4728,1437,11566,1155,8798,1613,1340,124,149,20794,3880,22803,3492,14944,4367,3697,179,273,3935,2018,4230,516,2713,1001,774,48,176,4967,2472,8050,1132,5487,1431,1175,85,171,15540,1430,11618,726,9864,1028,886,44,96,9912,3852,14083,2701,8305,3077,2149,303,269,12221,3151,23522,3004,17599,2919,2290,43,137,18444,3744,22652,2355,18096,2201,1939,71,128,22455,967,18907,1699,15482,1726,1565,48,112,8318,665,4577,818,2932,827,508,211,108,11118,4306,22733,3925,14017,4791,4160,325,306,9898,2984,10287,1255,7592,1440,1280,35,125,4622,908,2767,260,1996,511,384,54,73,511075,136086,482095,63730,337570,80795,69037,3637,6925
2020-07-30,8766,2054,4308,293,3290,725,607,13,105,8428,15559,15093,3295,9076,2722,2416,49,241,6596,678,4690,233,4027,430,340,9,80,3661,3073,5267,711,3688,868,726,90,52,21273,2944,14991,982,12694,1315,1120,32,163,1788,1104,2091,229,1384,478,341,27,108,2830,19506,6088,1055,3790,1243,1082,68,93,6880,1544,8016,1472,5057,1487,1063,270,154,129777,18674,103404,12571,74013,16820,14654,387,1778,8844,840,4272,326,3486,460,380,23,57,31228,4475,22682,1907,17837,2938,2674,101,163,7305,1085,11432,1648,8389,1395,1161,124,105,5018,1581,6957,1143,4130,1684,1518,58,108,26162,7398,15086,1837,10090,3159,2683,163,311,45867,13783,45223,9569,23277,12377,11227,273,808,18767,599,10704,904,8534,1266,1121,48,94,4075,2253,4386,934,2252,1200,1120,25,55,3027,1893,3577,467,2473,637,527,41,68,29349,5983,20542,1534,15746,3262,2665,282,313,4763,1443,11705,1168,8910,1627,1354,121,152,21109,3954,23175,3557,15204,4414,3740,181,266,3980,2022,4313,526,2773,1014,785,49,177,5043,2500,8171,1150,5579,1442,1189,85,168,15778,1449,11913,748,10122,1043,901,45,95,10008,3887,14222,2718,8397,3107,2175,308,266,12428,3158,23957,3036,18003,2918,2289,42,133,18726,3763,22995,2388,18393,2214,1961,72,121,22752,969,19183,1734,15709,1740,1575,49,115,8476,665,4639,830,2977,832,514,211,107,11278,4364,23059,3970,14215,4874,4237,324,313,10064,3044,10661,1277,7918,1466,1301,35,130,4719,914,2869,267,2076,526,390,58,78,518765,137158,489671,64479,343509,81683,69836,3663,6977
2020-07-31,8825,2083,4377,298,3343,736,618,13,105,8573,15625,15246,3310,9193,2743,2433,49,246,6723,681,4791,237,4111,443,349,9,84,3690,3098,5327,722,3725,880,735,94,51,21524,2964,15238,1001,12896,1341,1142,33,166,1821,1109,2134,237,1414,483,346,29,107,2873,19786,6125,1061,3817,1247,1086,68,93,6956,1545,8103,1479,5124,1500,1074,273,153,131965,18737,104531,12637,74985,16909,14731,391,1786,8988,853,4362,338,3571,453,379,22,52,31739,4567,23117,1938,18206,2973,2707,102,164,7475,1087,11603,1660,8537,1406,1169,126,106,5103,1587,7089,1161,4219,1709,1537,61,111,26385,7430,15289,1857,10225,3207,2720,167,318,46783,13861,45685,9630,23583,12472,11312,274,816,19010,601,10885,917,8675,1293,1142,50,97,4119,2269,4432,938,2279,1215,1135,25,55,3058,1930,3640,471,2511,658,544,42,71,29544,6020,20882,1574,15967,3341,2725,294,320,4805,1449,11849,1181,9031,1637,1360,122,155,21471,4020,23443,3602,15396,4445,3770,181,263,4008,2029,4396,535,2837,1024,794,49,178,5112,2520,8295,1169,5679,1447,1197,85,165,16037,1458,12262,776,10404,1082,940,47,93,10098,3913,14328,2753,8468,3107,2171,311,266,12608,3172,24315,3061,18322,2932,2292,42,134,18992,3791,23343,2415,18700,2228,1973,79,117,23053,975,19397,1764,15877,1756,1588,49,118,8608,668,4705,839,3019,847,519,214,114,11443,4425,23372,4017,14429,4926,4283,328,315,10152,3090,10899,1300,8102,1497,1321,35,140,4782,919,2950,274,2132,544,404,58,82,526323,138262,496410,65152,348777,82481,70496,3722,7041
2020-08-01,8877,2087,4409,301,3355,753,633,13,107,8609,15673,15317,3325,9242,2750,2443,49,244,6757,681,4857,245,4160,452,359,10,82,3743,3105,5372,736,3752,884,734,95,55,21604,2975,15467,1035,13082,1350,1159,33,158,1833,1113,2161,249,1432,480,347,28,105,2881,19848,6148,1070,3829,1249,1091,68,90,6994,1545,8177,1486,5167,1524,1094,275,155,133170,18796,105211,12699,75510,17002,14816,393,1792,9039,855,4399,343,3592,464,392,22,50,31910,4573,23285,1980,18313,2992,2724,104,164,7607,1087,11733,1671,8641,1421,1182,128,106,5131,1593,7163,1172,4254,1737,1561,61,115,26487,7447,15436,1889,10301,3246,2753,169,322,47020,13889,45882,9702,23665,12515,11360,278,807,19122,601,10969,938,8736,1295,1137,52,102,4128,2270,4449,943,2289,1217,1137,25,55,3068,1931,3676,478,2533,665,550,43,71,29623,6026,21011,1614,16022,3375,2746,300,327,4820,1452,11928,1190,9096,1642,1363,123,156,21664,4044,23613,3651,15487,4475,3801,182,259,4032,2030,4451,546,2876,1029,797,49,181,5136,2531,8361,1179,5720,1462,1206,87,169,16197,1461,12470,795,10562,1113,971,47,93,10143,3923,14407,2784,8495,3128,2183,311,274,12723,3176,24490,3078,18456,2956,2312,42,140,19134,3806,23527,2446,18836,2245,1989,79,121,23200,981,19581,1801,16011,1769,1601,47,120,8668,670,4735,853,3032,850,517,217,116,11501,4441,23540,4063,14493,4984,4338,328,318,10229,3123,11022,1339,8163,1520,1342,35,143,4815,920,2997,287,2161,549,412,59,78,529865,138653,500244,65888,351263,83093,71050,3752,7075
2020-08-02,8966,2090,4430,303,3364,763,640,13,110,8628,15683,15381,3343,9276,2762,2460,49,241,6790,681,4898,251,4185,462,366,10,85,3750,3108,5405,750,3764,891,737,97,57,21637,2986,15538,1056,13119,1363,1170,33,160,1853,1116,2195,253,1455,487,351,28,108,2896,19894,6167,1073,3839,1255,1093,68,94,7018,1547,8218,1493,5191,1534,1102,275,157,133646,18822,105566,12781,75713,17072,14887,395,1789,9063,856,4418,348,3602,468,396,22,50,32013,4580,23436,2014,18403,3019,2755,103,161,7663,1087,11797,1684,8686,1427,1190,128,104,5168,1605,7243,1188,4296,1759,1583,62,114,26550,7461,15546,1916,10333,3297,2797,169,329,47157,13923,46056,9755,23711,12590,11435,278,807,19164,601,11023,951,8761,1311,1151,52,104,4137,2273,4464,948,2296,1220,1140,26,54,3080,1935,3705,490,2550,665,555,44,65,29680,6029,21121,1666,16056,3399,2779,300,318,4840,1452,11968,1203,9112,1653,1372,123,158,21728,4064,23718,3698,15524,4496,3826,181,256,4044,2030,4485,558,2891,1036,804,50,180,5159,2535,8428,1200,5759,1469,1212,85,172,16287,1463,12595,824,10656,1115,976,48,89,10175,3934,14459,2802,8512,3145,2193,313,277,12831,3181,24622,3097,18559,2966,2321,43,140,19248,3817,23649,2471,18921,2257,2003,80,121,23318,982,19666,1837,16048,1781,1618,47,115,8710,670,4751,861,3035,855,522,216,117,11550,4451,23714,4113,14579,5022,4377,332,313,10280,3141,11110,1363,8202,1545,1365,36,144,4829,920,3035,294,2181,560,419,60,81,531858,138917,502807,66584,352579,83644,71595,3766,7070
2020-08-03,9223,2133,4501,305,3415,781,655,13,113,8697,15749,15530,3366,9399,2765,2473,48,233,6951,686,5058,257,4318,483,383,11,88,3825,3138,5459,769,3798,892,744,99,49,21850,2999,15878,1085,13403,1390,1198,33,159,1889,1125,2275,264,1510,501,358,28,115,2909,20006,6195,1081,3857,1257,1098,68,91,7103,1548,8327,1504,5277,1546,1116,276,154,135441,18913,106608,12862,76552,17194,14992,397,1804,9231,858,4527,354,3689,484,407,22,55,32571,4624,23977,2046,18879,3052,2787,103,162,7827,1093,11984,1697,8854,1433,1197,130,101,5222,1628,7392,1206,4397,1789,1610,63,116,26787,7515,15814,1946,10521,3347,2843,172,330,47929,14020,46667,9819,24155,12693,11526,287,809,19393,603,11221,971,8923,1327,1171,52,100,4183,2279,4506,958,2322,1226,1141,26,59,3111,1988,3773,496,2598,679,566,45,68,29899,6138,21496,1707,16340,3449,2838,298,311,4901,1465,12108,1221,9221,1666,1382,121,163,22094,4118,24044,3735,15766,4543,3860,182,263,4095,2040,4582,562,2952,1068,826,51,189,5255,2583,8562,1221,5864,1477,1219,85,173,16565,1475,12965,860,10960,1145,1004,48,91,10287,3953,14628,2828,8622,3178,2224,316,278,13002,3196,25006,3121,18881,3004,2347,43,138,19502,3867,23937,2497,19176,2264,2016,80,116,23658,990,19986,1862,16317,1807,1642,48,116,8827,674,4816,870,3084,862,528,216,118,11722,4485,24073,4168,14839,5066,4421,336,309,10383,3165,11320,1399,8371,1550,1370,38,142,4890,928,3129,306,2252,571,426,64,81,539222,139982,510344,67343,358512,84489,72368,3799,7094
2020-08-04,9339,2192,4566,311,3460,795,665,14,116,8785,15824,15677,3398,9516,2763,2474,48,230,7127,689,5205,262,4442,501,398,11,91,3884,3158,5527,777,3848,902,754,100,48,22146,3021,16290,1114,13766,1410,1224,34,152,1922,1128,2349,269,1563,517,367,31,119,2960,20107,6230,1087,3882,1261,1102,69,90,7206,1550,8455,1519,5384,1552,1129,276,147,137792,18982,107865,12938,77626,17301,15091,398,1811,9360,865,4607,363,3761,483,406,24,53,33054,4694,24434,2084,19267,3083,2816,105,162,8052,1097,12205,1711,9042,1452,1217,132,98,5292,1639,7526,1227,4489,1810,1627,64,119,27026,7583,16063,1978,10683,3402,2890,177,332,48636,14131,47145,9877,24488,12780,11605,286,818,19627,604,11413,982,9082,1349,1187,52,104,4242,2290,4557,968,2353,1236,1149,26,61,3134,2027,3835,504,2634,697,582,45,70,30152,6238,21906,1754,16644,3508,2894,301,311,4955,1473,12281,1230,9372,1679,1393,121,165,22476,4174,24360,3784,15994,4582,3899,183,261,4123,2050,4675,567,3023,1085,838,51,194,5328,2601,8688,1241,5947,1500,1241,86,173,16840,1501,13296,898,11234,1164,1017,49,97,10399,3976,14761,2861,8702,3198,2235,326,274,13177,3209,25358,3150,19196,3012,2354,43,137,19797,3888,24199,2519,19401,2279,2033,81,117,24075,999,20274,1891,16565,1818,1648,48,121,8953,675,4873,885,3124,864,533,216,115,11894,4527,24379,4218,15046,5115,4466,337,312,10467,3196,11516,1440,8512,1564,1379,39,146,4974,940,3222,313,2330,579,436,65,78,547194,141028,517737,68120,364376,85241,73049,3838,7122
2020-08-05,9466,2209,4616,313,3499,804,673,14,117,8847,15901,15794,3414,9606,2774,2481,48,234,7238,691,5356,270,4579,507,404,10,92,3936,3173,5577,787,3882,908,763,98,47,22451,3057,16648,1139,14070,1439,1249,36,154,1954,1129,2415,277,1613,525,376,32,117,3020,20349,6276,1093,3918,1265,1109,69,87,7322,1553,8568,1531,5475,1562,1140,278,144,140060,19036,109113,13023,78661,17429,15226,401,1801,9505,871,4697,372,3838,487,413,24,50,33530,4732,24814,2128,19588,3098,2833,107,158,8233,1109,12423,1721,9234,1468,1233,134,96,5358,1649,7681,1246,4592,1843,1654,66,122,27251,7636,16337,2013,10878,3446,2930,181,332,49497,14258,47688,9935,24881,12872,11689,297,810,19878,606,11617,994,9246,1377,1208,53,111,4299,2293,4587,973,2376,1238,1152,26,60,3153,2080,3896,511,2683,702,586,45,71,30359,6328,22285,1809,16931,3545,2936,300,307,5000,1477,12425,1245,9486,1694,1402,123,169,22811,4227,24681,3829,16229,4623,3938,184,260,4158,2062,4748,579,3075,1094,846,52,195,5408,2621,8798,1251,6028,1519,1254,86,179,17130,1516,13649,930,11540,1179,1033,49,95,10531,3993,14880,2878,8775,3227,2259,330,271,13375,3225,25748,3169,19546,3033,2362,43,138,20086,3928,24478,2540,19649,2289,2044,85,114,24403,1015,20521,1920,16778,1823,1649,49,124,9054,676,4926,892,3162,872,533,221,118,12064,4569,24668,4263,15256,5149,4498,341,310,10608,3236,11700,1473,8651,1576,1393,40,143,5041,955,3306,322,2390,594,447,66,81,555026,142160,524916,68840,370115,85961,73713,3888,7107
2020-08-06,9539,2239,4659,318,3526,815,683,14,118,8931,15981,15906,3427,9699,2780,2489,48,231,7420,695,5478,273,4686,519,413,10,95,4035,3188,5623,799,3912,912,766,100,46,22707,3067,17013,1161,14384,1468,1279,36,153,1996,1130,2482,286,1659,537,386,33,118,3077,20585,6309,1095,3943,1271,1115,69,87,7410,1555,8670,1543,5553,1574,1159,278,137,142203,19109,110227,13102,79607,17518,15305,402,1810,9633,880,4801,376,3929,496,420,24,52,33960,4778,25176,2163,19883,3130,2859,110,161,8384,1113,12581,1728,9369,1484,1248,133,97,5459,1662,7813,1266,4682,1865,1676,68,120,27460,7675,16586,2049,11047,3490,2965,188,334,50208,14376,48108,9992,25150,12966,11778,300,812,20125,608,11822,1011,9402,1409,1234,54,115,4378,2319,4634,982,2412,1240,1156,26,58,3193,2135,3949,521,2719,709,590,46,72,30587,6419,22639,1862,17181,3596,2989,301,304,5078,1492,12539,1262,9575,1702,1415,125,162,23146,4271,25026,3870,16468,4688,3997,185,264,4202,2069,4855,589,3156,1110,860,52,197,5484,2630,8903,1265,6103,1535,1264,85,186,17405,1522,13993,955,11850,1188,1045,48,93,10649,4020,15007,2900,8861,3246,2280,333,264,13549,3241,26074,3193,19840,3041,2369,43,137,20406,3947,24766,2555,19899,2312,2070,86,111,24762,1028,20787,1948,16999,1840,1665,49,125,9179,679,4971,898,3190,883,538,225,120,12227,4588,24917,4300,15446,5171,4526,344,300,10719,3295,11872,1508,8783,1581,1400,42,139,5109,964,3408,337,2464,607,457,69,81,562620,143260,531594,69534,375377,86683,74396,3926,7099
2020-08-07,9603,2264,4703,326,3550,827,696,14,117,8989,16043,16019,3442,9795,2782,2494,49,227,7549,704,5587,280,4780,527,420,13,93,4057,3199,5651,803,3928,920,775,100,45,22967,3103,17359,1191,14686,1482,1300,36,146,2034,1138,2539,290,1702,547,397,33,117,3124,20728,6327,1097,3956,1274,1117,69,88,7518,1557,8785,1554,5649,1582,1170,279,133,144578,19226,111393,13175,80587,17631,15419,408,1803,9753,890,4868,384,3984,500,429,24,47,34518,4811,25613,2193,20241,3179,2902,114,163,8454,1118,12721,1743,9486,1492,1257,136,94,5547,1672,7955,1282,4781,1892,1699,71,121,27680,7711,16839,2083,11212,3544,3015,191,335,50952,14545,48580,10038,25496,13046,11858,301,810,20419,609,12031,1027,9564,1440,1269,53,112,4412,2361,4680,988,2441,1251,1164,27,60,3216,2189,4000,526,2760,714,592,50,71,30852,6488,23050,1916,17453,3681,3063,307,309,5156,1499,12638,1277,9649,1712,1427,124,161,23494,4318,25307,3905,16680,4722,4029,185,262,4230,2074,4943,595,3216,1132,879,53,199,5541,2638,9002,1281,6174,1547,1278,85,184,17678,1537,14286,981,12107,1198,1056,47,93,10760,4044,15121,2928,8940,3253,2288,334,261,13800,3265,26389,3214,20121,3054,2378,43,130,20686,3965,25016,2567,20129,2320,2076,88,113,25144,1039,21090,1967,17264,1859,1687,49,122,9282,681,5014,902,3222,890,544,227,119,12353,4610,25193,4346,15639,5208,4559,347,301,10854,3345,12033,1532,8901,1600,1418,42,140,5173,974,3492,346,2531,615,467,70,78,570373,144345,538224,70179,380624,87421,75122,3969,7054
2020-08-08,9655,2264,4726,331,3558,837,709,14,114,9025,16073,16082,3462,9834,2786,2503,50,221,7611,705,5668,289,4849,530,427,13,89,4116,3204,5673,809,3937,927,782,100,45,23084,3129,17570,1212,14856,1502,1325,36,141,2046,1155,2575,299,1728,548,399,36,113,3132,20809,6338,1100,3963,1275,1116,69,90,7574,1557,8860,1562,5710,1588,1176,281,131,145691,19262,111974,13261,81017,17696,15504,409,1782,9792,890,4892,391,4001,500,433,24,43,34662,4817,25801,2234,20363,3204,2931,115,158,8486,1120,12783,1753,9525,1505,1264,140,96,5578,1682,8054,1297,4843,1914,1722,72,119,27775,7730,16965,2124,11266,3575,3042,194,336,51151,14634,48771,10084,25569,13118,11931,303,807,20554,609,12126,1045,9626,1455,1283,53,115,4432,2362,4694,992,2447,1255,1169,27,59,3244,2194,4044,532,2780,732,611,51,69,30970,6499,23264,1948,17588,3728,3105,309,312,5171,1500,12742,1289,9739,1714,1434,125,155,23659,4334,25496,3941,16799,4756,4062,186,261,4245,2074,4985,606,3247,1132,883,52,196,5570,2647,9042,1301,6195,1546,1280,86,180,17808,1539,14468,1008,12243,1217,1072,48,95,10793,4058,15193,2946,8972,3275,2308,337,260,13914,3272,26609,3230,20324,3055,2379,42,130,20801,3984,25129,2587,20220,2322,2081,88,111,25267,1044,21301,2001,17440,1860,1694,47,118,9320,681,5033,912,3230,891,545,228,118,12394,4625,25316,4388,15692,5236,4596,348,291,10914,3353,12151,1560,8975,1616,1440,40,136,5211,976,3581,368,2593,620,479,68,73,573645,144782,541906,70862,383129,87915,75685,3991,6964
2020-08-09,9761,2265,4747,336,3565,846,716,15,115,9052,16086,16127,3469,9862,2796,2510,50,224,7640,705,5711,296,4883,532,429,13,89,4131,3206,5689,816,3941,932,787,100,45,23142,3137,17657,1232,14909,1516,1340,36,140,2066,1159,2612,309,1750,553,405,38,110,3138,20852,6353,1106,3971,1276,1118,69,89,7596,1559,8904,1577,5739,1588,1179,282,127,146073,19282,112246,13319,81161,17766,15573,410,1782,9819,890,4913,400,4004,509,443,24,42,34804,4820,25912,2269,20418,3225,2960,116,149,8504,1120,12827,1764,9552,1511,1270,142,94,5597,1686,8125,1312,4878,1935,1743,75,116,27849,7739,17084,2153,11329,3602,3073,195,330,51253,14682,48933,10153,25609,13171,11992,308,794,20614,609,12197,1064,9661,1472,1298,54,117,4449,2364,4713,997,2453,1263,1176,29,58,3261,2197,4081,539,2804,738,621,51,65,31054,6515,23428,1999,17668,3761,3142,309,308,5184,1501,12770,1300,9748,1722,1438,127,157,23719,4345,25602,3981,16841,4780,4084,187,261,4268,2074,5023,614,3271,1138,893,52,192,5595,2657,9096,1312,6224,1560,1295,87,178,17910,1540,14578,1036,12310,1232,1089,48,93,10830,4070,15254,2977,8993,3284,2324,337,253,14024,3275,26762,3241,20453,3068,2392,42,132,20905,3991,25224,2607,20293,2324,2083,91,108,25380,1046,21418,2030,17526,1862,1695,48,118,9340,684,5047,918,3235,894,549,228,117,12443,4634,25426,4421,15740,5265,4623,352,289,10958,3396,12247,1584,9033,1630,1455,39,136,5231,976,3642,381,2631,630,485,72,73,575590,145062,544348,71512,384455,88381,76180,4026,6901
2020-08-10,10026,2309,4831,339,3629,863,727,15,121,9128,16141,16304,3486,10011,2807,2526,51,219,7767,709,5852,302,5002,548,442,14,91,4173,3228,5731,822,3969,940,794,101,45,23397,3163,18040,1263,15232,1545,1378,36,131,2114,1168,2684,319,1808,557,412,38,107,3193,21024,6380,1110,3993,1277,1122,69,86,7727,1563,9000,1584,5813,1603,1193,283,127,148117,19369,113358,13391,82104,17863,15669,413,1780,9979,893,5014,404,4092,518,449,25,44,35302,4842,26354,2303,20804,3247,2980,120,147,8586,1126,13003,1771,9694,1538,1288,146,97,5688,1703,8246,1340,4955,1951,1758,79,112,28157,7794,17353,2176,11519,3658,3118,203,333,52117,14787,49490,10211,26005,13274,12094,311,787,20897,611,12454,1081,9867,1506,1324,54,121,4527,2371,4772,1003,2496,1273,1186,29,58,3280,2209,4153,545,2855,753,633,52,67,31351,6653,23815,2044,17931,3840,3222,311,305,5235,1510,12896,1310,9855,1731,1448,126,157,24101,4417,25918,4023,17087,4808,4114,189,256,4312,2084,5143,625,3356,1162,920,52,189,5669,2676,9239,1332,6334,1573,1308,89,176,18142,1553,14886,1067,12556,1263,1120,48,93,10958,4084,15391,2997,9090,3304,2342,334,256,14199,3301,27078,3250,20736,3092,2407,42,133,21228,4026,25487,2632,20527,2328,2094,92,106,25760,1059,21738,2053,17803,1882,1712,49,120,9474,689,5112,932,3288,892,548,228,116,12615,4664,25746,4470,15972,5304,4665,354,285,11058,3424,12401,1617,9133,1651,1477,42,132,5345,983,3750,390,2717,643,495,73,75,583622,146133,551619,72192,390233,89194,76965,4068,6872
2020-08-11,10173,2352,4878,346,3659,873,742,15,116,9224,16206,16420,3509,10097,2814,2539,51,212,7870,713,5973,315,5102,556,454,16,85,4223,3263,5759,831,3986,942,798,100,44,23698,3202,18427,1285,15579,1563,1399,36,128,2163,1174,2757,328,1862,567,423,38,106,3248,21087,6400,1114,4009,1277,1122,69,86,7844,1563,9130,1594,5915,1621,1209,286,126,150590,19437,114556,13453,83134,17969,15779,414,1775,10142,906,5139,410,4206,523,451,27,45,35751,4890,26797,2331,21183,3283,3011,123,149,8662,1129,13134,1783,9805,1546,1292,147,100,5774,1709,8375,1366,5038,1971,1781,79,109,28407,7850,17599,2217,11694,3688,3158,206,321,52894,14953,49939,10256,26307,13376,12191,315,788,21175,611,12715,1096,10098,1521,1343,53,119,4589,2391,4826,1013,2536,1277,1190,29,58,3312,2281,4210,550,2902,758,639,53,65,31676,6729,24190,2092,18197,3901,3288,309,302,5300,1516,13007,1321,9937,1749,1463,127,159,24431,4455,26220,4075,17302,4843,4153,189,252,4352,2092,5238,632,3423,1183,940,52,190,5750,2696,9330,1353,6399,1578,1321,90,167,18384,1569,15144,1102,12766,1276,1140,48,87,11045,4105,15509,3014,9170,3325,2359,339,254,14387,3310,27356,3274,20977,3105,2420,41,132,21577,4045,25743,2653,20754,2336,2104,92,106,26147,1071,22070,2080,18090,1900,1729,49,121,9645,693,5166,938,3333,895,548,232,115,12729,4688,25989,4517,16141,5331,4693,357,281,11177,3445,12583,1648,9262,1673,1498,42,132,5411,995,3921,396,2866,659,509,78,72,591750,147126,558500,72892,395729,89879,77686,4102,6802
2020-08-12,10346,2394,4945,352,3708,885,757,15,113,9280,16293,16532,3515,10183,2834,2556,51,216,7987,714,6099,322,5213,564,462,17,84,4260,3285,5797,837,4011,949,806,99,44,23986,3236,18718,1321,15824,1573,1413,37,123,2193,1177,2838,332,1924,582,436,38,108,3290,21230,6416,1121,4024,1271,1121,70,80,7960,1567,9228,1605,5994,1629,1220,287,122,153019,19502,115770,13518,84172,18080,15888,417,1774,10286,911,5232,412,4287,533,461,26,46,36127,4928,27236,2354,21568,3314,3043,123,148,8752,1135,13236,1786,9881,1569,1315,147,100,5859,1724,8500,1384,5118,1998,1806,81,109,28659,7910,17843,2247,11866,3730,3199,211,317,53763,15068,50425,10309,26659,13457,12271,316,787,21449,611,12924,1114,10272,1538,1366,53,113,4628,2411,4870,1018,2569,1283,1197,27,59,3337,2331,4282,553,2948,781,662,54,63,31980,6819,24565,2134,18471,3960,3344,310,304,5350,1531,13128,1335,10034,1759,1471,127,161,24756,4506,26496,4115,17523,4858,4166,191,251,4416,2096,5338,636,3507,1195,951,52,191,5815,2713,9428,1363,6470,1595,1334,93,168,18656,1580,15420,1136,12987,1297,1162,47,86,11153,4118,15634,3036,9263,3335,2365,340,253,14593,3327,27615,3287,21204,3124,2431,41,136,21927,4063,25943,2674,20939,2330,2106,90,99,26474,1085,22302,2111,18288,1903,1737,49,116,9754,695,5226,941,3383,902,551,235,116,12851,4719,26244,4566,16301,5377,4740,364,273,11301,3484,12716,1670,9355,1691,1516,44,130,5488,1004,4055,406,2984,665,516,80,69,599695,148167,565001,73510,400930,90561,78369,4132,6759
2020-08-13,10426,2430,5002,357,3744,901,774,15,112,9359,16350,16645,3527,10266,2852,2569,51,221,8148,719,6241,328,5344,569,469,17,82,4322,3292,5835,845,4040,950,807,100,43,24282,3265,19024,1340,16091,1593,1435,38,120,2253,1179,2908,340,1984,584,440,39,105,3346,21362,6449,1128,4053,1268,1121,70,77,8074,1569,9348,1610,6090,1648,1238,287,123,155614,19587,116947,13577,85164,18206,16006,420,1779,10439,913,5335,419,4376,540,470,26,44,36488,4950,27690,2377,21960,3353,3077,124,152,8869,1138,13383,1799,9999,1585,1329,149,99,5926,1751,8647,1400,5224,2023,1833,82,106,28859,7955,18086,2278,12036,3772,3238,218,313,54561,15251,50901,10366,26977,13558,12379,317,779,21714,612,13095,1125,10408,1562,1387,55,114,4685,2430,4917,1027,2599,1291,1206,26,59,3350,2365,4350,562,2986,802,684,55,61,32273,6898,24969,2177,18766,4026,3408,310,306,5385,1538,13258,1346,10136,1776,1485,129,162,25074,4548,26752,4152,17700,4900,4210,193,248,4475,2098,5410,639,3556,1215,968,54,192,5873,2730,9502,1370,6523,1609,1345,95,169,18933,1588,15676,1161,13179,1336,1201,48,85,11246,4130,15760,3063,9348,3349,2376,339,252,14830,3333,27861,3309,21420,3132,2441,41,132,22263,4073,26160,2693,21135,2332,2115,85,99,26826,1100,22537,2132,18494,1911,1747,49,114,9855,695,5287,945,3434,908,555,235,118,12961,4740,26494,4615,16469,5410,4773,366,271,11397,3549,12865,1700,9470,1695,1522,45,127,5565,1011,4123,415,3033,675,523,81,71,607671,149149,571457,74122,406004,91331,79131,4159,6735
2020-08-14,10504,2463,5059,363,3773,923,797,15,111,9429,16414,16742,3549,10342,2851,2574,51,215,8302,724,6371,337,5461,573,473,19,80,4362,3313,5850,852,4047,951,807,100,44,24630,3301,19333,1359,16358,1616,1464,37,115,2293,1182,2989,346,2050,593,448,39,106,3389,21476,6468,1129,4071,1268,1122,70,76,8163,1571,9463,1617,6190,1656,1243,289,124,158258,19658,118167,13643,86207,18317,16109,422,1784,10572,922,5426,426,4457,543,475,27,41,36859,4991,28081,2411,22311,3359,3086,125,148,8943,1139,13492,1803,10072,1617,1359,152,99,6025,1766,8768,1419,5306,2043,1853,82,106,29067,7990,18293,2311,12186,3796,3257,221,315,55308,15393,51320,10415,27268,13637,12465,314,773,21947,613,13313,1139,10570,1604,1425,56,115,4723,2440,4961,1033,2637,1291,1208,26,57,3369,2406,4407,572,3022,813,693,57,61,32518,6973,25325,2209,19037,4079,3457,316,304,5430,1543,13380,1360,10232,1788,1499,129,160,25391,4580,26992,4189,17871,4932,4242,195,246,4531,2104,5515,650,3637,1228,987,54,186,5924,2741,9579,1379,6570,1630,1360,96,174,19229,1593,15951,1194,13396,1361,1224,48,86,11382,4157,15877,3084,9441,3352,2379,340,250,15063,3340,28158,3323,21687,3148,2456,41,133,22575,4092,26376,2708,21326,2342,2128,81,99,27188,1112,22762,2150,18686,1926,1764,49,112,9975,699,5324,947,3461,916,563,236,117,13088,4770,26694,4646,16611,5437,4800,368,269,11500,3615,13043,1719,9605,1719,1548,45,125,5671,1017,4197,421,3089,687,535,82,70,615608,150098,577676,74703,410977,91996,79800,4182,6701
2020-08-15,10561,2463,5074,371,3777,926,800,15,111,9456,16466,16783,3564,10367,2852,2580,51,211,8361,724,6426,344,5506,576,476,18,81,4407,3320,5864,863,4052,949,805,101,43,24803,3323,19550,1379,16533,1638,1490,39,109,2312,1184,3032,351,2076,605,455,39,111,3406,21508,6476,1131,4077,1268,1123,70,75,8215,1574,9525,1624,6234,1667,1252,290,125,159412,19702,118780,13714,86684,18382,16171,424,1786,10595,923,5442,430,4464,548,480,27,41,37014,5009,28250,2435,22428,3387,3118,124,145,8989,1139,13572,1818,10136,1618,1363,152,96,6063,1775,8842,1433,5336,2073,1884,82,105,29132,8014,18410,2340,12234,3836,3296,225,312,55516,15495,51493,10466,27328,13699,12529,314,772,22063,613,13404,1154,10636,1614,1441,57,108,4734,2442,4979,1035,2646,1298,1214,26,58,3385,2418,4446,584,3044,818,697,58,61,32648,6992,25531,2243,19159,4129,3490,327,310,5461,1556,13472,1371,10303,1798,1513,129,156,25536,4586,27145,4230,17975,4940,4259,195,235,4548,2111,5579,662,3679,1238,999,55,183,5951,2753,9627,1396,6587,1644,1369,98,177,19369,1604,16098,1216,13492,1390,1251,48,88,11421,4163,15936,3096,9462,3378,2403,341,251,15140,3349,28261,3335,21771,3155,2464,41,131,22729,4098,26487,2720,21420,2347,2136,84,96,27336,1117,22888,2177,18771,1940,1776,49,114,10011,699,5339,951,3472,916,564,237,115,13141,4773,26818,4679,16670,5469,4832,370,267,11530,3629,13143,1745,9662,1736,1567,46,122,5730,1018,4259,430,3131,698,542,85,71,618975,150540,580931,75287,413112,92532,80339,4217,6666
2020-08-16,10698,2464,5110,377,3790,943,817,15,111,9476,16489,16833,3583,10397,2853,2580,51,212,8377,724,6473,352,5536,585,488,19,77,4426,3327,5878,866,4061,951,807,101,43,24881,3337,19685,1407,16626,1652,1509,38,105,2324,1193,3076,355,2104,617,466,39,112,3436,21531,6487,1133,4084,1270,1126,70,74,8251,1577,9564,1630,6250,1684,1268,292,124,159835,19720,119044,13770,86827,18447,16239,426,1781,10627,924,5462,432,4476,554,486,27,41,37129,5015,28360,2458,22494,3408,3136,125,147,9021,1139,13616,1832,10169,1615,1362,151,95,6083,1785,8914,1447,5375,2092,1902,84,103,29197,8025,18524,2372,12279,3873,3340,225,305,55625,15571,51614,10524,27354,13736,12575,313,764,22119,613,13475,1174,10678,1623,1454,58,105,4744,2443,4988,1042,2648,1298,1214,26,58,3400,2426,4472,588,3055,829,707,58,62,32757,7003,25695,2284,19233,4178,3536,329,311,5479,1557,13506,1384,10319,1803,1519,128,156,25574,4595,27227,4271,18009,4947,4278,195,222,4559,2111,5632,670,3708,1254,1016,56,181,5969,2760,9683,1404,6624,1655,1381,98,176,19464,1606,16255,1230,13601,1424,1282,49,90,11460,4176,15979,3112,9482,3385,2410,345,248,15209,3352,28347,3353,21844,3150,2463,41,126,22816,4106,26570,2738,21486,2346,2135,86,99,27432,1125,22971,2204,18826,1941,1778,50,112,10055,699,5358,957,3483,918,569,236,113,13202,4780,26930,4718,16740,5472,4838,368,266,11566,3646,13236,1764,9724,1748,1572,49,126,5784,1019,4307,432,3169,706,547,87,72,620975,150838,583271,75863,414451,92957,80800,4235,6617
2020-08-17,10861,2509,5211,384,3870,957,831,15,111,9551,16537,16998,3612,10514,2872,2599,51,213,8489,728,6615,362,5660,593,493,22,77,4517,3335,5908,873,4084,951,810,101,40,25169,3357,19972,1430,16864,1678,1538,38,102,2393,1197,3149,366,2161,622,473,40,109,3478,21688,6512,1135,4105,1272,1129,69,74,8375,1585,9670,1638,6341,1691,1275,292,124,161790,19812,120244,13828,87824,18592,16368,432,1791,10768,932,5583,434,4585,564,493,28,43,37680,5037,28729,2491,22804,3434,3164,124,146,9095,1140,13755,1842,10281,1632,1379,154,92,6178,1803,9023,1468,5450,2105,1913,87,103,29498,8064,18839,2405,12501,3933,3393,226,311,56520,15666,52127,10584,27705,13838,12678,312,764,22405,614,13758,1199,10922,1637,1470,58,103,4816,2451,5039,1051,2684,1304,1221,26,57,3425,2434,4526,599,3089,838,714,61,61,33037,7088,26127,2328,19569,4230,3589,327,312,5545,1564,13625,1393,10427,1805,1527,128,150,25886,4630,27507,4302,18225,4980,4310,196,221,4620,2116,5733,677,3771,1285,1046,57,181,6026,2773,9793,1417,6709,1667,1388,100,179,19757,1621,16576,1259,13876,1441,1293,54,91,11564,4200,16118,3131,9582,3405,2421,348,252,15373,3374,28634,3373,22105,3156,2466,41,125,23108,4142,26772,2746,21671,2355,2143,87,100,27791,1135,23210,2225,19027,1958,1796,51,110,10139,706,5417,960,3530,927,577,238,112,13378,4803,27207,4752,16955,5500,4873,365,262,11668,3671,13410,1785,9883,1742,1569,49,122,5892,1021,4387,443,3236,708,547,90,71,628792,151733,590174,76492,420010,93672,81486,4267,6609
2020-08-18,10966,2549,5290,390,3930,970,844,15,111,9612,16604,17124,3633,10611,2880,2610,52,211,8627,729,6753,374,5777,602,505,22,74,4639,3345,5953,877,4119,957,812,103,42,25525,3394,20273,1457,17112,1704,1564,38,102,2439,1200,3211,370,2210,631,477,42,112,3525,21860,6531,1138,4122,1271,1129,69,73,8504,1587,9773,1642,6425,1706,1288,293,125,164280,19873,121643,13888,89060,18695,16475,435,1784,10939,933,5696,439,4685,572,500,28,44,38278,5061,29093,2516,23110,3467,3197,124,146,9175,1142,13877,1855,10390,1632,1383,150,92,6265,1814,9123,1486,5519,2118,1926,90,100,29737,8091,19099,2432,12684,3983,3433,230,317,57289,15780,52581,10636,28024,13921,12766,313,758,22667,614,14002,1219,11129,1654,1488,59,100,4913,2463,5087,1056,2722,1309,1226,26,57,3458,2477,4584,607,3124,853,730,61,60,33328,7204,26517,2361,19858,4298,3657,328,312,5620,1576,13762,1406,10545,1811,1536,127,148,26233,4662,27751,4322,18406,5023,4351,197,221,4663,2124,5821,690,3832,1299,1060,58,180,6104,2791,9864,1430,6765,1669,1396,101,172,20034,1630,16869,1277,14113,1479,1322,58,95,11670,4238,16250,3147,9674,3429,2440,351,253,15522,3390,28929,3386,22369,3174,2473,41,126,23383,4163,26975,2755,21849,2371,2155,90,100,28130,1136,23443,2256,19215,1972,1807,52,112,10237,706,5463,968,3563,932,580,241,111,13538,4840,27448,4784,17138,5526,4900,362,264,11789,3701,13634,1813,10082,1739,1570,49,118,6033,1027,4487,449,3321,717,556,90,71,637122,152704,596906,77059,425483,94364,82156,4295,6591
2020-08-19,11113,2586,5359,394,3972,993,862,15,116,9684,16676,17246,3645,10704,2897,2627,52,210,8744,734,6851,382,5861,608,513,22,72,4774,3353,5987,882,4149,956,813,103,40,25773,3416,20592,1475,17387,1730,1587,40,103,2475,1201,3288,375,2273,640,483,43,114,3568,21964,6550,1142,4139,1269,1130,68,71,8631,1592,9888,1651,6515,1722,1306,293,123,166769,19951,122939,13953,90191,18795,16572,440,1782,11109,939,5766,450,4744,572,500,29,43,38647,5085,29540,2542,23496,3502,3225,126,151,9267,1144,14014,1874,10504,1636,1389,150,90,6344,1829,9240,1504,5597,2139,1941,96,100,29997,8128,19326,2471,12834,4021,3476,231,311,58337,15926,52954,10693,28259,14002,12846,314,758,22926,616,14233,1237,11314,1682,1507,59,106,4981,2486,5120,1058,2748,1314,1231,25,58,3485,2531,4630,614,3146,870,743,65,60,33613,7264,26939,2393,20193,4353,3708,330,314,5691,1583,13854,1413,10624,1817,1544,127,146,26513,4693,27973,4358,18563,5052,4371,197,228,4715,2131,5941,705,3922,1314,1077,59,177,6149,2798,9930,1446,6813,1671,1402,102,167,20260,1637,17149,1296,14344,1509,1350,61,92,11793,4269,16391,3172,9774,3445,2453,356,249,15718,3408,29159,3398,22573,3188,2483,42,124,23709,4183,27227,2769,22076,2382,2164,91,99,28395,1140,23606,2272,19351,1983,1820,52,110,10309,706,5499,971,3591,937,584,241,112,13680,4864,27669,4822,17299,5548,4919,367,262,11905,3754,13772,1829,10187,1756,1587,50,117,6118,1037,4573,457,3390,726,567,90,69,645192,153624,603205,77643,430533,95029,82780,4336,6574
2020-08-20,11164,2627,5424,399,4012,1013,880,15,118,9744,16716,17383,3656,10820,2907,2636,53,210,8769,734,6887,390,5882,615,517,22,75,4830,3363,6011,883,4168,960,815,104,41,26093,3441,20887,1489,17639,1759,1607,43,109,2515,1204,3373,382,2337,654,491,46,117,3599,22067,6578,1145,4164,1269,1131,68,70,8754,1598,10003,1660,6607,1736,1322,292,122,168822,20003,124130,14020,91211,18899,16671,443,1784,11264,941,5874,454,4839,581,508,28,45,39068,5106,29970,2570,23871,3529,3254,128,147,9331,1147,14119,1885,10585,1649,1406,150,86,6406,1845,9379,1515,5694,2170,1967,99,102,30181,8168,19563,2504,12991,4068,3520,235,310,59130,16117,53283,10736,28490,14057,12901,315,757,23158,623,14476,1247,11511,1718,1538,61,109,5046,2507,5169,1061,2789,1319,1236,25,58,3508,2566,4665,628,3161,876,751,64,59,33887,7332,27342,2442,20476,4424,3775,329,318,5744,1592,13948,1426,10697,1825,1551,127,147,26846,4725,28174,4389,18706,5079,4397,196,229,4769,2134,6034,716,3987,1331,1095,59,176,6204,2804,10006,1459,6863,1684,1420,102,162,20555,1642,17411,1325,14552,1534,1371,66,91,11900,4290,16515,3198,9865,3452,2457,360,247,15973,3419,29423,3409,22816,3198,2487,42,124,24011,4201,27396,2780,22221,2395,2171,94,100,28681,1144,23794,2287,19500,2007,1844,51,111,10373,710,5565,982,3649,934,584,241,109,13802,4898,27837,4861,17416,5560,4934,369,257,12009,3799,13949,1844,10328,1777,1607,51,117,6216,1046,4668,465,3467,736,571,92,73,652352,154509,609236,78207,435314,95715,83415,4370,6580
2020-08-21,11207,2655,5481,405,4050,1026,895,15,116,9786,16756,17481,3669,10888,2924,2651,53,212,8839,734,6966,398,5948,620,528,21,70,4953,3366,6073,887,4223,963,818,105,40,26478,3513,21282,1513,18009,1760,1610,43,107,2562,1206,3445,392,2393,660,497,46,117,3659,22130,6613,1147,4194,1272,1134,69,69,8872,1599,10108,1670,6693,1745,1331,292,121,171448,20091,125440,14081,92338,19021,16777,447,1796,11432,942,5975,457,4934,584,509,28,47,39494,5131,30446,2593,24305,3548,3277,125,146,9398,1149,14208,1891,10660,1657,1414,152,84,6479,1860,9503,1534,5774,2195,1988,101,104,30394,8209,19771,2534,13130,4107,3561,236,308,59937,16234,53695,10785,28787,14123,12960,314,764,23333,623,14686,1266,11683,1737,1557,63,108,5093,2522,5195,1064,2803,1328,1245,25,58,3528,2608,4712,633,3190,889,764,64,59,34154,7374,27675,2487,20728,4460,3803,337,318,5794,1599,14057,1431,10795,1831,1555,127,149,27215,4760,28388,4412,18868,5108,4426,198,227,4818,2138,6127,724,4059,1344,1111,61,171,6251,2810,10086,1471,6926,1689,1426,102,161,20972,1651,17701,1351,14790,1560,1398,71,85,12034,4303,16630,3216,9949,3465,2466,359,247,16240,3447,29678,3423,23051,3204,2495,42,122,24277,4213,27586,2792,22387,2407,2179,93,102,28974,1146,24041,2319,19701,2021,1859,51,110,10425,711,5622,989,3698,935,586,241,108,13939,4919,28008,4893,17535,5580,4952,370,258,12148,3829,14102,1869,10448,1785,1620,51,113,6258,1080,4762,470,3542,750,585,92,73,660391,155308,615543,78766,440479,96298,83977,4394,6570
2020-08-22,11288,2657,5512,409,4064,1039,909,15,115,9801,16787,17527,3684,10912,2931,2663,53,208,8935,734,7041,402,6016,623,530,21,71,5002,3369,6086,891,4232,963,819,106,38,26694,3535,21440,1531,18142,1767,1619,43,105,2578,1207,3491,401,2426,664,499,49,116,3688,22153,6626,1148,4203,1275,1138,69,68,8907,1601,10165,1679,6725,1761,1344,294,122,172580,20138,126061,14140,92824,19097,16848,450,1798,11460,943,6010,464,4955,591,516,28,47,39664,5143,30607,2632,24413,3562,3295,125,142,9453,1149,14272,1900,10714,1658,1417,152,82,6500,1862,9574,1554,5812,2208,2000,100,106,30486,8218,19899,2569,13200,4130,3578,239,311,60128,16267,53847,10828,28839,14180,13018,314,763,23420,624,14768,1284,11735,1749,1571,63,106,5104,2523,5214,1069,2810,1335,1250,28,57,3538,2615,4742,640,3208,894,769,66,58,34278,7399,27910,2529,20887,4494,3830,346,316,5818,1601,14139,1434,10859,1846,1565,126,155,27380,4779,28544,4437,18974,5133,4449,201,226,4849,2151,6179,743,4098,1338,1108,61,168,6274,2813,10113,1485,6939,1689,1428,102,159,21103,1655,17864,1375,14910,1579,1411,75,87,12080,4327,16682,3240,9964,3478,2478,362,245,16438,3460,29871,3437,23229,3205,2498,41,120,24424,4218,27669,2802,22463,2404,2180,94,100,29073,1148,24132,2337,19754,2041,1879,51,110,10441,711,5648,996,3712,940,592,240,108,13986,4928,28101,4924,17584,5593,4962,375,256,12219,3830,14163,1891,10483,1789,1626,52,110,6315,1080,4809,484,3576,749,585,96,68,663904,155625,618706,79339,442662,96705,84374,4437,6541
2020-08-23,11451,2658,5549,411,4072,1066,928,15,123,9819,16796,17574,3697,10940,2937,2664,53,213,8950,734,7090,409,6053,628,533,21,73,5018,3371,6098,896,4237,965,821,106,38,26780,3554,21545,1545,18199,1801,1653,43,105,2590,1211,3536,409,2456,671,506,49,116,3708,22188,6633,1149,4208,1276,1140,69,67,8943,1602,10204,1685,6753,1766,1351,294,120,173047,20175,126428,14213,93028,19187,16925,455,1806,11484,943,6036,469,4965,602,527,28,47,39785,5144,30767,2655,24532,3580,3309,126,145,9483,1149,14329,1905,10762,1662,1420,152,83,6522,1868,9641,1573,5849,2219,2012,100,105,30549,8228,20016,2611,13254,4151,3604,241,304,60229,16359,53993,10887,28880,14226,13065,314,762,23473,625,14834,1301,11768,1765,1581,64,110,5114,2526,5221,1074,2814,1333,1248,28,57,3546,2619,4764,645,3214,905,778,66,59,34376,7415,28059,2559,20962,4538,3873,346,317,5844,1606,14168,1443,10874,1851,1571,127,153,27442,4788,28630,4457,19018,5155,4474,202,222,4865,2157,6207,753,4114,1340,1115,61,163,6291,2821,10152,1501,6962,1689,1435,102,152,21208,1655,17964,1392,14973,1599,1422,85,87,12115,4359,16737,3257,9983,3497,2496,363,244,16491,3464,29942,3447,23288,3207,2502,41,117,24515,4224,27752,2812,22532,2408,2184,95,98,29164,1150,24200,2357,19794,2049,1888,51,109,10450,711,5666,1000,3724,942,596,240,106,14028,4932,28203,4946,17624,5633,5003,377,253,12240,3841,14273,1911,10561,1801,1639,53,109,6335,1080,4851,496,3590,765,600,98,67,665855,155953,621062,79865,443983,97214,84863,4465,6530
2020-08-24,11578,2687,5637,427,4141,1069,936,15,118,9894,16858,17722,3714,11058,2950,2682,53,208,9037,738,7232,417,6175,640,544,21,74,5081,3388,6130,898,4255,977,829,109,39,27110,3576,21865,1564,18475,1826,1682,42,102,2632,1216,3614,415,2510,689,523,48,118,3755,22273,6644,1149,4217,1278,1142,69,67,9059,1605,10327,1697,6849,1781,1368,294,119,175217,20233,127735,14278,94151,19306,17050,457,1798,11634,943,6170,473,5080,617,542,29,46,40340,5158,31285,2671,24991,3623,3350,128,145,9571,1152,14453,1913,10860,1680,1437,155,82,6610,1887,9806,1585,5956,2265,2054,102,107,30775,8276,20293,2640,13454,4199,3647,246,304,61034,16473,54440,10931,29223,14286,13132,315,751,23782,625,15131,1316,12021,1794,1608,65,112,5155,2546,5268,1078,2847,1343,1259,28,56,3571,2650,4845,650,3269,926,798,66,60,34742,7458,28488,2594,21301,4593,3926,347,318,5898,1610,14322,1451,11010,1861,1582,129,150,27864,4821,28907,4487,19224,5196,4515,202,220,4916,2166,6344,758,4216,1370,1144,61,164,6348,2833,10273,1517,7060,1696,1444,102,150,21511,1658,18284,1430,15248,1606,1428,87,85,12258,4369,16853,3277,10055,3521,2520,365,242,16704,3482,30206,3459,23530,3217,2504,41,120,24799,4257,27901,2825,22667,2409,2185,97,98,29444,1157,24380,2379,19945,2056,1897,51,107,10494,715,5751,1005,3803,943,595,242,106,14188,4960,28458,4975,17812,5671,5033,376,262,12338,3865,14455,1927,10721,1807,1644,53,110,6384,1090,4942,505,3660,777,609,100,68,673723,156725,628161,80405,449784,97972,85609,4495,6506
2020-08-25,11709,2728,5715,435,4198,1082,948,15,119,9974,16945,17830,3725,11142,2963,2695,54,207,9156,743,7331,427,6265,639,543,21,74,5191,3394,6158,900,4279,979,830,108,41,27519,3592,22141,1579,18708,1854,1709,42,103,2661,1223,3698,426,2581,691,522,50,119,3803,22387,6666,1152,4236,1278,1142,69,67,9208,1609,10469,1705,6957,1807,1385,299,123,177310,20322,129043,14352,95265,19426,17167,461,1797,11823,944,6278,482,5181,615,542,29,44,40940,5178,31702,2696,25365,3641,3366,129,146,9707,1157,14596,1923,10980,1693,1447,156,83,6697,1903,9939,1613,6043,2283,2073,102,106,31017,8320,20557,2672,13655,4230,3668,252,308,61753,16604,54873,10972,29522,14379,13228,316,747,24066,625,15377,1329,12234,1814,1625,66,114,5208,2568,5315,1085,2879,1351,1265,30,56,3608,2702,4897,659,3300,938,809,67,60,35170,7514,29037,2627,21760,4650,3978,349,321,5935,1617,14423,1456,11097,1870,1592,130,148,28344,4866,29168,4514,19429,5225,4543,202,221,4967,2177,6475,770,4313,1392,1166,63,162,6418,2847,10346,1528,7115,1703,1453,103,147,21825,1680,18552,1457,15469,1626,1443,92,85,12398,4388,16984,3297,10145,3542,2535,365,241,16999,3493,30482,3469,23778,3235,2515,42,120,25094,4271,28091,2831,22847,2413,2189,99,98,29760,1161,24544,2395,20089,2060,1903,52,104,10541,718,5812,1008,3858,946,595,244,107,14315,4985,28686,5007,17968,5711,5070,376,265,12422,3889,14624,1950,10842,1832,1671,54,107,6505,1100,5049,510,3752,787,617,102,68,682043,157650,634858,80951,455252,98655,86234,4539,6508
2020-08-26,11853,2783,5789,440,4250,1099,966,15,118,10084,17015,17925,3737,11219,2969,2707,54,201,9301,751,7437,430,6357,650,552,21,76,5256,3399,6179,904,4292,983,833,108,42,27772,3621,22473,1599,18999,1875,1732,42,101,2701,1224,3770,433,2641,696,526,51,119,3844,22476,6682,1154,4249,1279,1144,69,66,9314,1616,10648,1716,7103,1829,1405,300,124,180648,20399,130644,14408,96691,19545,17279,468,1797,12011,944,6398,487,5285,626,553,29,44,41564,5205,32173,2716,25794,3663,3391,128,144,9807,1161,14698,1932,11069,1697,1449,155,86,6776,1929,10058,1629,6138,2291,2079,104,107,31312,8364,20845,2711,13867,4267,3703,253,309,62568,16753,55257,11006,29802,14449,13299,320,738,24312,625,15609,1350,12411,1848,1664,63,111,5256,2595,5354,1092,2903,1359,1272,30,57,3631,2773,4947,667,3330,950,822,67,59,35620,7589,29583,2659,22218,4706,4035,349,320,5982,1632,14523,1464,11185,1874,1597,131,146,28869,4908,29424,4539,19631,5254,4572,204,218,5053,2197,6615,780,4421,1414,1190,63,160,6486,2858,10429,1540,7181,1708,1464,103,141,22140,1688,18826,1479,15695,1652,1464,95,87,12504,4413,17125,3311,10262,3552,2550,364,236,17276,3500,30773,3481,24045,3247,2528,43,118,25441,4290,28294,2854,23029,2411,2190,102,94,30073,1167,24726,2414,20244,2068,1913,51,103,10602,726,5873,1014,3910,949,598,244,107,14451,5009,28914,5039,18131,5744,5099,375,270,12499,3930,14765,1970,10962,1833,1673,52,108,6600,1106,5139,518,3815,806,632,105,69,691606,158646,641895,81473,461129,99293,86881,4558,6476
2020-08-27,11913,2847,5843,451,4287,1105,973,15,117,10197,17076,18039,3747,11312,2980,2713,54,206,9419,753,7558,434,6461,663,564,20,78,5318,3411,6206,906,4317,983,832,109,42,28177,3636,22742,1613,19224,1905,1761,42,102,2729,1229,3830,440,2690,700,530,52,118,3896,22515,6692,1157,4258,1277,1142,69,66,9411,1619,10776,1727,7201,1848,1422,299,127,184098,20491,132100,14464,97978,19658,17379,470,1808,12174,947,6504,496,5377,631,556,30,45,42218,5225,32614,2743,26180,3691,3420,129,142,9935,1163,14818,1939,11168,1711,1466,155,83,6855,1947,10161,1642,6205,2314,2098,108,107,31545,8413,21092,2737,14053,4302,3740,256,304,63372,16951,55699,11053,30132,14514,13358,321,743,24521,626,15828,1365,12596,1867,1679,65,112,5297,2617,5395,1097,2930,1368,1281,30,57,3660,2791,4987,677,3354,956,829,67,59,36042,7659,30124,2682,22692,4750,4078,351,319,6040,1640,14648,1468,11295,1885,1607,131,147,29376,4939,29663,4566,19825,5272,4588,204,219,5122,2203,6726,787,4506,1433,1206,63,163,6544,2867,10505,1545,7240,1720,1474,105,141,22461,1697,19024,1500,15858,1666,1479,92,89,12610,4437,17235,3326,10336,3573,2567,366,237,17502,3510,30960,3489,24213,3258,2535,43,119,25696,4305,28515,2873,23228,2414,2194,102,95,30377,1170,24894,2431,20384,2079,1927,51,100,10678,730,5906,1019,3936,951,598,248,105,14570,5025,29102,5068,18258,5776,5127,375,274,12608,3959,15016,1995,11180,1841,1682,52,107,6694,1113,5234,529,3889,816,641,106,69,701055,159511,648436,81966,466563,99907,87446,4580,6500
2020-08-28,11947,2895,5907,457,4327,1123,992,15,116,10287,17131,18149,3761,11396,2992,2720,55,209,9520,753,7627,439,6523,665,566,21,77,5412,3436,6251,906,4355,990,837,110,43,28586,3647,22998,1644,19450,1904,1759,42,103,2762,1233,3891,446,2739,706,536,52,118,3938,22557,6698,1157,4262,1279,1144,69,66,9518,1621,10879,1741,7276,1862,1433,302,127,187660,20575,133594,14527,99297,19770,17481,470,1818,12311,950,6616,507,5473,636,559,32,45,42759,5252,33048,2764,26564,3720,3453,128,139,10070,1163,14945,1944,11280,1721,1476,156,82,6922,1956,10260,1661,6265,2334,2113,113,107,31770,8471,21332,2769,14207,4356,3784,261,309,64215,17127,56067,11111,30359,14597,13425,322,750,24729,626,16066,1387,12799,1880,1694,66,112,5326,2643,5433,1108,2948,1377,1291,28,58,3682,2832,5020,680,3375,965,835,69,60,36429,7702,30609,2716,23068,4825,4149,352,322,6083,1643,14718,1473,11348,1897,1617,133,147,29821,4978,29928,4594,20047,5287,4600,206,219,5183,2209,6828,794,4582,1452,1225,64,162,6598,2876,10570,1552,7294,1724,1478,105,141,22880,1706,19233,1521,16028,1684,1496,92,90,12725,4451,17343,3341,10412,3590,2580,363,239,17718,3521,31177,3503,24416,3258,2533,44,119,25953,4330,28724,2877,23419,2428,2200,104,98,30697,1176,25070,2449,20542,2079,1928,51,99,10734,733,5951,1026,3973,952,601,248,103,14665,5055,29274,5097,18375,5802,5153,374,275,12738,3992,15237,2008,11368,1861,1703,52,106,6802,1121,5330,537,3971,822,647,105,70,710440,160361,654773,82497,471738,100538,88008,4604,6529
2020-08-29,12043,2896,5950,461,4340,1149,1017,15,117,10311,17183,18186,3770,11422,2994,2722,56,208,9556,754,7679,447,6571,661,564,21,75,5461,3442,6258,908,4360,990,837,109,44,28756,3654,23126,1661,19543,1922,1780,42,100,2789,1234,3926,454,2764,708,536,52,120,3958,22577,6703,1158,4266,1279,1145,69,65,9573,1623,10946,1747,7325,1874,1440,304,130,189642,20624,134444,14597,99980,19867,17576,477,1813,12337,951,6636,515,5482,639,561,33,45,42953,5275,33254,2786,26735,3733,3463,130,140,10111,1163,14987,1956,11307,1724,1476,160,81,6971,1959,10324,1680,6295,2349,2127,116,105,31870,8497,21420,2796,14240,4384,3813,263,306,64384,17182,56198,11159,30396,14643,13472,322,749,24808,627,16156,1410,12859,1887,1703,66,112,5341,2643,5449,1111,2953,1385,1299,28,58,3697,2832,5042,688,3382,972,839,71,61,36596,7725,30854,2750,23242,4862,4174,366,320,6098,1647,14791,1482,11408,1901,1620,135,146,30067,5004,30043,4616,20125,5302,4619,205,216,5215,2225,6910,808,4647,1455,1230,64,160,6624,2883,10601,1559,7304,1738,1492,105,141,23004,1708,19347,1537,16109,1701,1515,91,89,12755,4483,17410,3359,10436,3615,2596,369,243,17878,3531,31310,3509,24532,3269,2546,44,117,26097,4339,28834,2891,23509,2434,2213,102,93,30824,1179,25147,2470,20586,2091,1943,51,96,10781,733,5967,1035,3976,956,604,247,105,14713,5065,29384,5124,18435,5825,5175,376,274,12826,4001,15287,2017,11397,1873,1711,54,108,6848,1122,5371,549,3997,825,648,107,70,714887,160761,657940,83010,473923,101007,88456,4650,6507
2020-08-30,12264,2903,5982,466,4357,1159,1022,15,122,10326,17192,18220,3793,11435,2992,2724,58,205,9605,754,7743,451,6632,660,564,21,74,5467,3445,6267,919,4365,983,832,112,39,28842,3665,23181,1678,19571,1932,1793,42,97,2812,1239,3956,456,2781,719,543,53,123,3974,22617,6709,1159,4272,1278,1144,69,65,9607,1625,10994,1754,7353,1887,1453,304,130,190079,20671,134776,14655,100184,19937,17630,478,1828,12356,952,6662,520,5491,651,573,33,45,43073,5280,33412,2806,26858,3748,3476,130,142,10138,1165,15028,1962,11333,1733,1487,159,80,6999,1968,10388,1695,6328,2365,2142,115,107,31948,8504,21537,2821,14304,4412,3841,263,305,64459,17202,56305,11199,30427,14679,13512,322,745,24879,629,16239,1428,12916,1895,1714,66,109,5351,2643,5457,1118,2953,1386,1301,28,57,3718,2837,5068,699,3387,982,850,71,60,36701,7742,31018,2785,23357,4876,4187,367,320,6116,1655,14813,1495,11416,1902,1624,136,142,30175,5018,30152,4645,20180,5327,4642,205,217,5241,2233,6970,828,4685,1457,1232,64,160,6649,2892,10649,1570,7335,1744,1502,104,138,23096,1711,19460,1559,16196,1705,1516,91,92,12782,4495,17472,3380,10464,3628,2608,369,242,17960,3534,31365,3515,24572,3278,2550,44,121,26189,4350,28916,2900,23581,2435,2216,103,93,30922,1179,25235,2486,20648,2101,1949,51,100,10808,733,5985,1037,3981,967,612,248,107,14761,5072,29488,5160,18481,5847,5206,375,266,12888,4014,15334,2042,11421,1871,1712,53,106,6861,1122,5404,556,4011,837,654,113,70,717046,161041,660185,83537,475275,101373,88811,4662,6507
2020-08-31,12353,2963,6080,476,4435,1169,1033,15,121,10416,17271,18410,3808,11597,3005,2736,60,204,9729,758,7872,461,6749,662,569,21,71,5556,3458,6302,922,4386,994,842,113,39,29183,3688,23409,1708,19755,1946,1809,42,95,2851,1249,4040,463,2847,730,556,53,121,4014,22727,6726,1159,4289,1278,1144,69,65,9733,1626,11133,1766,7466,1901,1467,305,129,192431,20759,136063,14715,101273,20075,17761,482,1831,12514,955,6802,526,5617,659,581,34,44,43597,5311,33980,2837,27364,3779,3511,130,138,10265,1167,15172,1966,11463,1743,1496,160,80,7064,1980,10495,1712,6400,2383,2159,116,107,32227,8556,21867,2850,14564,4453,3881,263,306,65207,17380,56799,11240,30784,14775,13611,324,740,25113,629,16545,1442,13179,1924,1743,66,108,5382,2661,5509,1124,2985,1400,1309,32,59,3743,2869,5113,703,3420,990,856,72,61,37090,7780,31450,2828,23702,4920,4229,369,320,6189,1659,14914,1500,11505,1909,1630,137,142,30668,5070,30411,4681,20390,5340,4654,208,214,5321,2237,7103,839,4789,1475,1249,63,162,6709,2902,10743,1577,7406,1760,1514,104,142,23446,1730,19743,1576,16434,1733,1545,91,91,12889,4502,17610,3395,10563,3652,2619,374,245,18182,3543,31607,3526,24799,3282,2554,44,116,26519,4363,29103,2911,23759,2433,2219,101,93,31230,1182,25483,2506,20862,2115,1959,51,104,10909,733,6023,1043,4008,972,615,251,106,14892,5093,29743,5196,18678,5869,5231,380,258,13100,4044,15507,2060,11569,1878,1720,54,104,6947,1129,5472,569,4065,838,657,113,68,725469,161974,667229,84085,481102,102042,89459,4697,6484
2020-09-01,12555,3030,6146,485,4486,1175,1039,15,121,10492,17349,18593,3825,11758,3010,2743,61,200,9826,760,7987,466,6857,664,571,23,69,5610,3469,6318,925,4396,997,846,113,38,29572,3725,23643,1727,19949,1967,1831,43,93,2881,1262,4093,474,2882,737,562,55,120,4053,22822,6747,1161,4306,1280,1145,69,66,9905,1629,11311,1773,7623,1915,1483,306,126,195676,20840,137744,14793,102784,20167,17849,485,1832,12634,963,6947,532,5748,667,585,36,46,44137,5339,34445,2862,27792,3791,3524,129,138,10396,1168,15326,1970,11596,1760,1508,164,81,7139,1996,10596,1727,6469,2400,2174,118,107,32524,8596,22119,2883,14745,4491,3915,265,308,65903,17504,57202,11284,31049,14869,13705,325,739,25368,631,16852,1461,13446,1945,1762,66,106,5418,2680,5543,1128,3007,1408,1314,35,59,3761,2944,5174,708,3461,1005,869,73,62,37567,7869,31945,2864,24125,4956,4272,369,313,6258,1667,15040,1508,11616,1916,1637,138,141,31136,5117,30632,4700,20561,5371,4675,210,217,5389,2247,7262,846,4916,1500,1270,65,164,6772,2915,10822,1582,7470,1770,1523,103,144,23721,1748,19988,1594,16644,1750,1561,91,93,13002,4516,17753,3409,10666,3678,2641,376,243,18442,3549,31851,3532,25026,3293,2560,44,117,26742,4379,29311,2922,23949,2440,2227,102,94,31505,1189,25737,2526,21087,2124,1967,51,105,11000,736,6055,1054,4032,969,612,252,105,15013,5122,29987,5219,18870,5898,5255,383,260,13306,4063,15647,2075,11690,1882,1724,55,103,7051,1139,5568,578,4139,851,672,113,66,734754,162963,674384,84593,487145,102646,90021,4733,6476
2020-09-02,12656,3076,6210,497,4535,1178,1045,15,118,10548,17429,18750,3842,11888,3020,2747,61,205,10006,761,8120,478,6981,661,574,23,63,5702,3482,6347,928,4419,1000,850,112,38,29902,3757,23843,1748,20110,1985,1846,43,96,2907,1274,4141,478,2916,747,571,55,121,4089,22906,6759,1161,4315,1283,1146,69,68,10046,1634,11458,1777,7748,1933,1498,308,127,199101,20895,139489,14858,104341,20290,17956,488,1845,12835,968,7122,539,5909,674,588,39,47,44638,5378,34835,2882,28137,3816,3552,130,134,10502,1169,15496,1976,11742,1778,1527,164,80,7213,2015,10712,1742,6552,2418,2188,121,108,32815,8648,22393,2914,14955,4524,3946,265,310,66610,17681,57649,11329,31379,14941,13779,324,736,25576,636,17095,1475,13649,1971,1784,69,107,5467,2695,5573,1136,3030,1407,1314,34,59,3794,2971,5211,713,3480,1018,880,74,63,38106,7925,32407,2899,24497,5011,4329,369,311,6311,1676,15129,1511,11688,1930,1650,138,142,31479,5166,30818,4725,20705,5388,4697,210,214,5474,2249,7369,853,4997,1519,1284,67,167,6844,2925,10888,1589,7522,1777,1530,103,144,23973,1757,20261,1625,16869,1767,1580,91,91,13125,4526,17920,3420,10800,3700,2655,381,245,18662,3552,32004,3540,25164,3300,2566,44,114,27145,4397,29495,2926,24120,2449,2235,103,94,31756,1190,25981,2538,21287,2156,1998,51,106,11125,739,6089,1056,4060,973,615,253,105,15136,5149,30236,5247,19053,5936,5291,383,262,13496,4096,15814,2095,11842,1877,1721,56,100,7177,1151,5691,586,4247,858,677,114,67,744216,163873,681305,85083,492937,103285,90619,4757,6487
2020-09-03,12722,3109,6285,504,4584,1197,1062,15,120,10620,17509,18914,3851,12023,3040,2763,62,207,10262,762,8232,485,7081,666,579,23,63,5763,3492,6369,930,4437,1002,851,112,39,30290,3792,24026,1763,20262,2001,1862,44,95,2934,1292,4178,480,2941,757,580,55,122,4123,22998,6771,1164,4324,1283,1147,69,67,10137,1637,11575,1785,7844,1946,1510,309,127,202761,20975,141090,14920,105740,20430,18078,491,1860,12998,983,7233,548,6012,673,588,39,46,45152,5411,35238,2904,28500,3834,3569,131,134,10610,1173,15645,1984,11870,1791,1538,167,79,7290,2029,10796,1752,6609,2435,2203,123,108,33099,8690,22665,2938,15152,4575,3996,268,308,67157,17807,58036,11377,31660,14999,13835,324,738,25786,636,17359,1498,13868,1993,1806,70,107,5529,2715,5601,1146,3050,1405,1313,33,59,3822,3003,5259,721,3509,1029,890,75,63,38616,8005,32882,2932,24902,5048,4366,368,312,6372,1683,15255,1520,11800,1935,1657,135,143,31860,5200,31014,4749,20849,5416,4725,215,208,5531,2254,7478,861,5084,1533,1299,67,166,6912,2934,10938,1604,7557,1777,1532,103,142,24256,1766,20477,1638,17052,1787,1601,90,91,13233,4544,18008,3442,10858,3708,2661,383,245,18858,3561,32134,3550,25286,3298,2565,44,112,27551,4419,29616,2937,24230,2449,2236,105,92,31980,1195,26226,2550,21507,2169,2009,51,108,11213,742,6132,1059,4094,979,617,255,107,15250,5171,30423,5279,19179,5965,5318,384,263,13712,4128,15980,2112,11991,1877,1719,57,101,7241,1153,5770,592,4317,861,680,115,66,753640,164768,687605,85575,498172,103858,91155,4782,6498
2020-09-04,12764,3154,6329,514,4613,1202,1071,15,116,10688,17599,19040,3865,12125,3050,2775,63,203,10479,764,8335,488,7179,668,580,24,63,5884,3505,6386,933,4452,1001,853,111,37,30661,3820,24216,1781,20413,2022,1880,45,97,2965,1301,4221,488,2970,763,586,56,121,4151,23062,6785,1166,4334,1285,1148,69,68,10263,1640,11668,1799,7916,1953,1519,310,124,206265,21035,142571,14985,107058,20528,18166,496,1865,13172,993,7344,553,6115,676,591,39,46,45649,5437,35664,2929,28877,3858,3588,131,139,10699,1176,15805,1988,12015,1802,1545,169,81,7366,2035,10874,1765,6667,2442,2211,123,107,33337,8733,22897,2968,15320,4609,4028,269,309,67923,17980,58435,11412,31962,15061,13891,324,740,25971,643,17571,1516,14038,2017,1830,70,110,5595,2725,5629,1150,3068,1411,1318,33,60,3856,3057,5289,730,3532,1027,886,77,63,39032,8063,33298,2965,25250,5083,4393,373,316,6427,1689,15351,1528,11881,1942,1663,135,144,32170,5231,31182,4775,20962,5445,4740,217,216,5604,2265,7601,872,5179,1550,1315,67,167,6971,2939,10990,1612,7606,1772,1532,103,137,24566,1773,20683,1653,17234,1796,1614,88,88,13379,4564,18132,3457,10955,3720,2671,383,245,19069,3574,32330,3562,25468,3300,2565,44,110,27952,4437,29766,2948,24363,2455,2242,106,92,32274,1197,26449,2559,21713,2177,2016,51,109,11302,745,6180,1064,4137,979,617,256,106,15385,5186,30619,5309,19322,5988,5340,385,263,13886,4139,16129,2121,12109,1899,1737,59,103,7336,1164,5877,600,4409,868,684,119,65,763041,165625,693646,86055,503242,104349,91595,4810,6510
2020-09-05,12844,3155,6350,525,4621,1204,1073,15,116,10713,17658,19104,3878,12159,3067,2793,63,202,10533,765,8393,493,7236,664,578,22,63,5904,3505,6389,935,4454,1000,853,111,36,30793,3830,24308,1796,20478,2034,1891,45,98,2981,1308,4244,492,2979,773,594,56,123,4172,23106,6792,1168,4340,1284,1148,69,67,10311,1641,11721,1805,7944,1972,1537,311,124,208003,21096,143398,15055,107731,20612,18243,501,1867,13209,993,7370,559,6134,677,591,38,48,45846,5449,35788,2950,28963,3875,3603,132,139,10723,1176,15864,1996,12059,1809,1551,169,82,7398,2042,10916,1778,6692,2446,2217,124,104,33471,8742,22998,2991,15374,4633,4050,270,310,68068,18048,58563,11450,31994,15119,13944,329,740,26056,644,17679,1531,14116,2032,1841,71,113,5608,2726,5640,1155,3077,1408,1316,33,59,3868,3068,5309,737,3538,1034,892,78,63,39162,8074,33482,2996,25370,5116,4420,381,314,6452,1691,15452,1538,11965,1949,1669,135,145,32346,5244,31296,4808,21034,5454,4750,217,214,5634,2265,7657,884,5216,1557,1322,67,167,6997,2940,11017,1617,7623,1777,1537,103,137,24681,1774,20767,1670,17295,1802,1621,89,86,13408,4581,18173,3477,10969,3727,2679,381,243,19170,3576,32422,3566,25554,3302,2567,45,109,28073,4451,29843,2952,24431,2460,2250,106,90,32394,1200,26567,2566,21818,2183,2022,51,109,11314,745,6223,1070,4172,981,619,257,105,15448,5194,30703,5341,19362,6000,5348,387,265,13935,4149,16195,2132,12152,1911,1747,59,105,7366,1166,5929,607,4451,871,687,120,64,766881,166002,696552,86518,505301,104733,91953,4835,6507
2020-09-06,12924,3160,6375,532,4630,1213,1085,15,113,10737,17675,19139,3885,12177,3077,2801,66,201,10565,766,8432,496,7264,672,587,22,62,5909,3507,6398,936,4459,1003,855,111,37,30864,3843,24404,1809,20533,2062,1920,46,96,2995,1318,4266,498,2994,774,597,55,122,4177,23129,6799,1168,4347,1284,1148,69,67,10328,1642,11765,1817,7966,1982,1545,312,125,208487,21132,143740,15128,107928,20684,18304,501,1878,13244,994,7406,564,6148,694,607,39,48,45985,5459,35935,2966,29076,3893,3618,133,141,10738,1177,15942,1998,12110,1834,1573,171,83,7431,2048,10967,1797,6711,2459,2231,124,103,33553,8746,23108,3036,15425,4647,4062,268,314,68165,18074,58674,11500,32018,15156,13979,333,738,26121,644,17762,1550,14172,2040,1852,71,110,5616,2728,5646,1159,3080,1407,1317,33,57,3881,3091,5330,740,3547,1043,900,79,63,39291,8075,33620,3019,25451,5150,4454,381,314,6461,1695,15476,1546,11973,1957,1673,135,149,32400,5251,31368,4832,21076,5460,4758,218,212,5661,2265,7701,890,5245,1566,1334,67,164,7018,2946,11044,1623,7640,1781,1538,103,140,24754,1774,20825,1686,17335,1804,1624,88,86,13438,4603,18223,3490,10980,3753,2699,381,248,19259,3581,32478,3574,25600,3304,2569,45,107,28209,4462,29921,2960,24486,2475,2262,109,90,32504,1203,26632,2583,21860,2189,2029,51,108,11336,745,6248,1074,4190,984,620,258,106,15495,5200,30789,5360,19404,6025,5373,389,263,13986,4158,16268,2144,12200,1924,1762,59,103,7414,1166,5969,617,4473,879,689,125,65,768946,166257,698650,86977,506498,105175,92365,4857,6513
2020-09-07,13121,3205,6450,541,4690,1219,1089,15,115,10822,17739,19299,3906,12309,3084,2808,69,198,10724,770,8567,497,7394,676,590,23,62,5975,3518,6416,937,4475,1004,857,111,36,31231,3880,24598,1829,20696,2073,1932,46,95,3027,1340,4318,501,3033,784,603,58,123,4217,23214,6816,1168,4361,1287,1151,69,67,10476,1643,11906,1823,8079,2004,1563,313,128,210956,21205,144936,15192,108908,20836,18444,505,1886,13424,998,7534,568,6261,705,615,40,50,46697,5480,36356,2981,29453,3922,3643,136,142,10831,1182,16171,2010,12315,1846,1584,171,84,7539,2063,11068,1810,6786,2472,2238,126,107,33841,8799,23454,3064,15686,4704,4113,270,318,68945,18286,59197,11545,32403,15249,14068,333,742,26362,646,18017,1561,14389,2067,1878,72,110,5674,2752,5682,1165,3106,1411,1321,33,57,3913,3133,5387,752,3588,1047,905,78,63,39722,8129,34064,3047,25829,5188,4490,381,316,6509,1704,15610,1555,12090,1965,1681,136,148,32729,5306,31548,4846,21216,5486,4783,217,213,5731,2284,7812,907,5330,1575,1344,68,162,7081,2954,11126,1634,7705,1787,1544,104,139,25113,1780,21060,1704,17532,1824,1642,90,86,13579,4624,18340,3512,11064,3764,2707,377,251,19466,3586,32650,3582,25753,3315,2579,45,105,28519,4477,30073,2969,24630,2474,2264,111,88,32837,1207,26856,2601,22057,2198,2036,51,110,11416,750,6283,1078,4220,985,623,257,105,15656,5225,30984,5396,19547,6041,5391,391,259,14083,4169,16455,2157,12370,1928,1767,61,100,7525,1171,6045,630,4538,877,691,126,60,777741,167219,705078,87468,511813,105797,92944,4883,6525
2020-09-08,13407,3237,6501,550,4723,1228,1098,16,114,10909,17820,19425,3917,12414,3094,2813,70,202,10900,771,8693,506,7508,679,595,23,60,6037,3530,6427,939,4485,1003,857,110,36,31638,3903,24797,1844,20856,2097,1955,46,96,3047,1355,4365,508,3067,790,604,59,127,4264,23286,6830,1168,4370,1292,1156,69,67,10591,1648,12028,1827,8176,2025,1581,314,130,214087,21274,146565,15259,110345,20961,18561,509,1890,13592,1001,7646,578,6360,708,619,42,47,47251,5522,36814,2991,29867,3956,3675,138,142,10929,1183,16350,2011,12471,1868,1602,173,86,7637,2087,11139,1820,6841,2478,2245,125,107,34111,8837,23753,3103,15926,4724,4134,269,318,69594,18399,59664,11572,32749,15343,14151,333,753,26627,646,18264,1577,14586,2101,1911,73,111,5749,2773,5721,1167,3133,1421,1332,32,57,3939,3168,5426,757,3619,1050,907,78,65,40191,8170,34594,3082,26291,5221,4526,382,312,6567,1712,15741,1563,12208,1970,1685,136,149,33060,5335,31716,4876,21338,5502,4801,216,211,5806,2300,7925,914,5419,1592,1361,68,162,7152,2964,11196,1639,7761,1796,1555,105,136,25472,1791,21261,1725,17704,1832,1649,91,85,13712,4644,18451,3520,11156,3775,2712,378,256,19715,3591,32865,3588,25948,3329,2592,45,104,28902,4491,30209,2974,24761,2474,2262,113,87,33140,1210,27068,2618,22249,2201,2040,51,109,11484,755,6321,1080,4250,991,629,256,106,15804,5257,31193,5420,19684,6089,5436,392,261,14235,4188,16638,2165,12534,1939,1778,61,100,7596,1188,6121,638,4602,881,691,128,62,787145,168036,711707,87896,517401,106410,93513,4901,6548
2020-09-09,13577,3261,6563,557,4766,1240,1111,16,113,11005,17928,19540,3934,12512,3094,2818,70,199,11086,772,8796,515,7598,683,597,24,61,6118,3541,6440,939,4495,1006,860,110,36,31942,3933,24960,1862,20985,2113,1972,47,94,3073,1361,4395,513,3085,797,609,58,130,4310,23358,6845,1168,4384,1293,1157,69,67,10714,1653,12156,1835,8287,2034,1588,315,131,217512,21334,148122,15323,111714,21085,18679,514,1891,13794,1007,7753,586,6457,710,620,43,47,47799,5553,37204,3008,30206,3990,3704,142,142,11053,1186,16509,2022,12606,1881,1615,172,87,7723,2107,11247,1834,6909,2504,2262,133,108,34380,8875,24032,3132,16129,4771,4165,276,327,70314,18547,60044,11613,33024,15407,14214,334,751,26817,648,18505,1599,14775,2131,1938,72,115,5808,2789,5753,1172,3157,1424,1337,30,57,3958,3216,5464,763,3646,1055,910,79,66,40582,8219,35047,3114,26680,5253,4557,384,311,6617,1717,15893,1571,12341,1981,1692,137,152,33357,5379,31900,4898,21476,5526,4824,216,211,5861,2316,8029,924,5499,1606,1375,68,162,7217,2970,11243,1646,7794,1803,1565,106,132,25842,1799,21447,1748,17863,1836,1654,91,84,13841,4660,18548,3535,11226,3787,2722,378,257,19931,3597,33072,3593,26137,3342,2598,45,105,29283,4501,30291,2981,24836,2474,2264,113,87,33392,1212,27250,2638,22405,2207,2048,52,106,11561,757,6342,1080,4264,998,635,256,107,15924,5283,31396,5447,19832,6117,5463,390,264,14398,4218,16786,2177,12667,1942,1780,61,101,7722,1191,6200,652,4669,879,691,128,60,796511,168888,717772,88379,522424,106969,94024,4929,6561
2020-09-10,13626,3287,6618,559,4807,1252,1123,16,113,11081,18032,19648,3943,12607,3098,2823,71,197,11226,772,8879,519,7676,684,600,24,59,6173,3547,6451,940,4504,1007,862,110,35,32259,3949,25114,1876,21115,2123,1983,47,93,3094,1368,4439,518,3115,806,618,59,129,4357,23418,6867,1168,4404,1295,1159,69,67,10842,1656,12263,1848,8376,2039,1593,315,131,221380,21412,149587,15385,113009,21193,18774,519,1899,13961,1014,7852,590,6535,727,636,43,48,48319,5575,37629,3025,30599,4005,3716,144,143,11181,1194,16664,2028,12736,1900,1633,172,88,7776,2118,11320,1842,6956,2522,2275,139,107,34604,8932,24269,3161,16308,4800,4187,282,328,71013,18764,60488,11652,33340,15496,14294,335,756,27083,649,18766,1621,14997,2148,1952,73,117,5859,2815,5787,1176,3183,1428,1341,30,57,3976,3252,5496,764,3664,1068,921,81,66,40976,8262,35383,3151,26950,5282,4578,389,314,6652,1723,16015,1579,12442,1994,1701,137,156,33642,5416,32077,4916,21609,5552,4851,217,208,5913,2322,8098,938,5553,1607,1376,69,161,7278,2977,11289,1653,7828,1808,1570,107,131,26183,1812,21628,1757,18019,1852,1667,92,86,13940,4677,18646,3556,11287,3803,2734,381,258,20126,3602,33216,3603,26273,3340,2592,45,104,29637,4507,30413,2986,24948,2479,2272,111,87,33641,1214,27408,2657,22544,2207,2050,52,104,11633,760,6363,1080,4281,1002,638,257,107,16067,5308,31572,5484,19952,6136,5481,395,260,14588,4247,16931,2187,12798,1946,1787,59,100,7803,1195,6303,657,4756,890,700,130,60,805889,169776,723479,88819,527171,107489,94487,4970,6569
2020-09-11,13666,3308,6663,564,4836,1263,1135,17,111,11158,18122,19760,3952,12698,3110,2829,76,198,11414,772,8972,520,7764,688,603,25,59,6310,3563,6484,943,4536,1005,860,110,35,32627,3970,25252,1900,21225,2127,1988,47,92,3117,1380,4489,524,3150,815,626,61,128,4403,23484,6876,1168,4413,1295,1159,69,67,10968,1658,12380,1856,8459,2065,1615,316,134,224703,21473,150981,15459,114246,21276,18857,522,1896,14115,1017,7965,598,6642,725,636,42,47,48831,5610,38037,3050,30977,4010,3723,144,142,11304,1195,16845,2031,12883,1931,1661,174,89,7845,2135,11411,1857,7007,2547,2300,141,105,34826,8988,24494,3192,16476,4826,4212,283,328,71738,18884,60912,11695,33665,15552,14344,336,761,27311,650,18946,1630,15138,2178,1983,73,116,5899,2837,5807,1180,3192,1435,1351,28,56,3997,3296,5526,772,3684,1070,924,81,65,41329,8310,35723,3176,27224,5323,4615,393,315,6705,1724,16095,1584,12501,2010,1710,137,163,33932,5447,32214,4940,21714,5560,4858,218,208,5983,2326,8190,950,5615,1625,1391,70,163,7332,2990,11317,1659,7849,1809,1572,107,130,26476,1824,21832,1772,18199,1861,1677,92,86,14052,4686,18759,3570,11360,3829,2749,388,259,20338,3607,33345,3608,26395,3342,2593,45,103,29937,4515,30538,2989,25054,2495,2288,109,89,33889,1215,27576,2672,22693,2211,2056,52,102,11690,764,6383,1083,4299,1001,637,257,107,16207,5331,31753,5510,20070,6173,5508,396,269,14816,4280,17067,2197,12921,1949,1790,59,100,7864,1211,6393,662,4827,904,710,133,61,814782,170572,728985,89263,531712,108010,94960,5001,6584
2020-09-12,13793,3322,6681,570,4842,1269,1142,17,110,11171,18161,19800,3964,12716,3120,2840,77,197,11478,772,9037,523,7822,692,608,25,58,6316,3574,6496,945,4541,1010,866,109,35,32748,3975,25324,1919,21269,2136,1997,46,93,3130,1381,4511,530,3168,813,622,61,130,4422,23498,6885,1171,4422,1292,1157,69,66,11006,1660,12439,1866,8493,2080,1628,316,136,226288,21525,151846,15525,114965,21356,18936,526,1893,14149,1017,7985,604,6653,728,638,43,47,49003,5615,38167,3068,31080,4019,3732,144,142,11338,1197,16931,2046,12953,1932,1665,176,85,7871,2140,11456,1868,7037,2551,2303,143,104,34923,9006,24588,3216,16524,4848,4237,284,324,71858,18917,61062,11745,33713,15604,14398,336,759,27402,651,19025,1651,15190,2184,1993,72,113,5902,2839,5810,1184,3192,1434,1350,28,56,4008,3305,5538,779,3690,1069,924,82,63,41496,8314,35903,3205,27347,5351,4640,393,318,6724,1727,16255,1590,12644,2021,1720,137,164,34047,5453,32290,4957,21755,5578,4876,220,207,6023,2327,8228,959,5634,1635,1401,70,163,7342,2994,11335,1668,7855,1812,1574,107,131,26600,1826,21897,1781,18247,1869,1685,92,87,14097,4707,18812,3589,11385,3838,2758,390,257,20429,3610,33419,3611,26457,3351,2600,46,103,30084,4527,30631,2997,25137,2497,2292,108,87,34013,1218,27652,2693,22753,2206,2051,52,102,11723,766,6399,1087,4307,1005,642,257,106,16261,5340,31833,5547,20102,6184,5515,398,271,14868,4290,17135,2201,12975,1959,1799,59,101,7897,1211,6430,668,4856,906,715,134,57,818410,170865,731800,89727,533724,108349,95304,5017,6565
2020-09-13,13920,3323,6695,574,4845,1276,1148,17,111,11200,18182,19832,3972,12733,3127,2843,80,198,11531,772,9064,528,7838,698,613,25,58,6326,3576,6503,946,4545,1012,869,109,34,32808,3980,25395,1932,21314,2149,2010,47,92,3140,1386,4539,534,3183,822,631,61,130,4438,23532,6889,1171,4426,1292,1157,69,66,11029,1660,12461,1874,8500,2087,1634,316,137,226715,21560,152172,15587,115139,21446,19029,525,1891,14164,1017,8007,609,6665,733,641,43,49,49127,5616,38288,3085,31175,4028,3741,143,143,11386,1197,17008,2058,13010,1940,1671,177,86,7898,2149,11505,1877,7059,2569,2317,145,106,34992,9015,24714,3250,16590,4874,4263,287,321,71949,18946,61182,11782,33737,15663,14457,338,757,27494,651,19096,1666,15231,2199,2009,72,113,5915,2840,5820,1189,3192,1439,1355,28,56,4020,3320,5567,781,3703,1083,937,83,63,41584,8323,36031,3233,27418,5380,4667,394,319,6733,1729,16289,1603,12661,2025,1726,139,160,34100,5457,32337,4974,21771,5592,4890,221,206,6056,2327,8271,969,5659,1643,1410,71,161,7354,3004,11350,1677,7863,1810,1575,107,128,26679,1827,21967,1793,18294,1880,1697,92,86,14117,4708,18850,3600,11396,3854,2772,392,257,20522,3611,33483,3618,26512,3353,2602,46,103,30223,4541,30718,3001,25213,2504,2298,108,88,34105,1218,27693,2704,22777,2212,2055,52,104,11753,767,6418,1091,4317,1010,645,260,105,16309,5342,31914,5570,20138,6206,5538,396,272,14942,4307,17194,2208,13017,1969,1806,59,104,7928,1212,6466,673,4881,912,719,134,59,820457,171095,733718,90129,534802,108787,95725,5036,6563
2020-09-14,14013,3360,6766,582,4898,1286,1156,17,113,11312,18238,19949,3990,12833,3126,2842,82,196,11908,775,9163,531,7928,704,619,26,57,6396,3584,6516,948,4555,1013,871,108,34,33099,3999,25580,1952,21477,2151,2014,47,90,3182,1392,4587,542,3217,828,636,62,130,4472,23567,6906,1171,4441,1294,1159,69,66,11169,1664,12586,1883,8608,2095,1640,319,136,229341,21621,153372,15648,116148,21576,19145,526,1904,14322,1024,8107,617,6753,737,645,42,50,49787,5644,38797,3106,31642,4049,3763,143,142,11519,1207,17213,2064,13190,1959,1688,178,86,7960,2158,11601,1887,7137,2577,2323,145,108,35280,9043,25044,3285,16861,4898,4285,289,321,72632,19101,61682,11816,34108,15758,14547,342,758,27732,653,19345,1690,15440,2215,2027,72,112,5979,2855,5858,1191,3212,1455,1370,29,56,4039,3364,5614,790,3732,1092,946,83,63,41944,8366,36524,3269,27851,5404,4690,395,319,6793,1734,16423,1609,12775,2039,1738,140,161,34464,5486,32537,4992,21928,5617,4917,221,204,6119,2337,8374,979,5743,1652,1419,71,161,7414,3009,11416,1682,7916,1818,1577,107,134,27007,1844,22217,1808,18496,1913,1732,92,84,14225,4723,18987,3609,11502,3876,2788,394,258,20758,3616,33699,3623,26712,3364,2605,46,102,30599,4556,30862,3008,25344,2510,2304,108,89,34363,1222,27858,2721,22924,2213,2054,52,106,11822,769,6468,1093,4360,1015,649,262,104,16501,5363,32114,5601,20287,6226,5558,397,271,15123,4329,17291,2218,13100,1973,1812,59,102,8030,1221,6535,677,4939,919,724,137,58,829304,171824,739991,90582,540057,109352,96243,5060,6575
2020-09-15,14106,3366,6789,587,4914,1288,1158,17,113,11368,18257,20004,4001,12871,3132,2847,82,198,12139,781,9254,534,8014,706,622,26,56,6433,3591,6521,952,4558,1011,870,107,34,33401,4017,25701,1965,21567,2169,2030,48,91,3210,1399,4633,546,3251,836,643,63,130,4505,23615,6918,1172,4450,1296,1162,69,65,11251,1676,12710,1892,8702,2116,1657,321,138,231384,21669,154342,15720,116961,21661,19230,527,1903,14442,1026,8185,621,6824,740,647,41,52,50355,5651,39061,3123,31885,4053,3773,143,137,11635,1214,17406,2074,13361,1971,1699,178,87,8009,2173,11670,1896,7184,2590,2337,144,108,35519,9055,25230,3308,16986,4936,4324,288,321,73128,19237,61957,11857,34282,15818,14606,343,758,27991,654,19560,1709,15629,2222,2030,74,115,6032,2858,5881,1195,3226,1460,1372,30,58,4051,3369,5636,799,3739,1098,951,83,64,42232,8402,36831,3302,28085,5444,4724,399,321,6822,1739,16568,1620,12901,2047,1750,138,159,34733,5506,32666,5015,22016,5635,4936,221,203,6163,2337,8446,985,5798,1663,1429,72,161,7447,3017,11456,1689,7945,1822,1584,106,132,27261,1847,22354,1836,18613,1905,1731,91,78,14292,4737,19043,3620,11532,3891,2795,400,259,20928,3625,33835,3627,26838,3370,2608,46,102,31044,4566,30994,3013,25462,2519,2314,108,89,34584,1224,27998,2729,23048,2221,2062,52,106,11885,770,6496,1093,4386,1017,650,262,105,16549,5368,32187,5629,20326,6232,5572,398,262,15279,4343,17408,2229,13201,1978,1816,59,103,8136,1222,6623,685,5010,928,730,137,61,836314,172311,744363,91023,543565,109775,96659,5073,6569
2020-09-16,14196,3381,6819,594,4923,1302,1171,17,114,11398,18272,20038,4012,12879,3147,2854,83,205,12268,782,9309,534,8067,708,623,26,57,6448,3591,6525,953,4560,1012,871,107,34,33476,4022,25799,1975,21641,2183,2044,48,91,3219,1402,4658,552,3266,840,648,63,129,4526,23664,6920,1173,4452,1295,1162,69,64,11301,1676,12785,1898,8759,2128,1670,322,136,231757,21694,154661,15784,117151,21726,19294,529,1902,14453,1026,8200,634,6825,741,648,41,52,50677,5654,39218,3135,32008,4075,3791,147,137,11671,1215,17475,2080,13415,1980,1710,178,85,8030,2181,11727,1907,7220,2600,2347,145,107,35611,9066,25344,3344,17046,4954,4349,287,315,73211,19266,62086,11907,34319,15860,14648,343,758,28078,656,19646,1732,15691,2223,2036,73,111,6040,2860,5894,1199,3228,1467,1378,31,58,4065,3371,5653,805,3749,1099,953,83,63,42375,8412,37046,3327,28255,5464,4743,398,323,6846,1743,16689,1628,13005,2056,1760,139,157,34828,5513,32749,5022,22072,5655,4950,223,207,6192,2337,8479,991,5822,1666,1434,72,159,7469,3022,11479,1695,7958,1826,1591,106,129,27356,1848,22423,1849,18661,1913,1741,92,76,14332,4740,19077,3639,11545,3893,2795,402,259,20998,3626,33927,3632,26912,3383,2620,46,101,31188,4571,31047,3021,25511,2515,2310,108,89,34706,1228,28054,2740,23090,2224,2065,52,106,11892,770,6503,1097,4389,1017,650,262,105,16596,5374,32273,5656,20362,6255,5596,400,259,15314,4349,17445,2236,13228,1981,1820,59,102,8175,1222,6666,692,5043,931,732,139,60,838692,172534,746614,91443,545052,110119,97004,5090,6550
2020-09-17,14223,3417,6905,601,4983,1321,1187,17,117,11530,18378,20164,4025,12979,3160,2864,85,206,12692,785,9399,544,8147,708,624,28,55,6503,3599,6535,955,4567,1013,872,107,34,33752,4041,25988,1989,21805,2194,2053,49,92,3245,1407,4704,556,3298,850,656,63,131,4575,23683,6937,1174,4469,1294,1161,69,64,11394,1691,12902,1913,8851,2138,1681,324,133,234477,21779,156182,15845,118435,21902,19449,536,1916,14600,1034,8311,638,6923,750,653,42,55,51375,5680,39527,3144,32287,4096,3809,147,140,11793,1218,17662,2084,13576,2002,1728,181,86,8079,2194,11813,1914,7279,2620,2365,147,107,35911,9090,25670,3383,17303,4984,4375,285,321,73868,19500,62586,11942,34705,15939,14723,343,762,28323,663,19879,1745,15884,2250,2059,73,115,6100,2877,5931,1205,3256,1470,1382,30,58,4092,3435,5702,810,3783,1109,963,85,61,42751,8467,37596,3360,28729,5507,4787,396,324,6897,1754,16846,1634,13141,2071,1773,140,158,35148,5555,32936,5050,22217,5669,4966,222,205,6252,2347,8562,995,5884,1683,1450,72,160,7535,3032,11535,1700,8004,1831,1595,106,130,27798,1863,22610,1860,18834,1916,1744,92,77,14446,4751,19196,3648,11634,3914,2810,405,260,21319,3632,34103,3636,27066,3401,2625,46,103,31524,4581,31207,3029,25658,2520,2319,107,86,34983,1230,28207,2747,23229,2231,2072,52,106,11985,774,6548,1101,4432,1015,647,262,106,16790,5385,32509,5678,20543,6288,5625,402,261,15466,4370,17605,2245,13372,1988,1829,59,100,8265,1222,6773,696,5135,942,742,139,61,847691,173434,753030,91846,550408,110776,97588,5111,6590
2020-09-18,14258,3456,6960,609,5011,1340,1203,18,119,11649,18476,20267,4037,13068,3162,2868,87,202,12961,785,9513,547,8253,713,627,28,57,6655,3607,6577,958,4606,1013,872,107,34,34069,4061,26136,1996,21929,2211,2070,50,91,3269,1420,4771,558,3346,867,665,66,135,4631,23721,6949,1174,4481,1294,1161,69,64,11517,1691,13067,1922,8991,2154,1693,326,135,237448,21849,157550,15910,119642,21998,19539,539,1919,14746,1041,8431,641,7037,753,655,42,56,52202,5709,39828,3155,32557,4116,3824,148,144,11881,1222,17818,2089,13699,2030,1756,182,84,8124,2208,11906,1927,7351,2628,2371,148,108,36121,9136,25919,3416,17473,5030,4420,285,322,74574,19741,63048,11980,35072,15996,14779,347,759,28560,666,20054,1754,16028,2272,2075,74,119,6161,2896,5956,1210,3272,1474,1385,30,59,4122,3485,5744,811,3811,1122,974,86,62,43087,8494,38037,3384,29099,5554,4831,400,323,6947,1757,16934,1641,13222,2071,1774,139,158,35458,5574,33076,5064,22310,5702,4998,222,205,6322,2355,8638,1001,5941,1696,1463,72,160,7603,3039,11591,1709,8045,1837,1601,108,128,28277,1881,22820,1874,19008,1938,1763,92,78,14565,4769,19316,3658,11723,3935,2827,407,259,21485,3632,34249,3639,27196,3414,2633,46,103,31835,4584,31340,3033,25776,2531,2325,109,87,35223,1233,28345,2754,23353,2238,2080,52,105,12069,779,6568,1106,4447,1015,648,262,105,16949,5412,32673,5706,20661,6306,5641,403,262,15638,4391,17725,2254,13480,1991,1833,58,100,8345,1233,6838,701,5183,954,754,139,61,856751,174303,758644,92218,555071,111355,98108,5141,6603
2020-09-19,14341,3467,6996,617,5027,1352,1212,17,123,11682,18513,20307,4051,13090,3166,2874,88,199,13033,785,9577,552,8309,716,628,29,58,6665,3610,6580,959,4608,1013,872,107,34,34201,4070,26223,2013,21987,2223,2082,50,91,3278,1426,4810,564,3374,872,669,66,135,4662,23756,6956,1174,4485,1297,1164,69,64,11570,1695,13130,1928,9043,2159,1695,327,137,238774,21883,158313,15973,120269,22071,19606,542,1922,14767,1042,8451,647,7051,753,656,42,55,52452,5710,39933,3175,32630,4128,3842,145,141,11908,1223,17904,2091,13766,2047,1769,184,86,8152,2212,11948,1935,7372,2641,2381,151,108,36231,9149,26036,3450,17532,5054,4444,289,318,74701,19840,63186,12021,35109,16056,14838,348,759,28651,668,20133,1769,16080,2284,2085,74,120,6169,2896,5966,1213,3276,1477,1387,30,60,4135,3491,5770,817,3823,1130,978,86,66,43237,8510,38269,3408,29260,5601,4867,410,324,6971,1762,17049,1652,13320,2077,1781,140,156,35576,5586,33157,5077,22357,5723,5017,222,208,6367,2355,8701,1010,5994,1697,1466,72,158,7630,3045,11625,1713,8064,1848,1609,109,130,28401,1883,22913,1883,19084,1946,1772,92,78,14605,4783,19382,3672,11756,3954,2840,413,258,21564,3633,34344,3647,27279,3418,2636,46,102,32039,4590,31407,3041,25830,2536,2332,108,87,35306,1236,28411,2766,23408,2237,2081,53,102,12088,779,6587,1106,4463,1018,651,262,105,17018,5416,32740,5731,20692,6317,5654,405,258,15705,4401,17793,2257,13536,2000,1838,60,102,8383,1233,6869,707,5203,959,754,143,62,860262,174648,761466,92619,557077,111770,98480,5179,6606
2020-09-20,14450,3470,7037,625,5050,1362,1222,17,123,11698,18526,20345,4062,13118,3165,2874,88,198,13060,785,9596,555,8326,715,626,29,59,6673,3612,6586,961,4614,1011,870,107,34,34248,4075,26270,2027,22017,2226,2084,50,92,3289,1429,4847,568,3397,882,679,66,135,4675,23772,6960,1175,4488,1297,1164,69,64,11608,1699,13196,1944,9082,2170,1706,328,136,239213,21911,158677,16031,120474,22172,19693,550,1928,14787,1043,8481,650,7067,764,668,42,54,52651,5712,40016,3201,32689,4126,3842,145,139,11937,1225,17952,2098,13804,2050,1774,184,84,8191,2221,11981,1945,7387,2649,2390,152,107,36321,9162,26140,3476,17589,5075,4468,288,316,74777,19859,63327,12069,35151,16107,14886,352,758,28701,669,20188,1788,16107,2293,2093,74,122,6175,2896,5978,1219,3284,1475,1386,29,60,4144,3506,5789,823,3832,1134,983,86,65,43373,8521,38442,3435,29381,5626,4889,410,327,6987,1766,17080,1659,13335,2086,1787,141,158,35627,5589,33213,5092,22382,5739,5034,222,208,6388,2355,8748,1015,6024,1709,1478,72,158,7650,3047,11655,1721,8085,1849,1609,111,129,28483,1883,22976,1899,19118,1959,1782,93,80,14639,4804,19409,3689,11772,3948,2839,412,255,21640,3634,34377,3655,27305,3417,2636,46,101,32138,4605,31461,3045,25873,2543,2340,108,86,35390,1237,28462,2774,23448,2240,2083,54,102,12110,780,6601,1107,4474,1020,651,262,107,17081,5424,32817,5753,20733,6331,5668,406,257,15784,4404,17839,2266,13573,2000,1841,59,100,8407,1234,6885,715,5208,962,756,142,64,862295,174855,763331,93042,558187,112102,98801,5194,6606
2020-09-21,14563,3504,7113,638,5115,1360,1221,18,121,11833,18585,20444,4068,13200,3176,2880,91,200,13239,785,9703,558,8431,714,626,28,59,6723,3631,6608,965,4633,1010,868,107,35,34557,4091,26483,2037,22208,2238,2094,51,93,3307,1436,4904,574,3442,888,686,66,135,4720,23848,6979,1175,4506,1298,1165,69,64,11761,1706,13379,1962,9232,2185,1720,330,135,241346,22001,159838,16078,121456,22304,19818,551,1934,14957,1046,8632,653,7207,772,677,42,53,53370,5724,40302,3209,32945,4148,3864,145,139,12033,1226,18140,2108,13960,2072,1792,184,88,8262,2237,12098,1959,7483,2656,2398,153,105,36635,9227,26481,3500,17856,5125,4514,291,317,75444,20074,63867,12121,35573,16173,14952,352,758,28944,673,20421,1808,16305,2308,2109,74,121,6242,2909,6018,1225,3307,1486,1395,29,62,4179,3535,5833,829,3860,1144,991,87,66,43886,8571,38983,3468,29837,5678,4940,410,328,7067,1774,17251,1668,13482,2101,1801,141,159,35994,5627,33401,5106,22529,5766,5059,222,210,6483,2359,8870,1023,6130,1717,1485,72,159,7729,3063,11731,1728,8153,1850,1612,111,127,28907,1897,23199,1916,19306,1977,1797,95,81,14783,4818,19536,3699,11873,3964,2848,417,253,21851,3645,34545,3658,27457,3430,2646,46,101,32397,4613,31588,3055,25992,2541,2339,106,88,35665,1242,28649,2787,23623,2239,2082,54,102,12214,780,6635,1110,4504,1021,652,262,107,17262,5453,33084,5773,20939,6372,5705,410,257,15974,4424,17979,2273,13693,2013,1853,60,100,8478,1242,6960,720,5258,982,773,145,64,870805,175746,769654,93451,563495,112708,99362,5219,6621
2020-09-22,14637,3524,7179,645,5169,1365,1227,18,120,11969,18664,20550,4080,13284,3186,2888,92,202,13453,785,9787,561,8508,718,629,29,59,6787,3640,6615,967,4639,1009,867,107,35,34926,4114,26661,2055,22360,2246,2103,51,92,3340,1442,4978,582,3501,895,693,66,135,4756,23919,6992,1175,4517,1300,1166,69,65,11909,1709,13532,1975,9365,2192,1725,331,136,244236,22089,161319,16144,122800,22375,19881,553,1940,15098,1050,8743,658,7307,778,681,43,54,54149,5729,40577,3230,33197,4150,3864,148,138,12140,1227,18331,2115,14136,2080,1803,184,85,8343,2247,12206,1968,7566,2672,2413,156,103,36934,9267,26823,3524,18119,5180,4564,298,315,76018,20293,64231,12168,35817,16246,15014,356,764,29187,674,20629,1816,16483,2330,2131,75,120,6298,2920,6052,1232,3332,1488,1397,29,62,4205,3575,5876,834,3889,1153,998,87,67,44368,8620,39504,3494,30275,5735,4990,412,333,7130,1780,17403,1677,13613,2113,1813,140,160,36359,5652,33582,5122,22666,5794,5087,223,209,6579,2368,8974,1035,6212,1727,1494,72,160,7828,3067,11801,1736,8216,1849,1615,111,123,29229,1900,23415,1932,19495,1988,1808,96,80,14932,4822,19659,3717,11965,3977,2852,418,259,22077,3647,34748,3662,27644,3442,2652,46,101,32744,4629,31719,3059,26111,2549,2344,107,88,35907,1245,28835,2799,23793,2243,2087,54,101,12293,781,6674,1114,4535,1025,653,266,106,17423,5464,33261,5797,21071,6393,5723,414,256,16185,4436,18118,2280,13824,2014,1854,60,100,8575,1248,7057,729,5339,989,775,148,66,880014,176527,775831,93882,568748,113201,99791,5259,6634
2020-09-23,14705,3548,7252,649,5221,1382,1242,18,122,12179,18719,20655,4091,13362,3202,2900,93,205,13670,787,9869,565,8587,717,628,30,58,6845,3656,6630,970,4652,1008,867,107,34,35256,4130,26839,2065,22501,2273,2129,52,92,3376,1450,5037,587,3542,908,699,68,140,4789,23999,7005,1175,4526,1304,1169,69,66,12052,1711,13674,1981,9481,2212,1740,333,139,246920,22181,162750,16214,124080,22456,19957,555,1943,15275,1051,8853,663,7411,779,685,44,50,54762,5733,40785,3237,33377,4171,3886,147,138,12277,1227,18538,2130,14315,2093,1812,186,87,8430,2264,12289,1977,7638,2674,2415,156,103,37200,9300,27127,3548,18359,5220,4595,304,318,76688,20459,64678,12219,36152,16307,15079,356,760,29413,676,20848,1833,16668,2347,2148,78,119,6368,2927,6075,1234,3347,1494,1401,29,64,4224,3596,5910,835,3917,1158,1003,87,67,44815,8661,39975,3530,30661,5784,5034,417,333,7182,1788,17543,1683,13742,2118,1819,140,159,36702,5673,33722,5139,22775,5808,5103,224,206,6699,2375,9091,1043,6311,1737,1501,71,164,7886,3072,11853,1741,8254,1858,1623,112,123,29596,1911,23617,1942,19670,2005,1825,98,79,15059,4835,19769,3727,12049,3993,2867,421,257,22285,3657,34940,3670,27823,3447,2656,46,98,33099,4648,31862,3063,26242,2557,2350,108,87,36160,1252,28952,2809,23898,2245,2090,55,99,12398,788,6718,1117,4577,1024,654,265,105,17590,5475,33426,5819,21195,6412,5740,419,253,16378,4466,18256,2285,13946,2025,1867,60,98,8657,1252,7127,737,5400,990,779,147,64,888935,177267,781665,94278,573679,113708,100263,5295,6630
2020-09-24,14765,3569,7327,657,5282,1388,1249,18,121,12313,18768,20733,4111,13429,3193,2895,92,203,13864,789,9952,567,8663,722,629,30,62,6954,3677,6646,970,4666,1010,869,107,34,35568,4141,27004,2079,22641,2284,2140,53,91,3408,1452,5106,594,3598,914,705,68,140,4860,24071,7016,1175,4536,1305,1170,69,66,12211,1717,13792,1993,9566,2233,1759,335,139,249621,22242,164127,16284,125286,22557,20044,558,1954,15423,1055,8952,668,7501,783,688,47,48,55379,5745,41049,3246,33620,4183,3896,147,140,12397,1229,18693,2138,14453,2102,1823,185,86,8503,2284,12366,1988,7695,2683,2420,160,103,37484,9349,27427,3568,18596,5263,4631,309,320,77225,20721,65006,12258,36382,16366,15131,359,764,29605,677,21037,1845,16823,2369,2168,79,119,6427,2931,6100,1243,3365,1492,1402,28,62,4242,3634,5954,843,3944,1167,1013,87,66,45224,8715,40441,3553,31063,5825,5072,419,334,7250,1796,17640,1686,13824,2130,1833,140,157,36987,5701,33846,5156,22876,5814,5112,223,204,6815,2375,9190,1050,6403,1737,1502,71,163,7937,3079,11908,1745,8296,1867,1628,112,127,29931,1924,23759,1956,19793,2010,1832,98,78,15175,4847,19859,3743,12119,3997,2870,422,254,22473,3662,35097,3679,27976,3442,2650,46,98,33417,4656,31985,3071,26349,2565,2361,107,86,36399,1256,29083,2820,24016,2247,2089,55,102,12465,789,6745,1122,4601,1022,653,263,106,17766,5506,33600,5849,21325,6426,5759,419,248,16616,4489,18418,2290,14096,2032,1874,60,98,8713,1255,7215,741,5470,1004,788,150,66,897417,178101,787073,94688,578253,114132,100655,5316,6639
2020-09-25,14823,3587,7374,662,5314,1398,1257,18,123,12417,18844,20814,4121,13491,3202,2905,92,202,14063,789,10044,570,8750,724,630,30,63,7057,3693,6664,971,4682,1011,870,107,34,35906,4155,27166,2097,22780,2289,2145,53,91,3447,1458,5152,596,3638,918,709,67,141,4903,24115,7021,1176,4540,1305,1170,69,66,12338,1725,13939,2004,9687,2248,1771,336,141,252570,22315,165479,16347,126487,22645,20134,559,1950,15571,1058,9063,675,7602,786,688,47,51,55968,5752,41270,3257,33822,4191,3900,149,142,12475,1229,18810,2145,14540,2125,1847,184,86,8591,2293,12446,1999,7755,2692,2428,162,102,37781,9397,27723,3594,18836,5293,4659,308,323,77900,20902,65446,12296,36730,16420,15190,359,759,29813,679,21232,1854,16981,2397,2195,79,121,6477,2936,6130,1247,3391,1492,1402,28,62,4272,3659,5973,844,3959,1170,1016,87,66,45638,8766,40855,3588,31400,5867,5110,425,332,7312,1799,17749,1690,13915,2144,1847,139,158,37257,5723,34003,5174,22990,5839,5131,224,207,6930,2376,9276,1053,6470,1753,1518,71,163,8008,3084,11971,1756,8347,1868,1629,113,126,30242,1958,23929,1970,19940,2019,1846,97,75,15296,4855,19941,3750,12186,4005,2877,422,255,22649,3664,35248,3680,28110,3458,2663,46,101,33709,4665,32094,3075,26450,2569,2366,107,86,36685,1260,29232,2831,24141,2260,2101,55,103,12508,797,6761,1125,4614,1022,653,264,105,17906,5529,33736,5872,21422,6442,5777,420,245,16837,4498,18526,2297,14191,2038,1880,60,98,8793,1268,7293,742,5535,1016,797,153,66,906142,178828,792360,95058,582696,114606,101111,5330,6643
2020-09-26,14892,3598,7400,665,5323,1412,1267,18,127,12432,18885,20843,4126,13505,3212,2914,93,202,14111,789,10101,572,8803,726,632,30,63,7071,3693,6674,972,4690,1012,871,107,34,36104,4167,27292,2107,22890,2295,2151,53,91,3457,1464,5189,600,3665,924,713,67,143,4915,24134,7030,1178,4547,1305,1169,69,67,12401,1729,13996,2010,9723,2263,1786,338,139,253971,22364,166350,16417,127236,22697,20193,560,1943,15602,1059,9077,681,7610,786,688,47,51,56157,5760,41352,3270,33884,4198,3909,148,141,12520,1231,18869,2158,14589,2122,1848,183,83,8625,2299,12495,2008,7785,2702,2435,163,104,37856,9407,27815,3625,18894,5296,4658,309,325,78006,20993,65575,12326,36771,16478,15244,359,763,29905,681,21312,1874,17041,2397,2200,79,116,6484,2936,6141,1252,3397,1492,1402,28,62,4279,3674,5989,851,3964,1174,1017,89,67,45827,8768,41068,3623,31555,5890,5131,430,329,7337,1803,17859,1696,14010,2153,1856,140,157,37366,5746,34086,5193,23036,5857,5146,225,209,6975,2376,9327,1056,6507,1764,1525,72,166,8037,3086,12004,1766,8370,1868,1634,112,122,30390,1983,24009,1987,20007,2015,1845,97,73,15344,4869,19976,3758,12202,4016,2886,423,256,22731,3665,35323,3687,28176,3460,2668,46,99,33915,4671,32141,3079,26491,2571,2368,106,86,36795,1263,29298,2843,24197,2258,2101,55,101,12533,797,6765,1125,4616,1024,655,264,105,17970,5530,33793,5885,21455,6453,5787,422,244,16919,4501,18556,2304,14213,2039,1879,60,100,8827,1268,7326,751,5558,1017,796,156,65,909754,179189,795031,95445,584710,114876,101374,5348,6633
2020-09-27,14966,3603,7425,673,5338,1414,1271,18,125,12457,18889,20872,4139,13516,3217,2920,92,202,14147,789,10120,576,8819,725,631,30,63,7080,3694,6680,973,4694,1013,870,107,36,36193,4174,27355,2119,22934,2302,2159,53,90,3468,1468,5215,603,3679,933,721,67,144,4932,24150,7042,1179,4557,1306,1170,69,67,12452,1730,14054,2017,9762,2275,1795,338,142,254330,22385,166736,16484,127473,22779,20256,562,1960,15631,1060,9100,687,7621,792,695,47,50,56292,5765,41428,3281,33941,4206,3916,148,142,12552,1233,18928,2170,14626,2132,1851,189,84,8663,2304,12521,2017,7797,2707,2444,162,101,37930,9412,27917,3645,18947,5325,4686,310,325,78083,21039,65676,12354,36795,16527,15295,361,759,29957,686,21371,1885,17080,2406,2209,78,117,6486,2936,6144,1254,3399,1491,1401,28,62,4289,3688,6004,856,3970,1178,1021,89,67,45980,8769,41221,3646,31656,5919,5162,431,326,7357,1803,17903,1704,14039,2160,1861,139,160,37437,5757,34154,5211,23068,5875,5161,226,210,7022,2376,9367,1064,6532,1771,1535,72,163,8060,3091,12030,1771,8387,1872,1635,112,125,30459,1984,24066,2000,20057,2009,1839,97,73,15376,4877,20018,3777,12222,4019,2889,425,255,22789,3666,35367,3694,28212,3461,2668,46,100,34096,4681,32211,3086,26553,2572,2373,105,84,36879,1264,29350,2849,24235,2266,2108,55,102,12546,797,6775,1126,4621,1028,658,265,105,18014,5535,33859,5901,21480,6478,5814,423,241,16996,4506,18611,2310,14251,2050,1890,60,100,8850,1268,7351,758,5576,1017,798,154,65,911769,179379,796871,95809,585837,115225,101702,5358,6645
2020-09-28,15199,3628,7524,683,5421,1420,1278,18,124,12606,18937,20982,4150,13604,3228,2927,94,204,14380,794,10215,580,8909,726,632,30,63,7172,3704,6694,975,4707,1012,870,107,35,36493,4204,27545,2136,23090,2319,2175,54,90,3504,1471,5289,606,3741,942,726,71,144,4975,24188,7058,1179,4571,1308,1172,69,67,12615,1736,14247,2027,9918,2302,1817,339,146,256659,22456,168079,16540,128631,22908,20365,563,1979,15797,1062,9221,691,7730,800,704,47,49,56882,5767,41749,3290,34237,4222,3933,148,141,12652,1239,19096,2178,14769,2149,1869,189,83,8747,2316,12608,2030,7854,2724,2457,163,104,38251,9448,28218,3673,19195,5350,4713,310,323,78725,21358,66086,12396,37096,16594,15361,362,759,30199,687,21604,1898,17286,2420,2219,80,120,6554,2950,6171,1256,3418,1497,1405,28,64,4332,3712,6044,860,3997,1187,1028,90,69,46431,8812,41826,3675,32200,5951,5191,434,326,7422,1809,18086,1706,14198,2182,1882,139,161,37776,5794,34323,5232,23198,5893,5180,225,209,7190,2386,9490,1074,6640,1776,1542,71,162,8165,3105,12130,1778,8475,1877,1638,113,126,30836,1992,24250,2007,20218,2025,1854,97,74,15509,4891,20154,3787,12329,4038,2906,426,257,22994,3670,35576,3699,28401,3476,2678,46,103,34513,4695,32358,3095,26683,2580,2383,104,84,37178,1270,29516,2857,24383,2276,2117,55,103,12621,799,6800,1129,4638,1033,661,265,107,18224,5551,34066,5918,21651,6497,5834,423,240,17239,4512,18738,2313,14363,2062,1898,63,101,8930,1268,7432,768,5645,1019,800,155,64,920770,180211,803175,96186,591196,115793,102215,5378,6681
2020-09-29,15478,3683,7618,690,5510,1418,1278,18,122,12810,18999,21082,4158,13687,3237,2936,94,204,14539,796,10312,585,9001,726,629,31,65,7272,3708,6708,976,4717,1015,874,107,34,36796,4223,27787,2144,23310,2333,2187,55,91,3556,1477,5362,614,3799,949,731,72,145,5008,24245,7073,1179,4584,1310,1174,69,67,12775,1749,14468,2041,10106,2321,1829,345,147,259394,22589,169492,16604,129885,23003,20447,566,1989,15974,1067,9332,693,7834,805,708,47,50,57621,5772,41992,3304,34445,4243,3954,147,142,12762,1245,19290,2182,14932,2176,1893,191,84,8829,2329,12686,2041,7909,2736,2465,165,106,38582,9531,28575,3703,19489,5383,4742,312,325,79284,21644,66470,12431,37381,16658,15428,362,756,30447,690,21819,1915,17473,2431,2230,84,116,6618,2961,6211,1258,3447,1506,1412,29,65,4360,3745,6082,864,4023,1195,1032,91,71,46933,8872,42307,3704,32596,6007,5236,444,327,7481,1810,18245,1714,14332,2199,1898,140,161,38061,5825,34430,5249,23283,5898,5187,223,209,7369,2386,9601,1084,6733,1784,1549,71,163,8240,3112,12184,1782,8524,1878,1639,113,126,31104,2005,24378,2012,20328,2038,1866,97,75,15672,4909,20266,3798,12417,4051,2920,426,257,23183,3673,35787,3707,28585,3495,2687,46,107,34894,4705,32479,3100,26796,2583,2386,103,86,37458,1272,29679,2868,24529,2282,2122,56,103,12725,799,6836,1130,4668,1038,664,264,110,18386,5565,34194,5931,21754,6509,5844,424,241,17487,4522,18848,2322,14464,2062,1900,62,100,9045,1282,7546,776,5747,1023,806,153,64,930143,181190,809139,96559,596288,116292,102653,5407,6708
2020-09-30,15759,3724,7705,695,5589,1421,1283,18,120,12984,19047,21209,4169,13789,3251,2950,92,206,14815,798,10391,588,9076,727,629,31,66,7350,3713,6721,976,4730,1015,874,107,34,37084,4234,28006,2154,23498,2354,2205,56,93,3596,1489,5435,621,3861,953,733,72,147,5032,24273,7083,1179,4594,1310,1174,69,67,12950,1756,14670,2050,10274,2346,1851,349,146,262080,22640,170897,16668,131093,23136,20570,569,1996,16150,1067,9462,698,7950,814,713,49,52,58195,5779,42275,3319,34699,4257,3968,148,141,12905,1246,19455,2192,15074,2189,1905,191,85,8895,2331,12765,2053,7965,2747,2472,166,109,38923,9574,28879,3720,19749,5410,4770,312,324,79924,21924,66832,12465,37656,16711,15478,364,757,30618,692,21966,1923,17598,2445,2243,83,118,6637,2964,6234,1264,3465,1505,1414,29,62,4397,3764,6106,870,4038,1198,1034,92,71,47398,8908,42690,3731,32922,6037,5262,446,329,7525,1815,18362,1724,14428,2210,1910,141,159,38326,5859,34551,5265,23373,5913,5200,225,209,7534,2391,9718,1095,6833,1790,1555,71,163,8303,3118,12244,1788,8573,1883,1646,113,124,31452,2022,24543,2022,20469,2052,1877,97,78,15791,4925,20361,3805,12495,4061,2928,426,255,23377,3682,35968,3713,28750,3505,2693,46,107,35232,4715,32573,3103,26882,2588,2391,104,85,37710,1277,29811,2872,24644,2295,2135,56,103,12832,800,6865,1132,4693,1040,666,264,110,18551,5571,34333,5946,21851,6536,5862,427,247,17688,4541,18960,2326,14567,2067,1905,62,100,9138,1289,7627,786,5814,1027,811,152,64,939151,181928,814697,96912,600992,116793,103107,5427,6727
2020-10-01,15876,3743,7758,706,5625,1427,1288,18,121,13177,19084,21318,4175,13876,3267,2967,92,205,15010,800,10475,590,9159,726,629,31,65,7426,3719,6735,976,4742,1017,876,107,34,37401,4261,28201,2165,23672,2364,2216,56,92,3633,1496,5490,624,3906,960,737,73,149,5073,24326,7099,1179,4608,1312,1176,69,67,13112,1763,14875,2067,10441,2367,1869,353,145,264726,22749,172270,16721,132294,23255,20667,572,2015,16294,1070,9577,705,8056,816,716,49,51,58762,5790,42553,3330,34942,4281,3988,150,143,13008,1246,19566,2205,15167,2194,1908,193,85,8971,2339,12834,2063,8018,2753,2480,165,108,39236,9606,29135,3753,19949,5433,4792,313,324,80457,22140,67195,12492,37934,16769,15535,365,757,30837,695,22121,1938,17724,2459,2253,85,119,6701,2969,6281,1269,3498,1514,1423,27,64,4421,3780,6142,875,4057,1210,1047,92,70,47882,8929,43079,3754,33236,6089,5313,447,329,7578,1823,18495,1731,14545,2219,1918,141,160,38563,5885,34689,5277,23482,5930,5213,226,210,7706,2395,9847,1102,6942,1803,1566,70,166,8395,3119,12304,1794,8624,1886,1648,114,124,31752,2044,24674,2033,20580,2061,1884,98,79,15908,4938,20453,3821,12555,4077,2943,429,252,23595,3685,36147,3720,28920,3507,2694,46,107,35427,4725,32632,3109,26931,2592,2398,104,84,37920,1278,29923,2880,24742,2301,2141,57,102,12902,801,6884,1134,4709,1041,667,264,110,18701,5591,34459,5960,21949,6550,5877,427,246,17910,4553,19066,2340,14664,2062,1900,62,100,9246,1295,7713,789,5885,1039,820,153,66,947606,182637,819990,97277,605432,117281,103549,5448,6749
2020-10-02,15938,3756,7822,707,5680,1435,1296,18,121,13344,19137,21400,4182,13942,3276,2976,92,205,15234,801,10546,590,9227,729,632,31,65,7486,3726,6756,977,4762,1017,876,107,34,37679,4285,28397,2172,23839,2386,2238,56,92,3669,1501,5545,629,3951,965,740,74,150,5105,24356,7110,1179,4617,1314,1178,69,67,13291,1771,15118,2084,10655,2379,1877,357,145,267550,22840,173498,16787,133368,23343,20747,576,2019,16455,1073,9698,711,8169,818,720,49,49,59383,5800,42856,3344,35220,4292,3998,151,143,13095,1247,19681,2214,15251,2216,1931,193,84,9044,2355,12911,2073,8074,2764,2491,165,108,39521,9630,29370,3782,20128,5460,4816,315,325,80907,22347,67473,12536,38115,16822,15588,366,756,31016,695,22263,1949,17849,2465,2255,85,123,6755,2974,6310,1275,3515,1520,1430,26,64,4443,3788,6164,882,4069,1213,1052,92,68,48371,8949,43446,3786,33520,6140,5355,455,330,7631,1830,18604,1739,14641,2224,1923,142,159,38814,5917,34837,5286,23595,5956,5239,227,210,7857,2397,9960,1111,7032,1817,1580,70,166,8453,3124,12362,1799,8675,1888,1650,115,123,32065,2062,24846,2042,20730,2074,1897,99,78,16029,4949,20547,3833,12630,4084,2949,430,252,23773,3694,36322,3726,29076,3520,2704,46,108,35648,4734,32702,3114,26991,2597,2402,106,84,38157,1279,30007,2888,24810,2309,2147,59,102,12974,801,6900,1138,4721,1041,665,265,111,18861,5598,34575,5970,22029,6576,5898,427,251,18109,4564,19162,2346,14745,2071,1909,63,99,9356,1296,7808,793,5972,1043,823,154,66,956013,183276,824996,97644,609598,117754,103982,5480,6757
2020-10-03,16094,3756,7837,710,5689,1438,1299,18,121,13383,19182,21449,4188,13973,3288,2984,94,207,15306,801,10589,593,9267,729,633,31,64,7500,3729,6756,977,4762,1017,876,107,34,37799,4292,28524,2194,23943,2387,2241,55,91,3686,1503,5582,639,3977,966,741,74,151,5111,24369,7113,1179,4620,1314,1178,69,67,13359,1781,15227,2100,10730,2397,1891,359,147,268803,22888,174139,16847,133876,23416,20806,579,2030,16508,1074,9713,718,8178,817,720,49,48,59492,5831,42914,3361,35253,4300,4010,151,139,13117,1247,19737,2227,15292,2218,1932,194,84,9084,2357,12959,2083,8100,2776,2503,163,110,39659,9646,29484,3804,20202,5478,4835,316,323,80959,22465,67599,12572,38155,16872,15636,365,759,31099,697,22348,1956,17911,2481,2271,85,123,6764,2975,6322,1277,3521,1524,1433,26,65,4456,3798,6173,892,4073,1208,1050,91,66,48561,8952,43682,3818,33701,6163,5371,458,334,7648,1835,18708,1744,14734,2230,1928,142,160,38945,5925,34884,5298,23622,5964,5247,226,210,7911,2399,10022,1118,7072,1832,1594,70,167,8468,3126,12382,1804,8689,1889,1651,115,123,32202,2065,24926,2052,20794,2080,1904,99,77,16062,4967,20589,3839,12651,4099,2962,432,252,23839,3697,36380,3732,29127,3521,2705,46,107,35758,4736,32752,3115,27032,2605,2406,107,86,38290,1280,30078,2893,24861,2324,2163,59,101,13038,801,6915,1141,4731,1043,667,265,111,18919,5601,34634,5986,22053,6595,5918,430,247,18126,4572,19190,2348,14759,2083,1919,64,100,9409,1296,7847,802,6003,1042,824,153,65,959355,183643,827454,98007,611351,118096,104298,5492,6769
2020-10-04,16257,3757,7878,718,5714,1446,1308,18,120,13419,19190,21481,4195,13993,3293,2988,95,207,15343,801,10616,598,9289,729,634,31,63,7505,3730,6761,978,4766,1017,876,107,34,37859,4301,28631,2201,24020,2410,2261,55,94,3697,1511,5603,645,3992,966,739,75,152,5120,24384,7115,1180,4621,1314,1178,69,67,13409,1784,15312,2107,10785,2420,1904,362,154,269188,22952,174459,16911,134035,23513,20882,581,2049,16525,1074,9735,721,8193,821,723,50,48,59608,5860,42976,3373,35287,4316,4025,151,140,13128,1247,19789,2231,15322,2236,1946,196,86,9112,2368,13004,2094,8121,2789,2514,164,111,39739,9658,29567,3821,20252,5494,4844,321,325,81023,22483,67683,12613,38178,16892,15655,365,760,31158,700,22387,1971,17936,2480,2272,84,121,6773,2975,6333,1281,3524,1528,1437,26,65,4468,3803,6190,895,4085,1210,1052,91,66,48719,8956,43836,3843,33801,6192,5398,458,336,7661,1836,18767,1753,14771,2243,1940,142,161,39006,5940,34938,5313,23660,5965,5247,225,212,7944,2400,10066,1122,7098,1846,1606,73,166,8480,3130,12402,1807,8704,1891,1653,115,123,32291,2066,24993,2061,20847,2085,1909,99,77,16116,4973,20612,3845,12658,4109,2972,432,252,23918,3699,36433,3738,29169,3526,2712,46,104,35834,4741,32799,3121,27072,2606,2410,106,84,38385,1280,30112,2903,24876,2333,2172,60,100,13089,802,6920,1144,4732,1044,669,265,110,18959,5612,34686,6008,22071,6607,5930,431,246,18153,4585,19234,2354,14786,2094,1927,64,103,9436,1296,7905,809,6054,1042,826,153,63,961322,183894,829223,98354,612412,118457,104609,5510,6799
2020-10-05,16424,3789,7972,727,5790,1455,1316,18,121,13600,19240,21623,4207,14101,3315,3007,98,207,15487,805,10716,602,9384,730,636,30,63,7540,3737,6779,979,4781,1019,878,107,34,38118,4320,28888,2213,24243,2432,2282,55,95,3743,1517,5661,649,4037,975,748,76,151,5152,24475,7128,1182,4634,1312,1176,69,67,13578,1792,15665,2119,11087,2459,1936,368,155,271245,23032,175668,16989,135082,23597,20967,583,2046,16702,1080,9900,725,8345,830,728,52,50,60038,5899,43186,3391,35464,4331,4041,151,139,13254,1249,19963,2241,15473,2249,1955,198,88,9217,2380,13083,2102,8179,2802,2523,167,112,40119,9693,29835,3849,20462,5524,4872,326,322,81361,22621,67973,12642,38373,16958,15716,366,764,31373,701,22549,1979,18067,2503,2292,83,125,6841,2981,6392,1284,3556,1552,1460,27,65,4498,3840,6226,898,4108,1220,1059,92,68,49278,8978,44418,3873,34294,6251,5453,459,339,7725,1840,18897,1764,14887,2246,1945,142,159,39308,5955,35092,5327,23772,5993,5277,225,211,8078,2403,10189,1130,7207,1852,1613,73,165,8584,3144,12487,1810,8772,1905,1662,119,124,32552,2083,25202,2068,21024,2110,1933,99,78,16260,4979,20723,3859,12748,4116,2976,431,255,24129,3701,36650,3743,29370,3537,2720,46,104,36062,4749,32882,3125,27147,2610,2414,106,84,38640,1281,30259,2910,25002,2347,2187,60,99,13178,803,6934,1144,4743,1047,671,266,110,19168,5636,34864,6021,22219,6624,5941,432,251,18272,4597,19364,2359,14901,2104,1936,64,104,9520,1323,7989,817,6123,1049,831,155,63,969044,184623,835157,98728,617375,119054,105151,5543,6818
2020-10-06,16683,3818,8058,732,5868,1458,1317,18,123,13774,19336,21762,4219,14219,3324,3012,99,210,15651,808,10797,604,9460,733,639,30,63,7587,3742,6786,980,4788,1018,878,107,33,38437,4339,29206,2224,24522,2460,2311,55,94,3781,1523,5725,657,4091,977,750,76,151,5188,24590,7138,1183,4644,1311,1176,69,66,13779,1811,16018,2138,11374,2506,1968,379,159,274244,23114,177074,17056,136296,23722,21076,585,2060,16890,1084,10050,727,8476,847,744,52,51,60429,5956,43400,3403,35653,4344,4052,152,140,13379,1254,20097,2248,15582,2267,1968,200,91,9301,2394,13170,2111,8241,2818,2538,168,112,40436,9742,30103,3871,20673,5559,4903,328,324,81597,22761,68213,12673,38543,16997,15753,366,766,31597,704,22726,1991,18214,2521,2311,82,125,6909,2987,6439,1288,3590,1561,1468,29,64,4525,3889,6247,900,4121,1226,1064,93,68,49832,8997,44967,3902,34746,6319,5514,465,340,7777,1848,19053,1771,15021,2261,1961,141,159,39638,5980,35222,5341,23871,6010,5287,228,216,8247,2406,10305,1135,7302,1868,1625,73,169,8663,3151,12545,1817,8814,1914,1671,120,123,32894,2096,25419,2072,21215,2132,1952,100,80,16410,4992,20852,3874,12847,4131,2987,433,255,24360,3705,36834,3748,29540,3546,2726,46,105,36358,4765,32990,3131,27246,2613,2417,106,84,38853,1281,30390,2921,25103,2366,2205,61,99,13319,805,6953,1146,4756,1051,675,266,110,19370,5655,35017,6037,22341,6639,5957,431,251,18341,4605,19466,2369,14989,2108,1940,65,103,9634,1330,8091,822,6214,1055,835,155,65,977883,185468,841113,99091,622360,119662,105680,5578,6859
2020-10-07,16872,3827,8130,734,5929,1467,1328,18,121,13962,19433,21893,4224,14336,3333,3020,98,212,15879,813,10865,608,9525,732,641,29,61,7672,3749,6799,980,4800,1019,879,107,33,38712,4361,29452,2233,24732,2487,2338,56,93,3827,1528,5782,660,4137,985,754,78,153,5232,24703,7146,1183,4650,1313,1178,69,66,14001,1833,16369,2162,11665,2542,1997,387,158,277371,23220,178510,17107,137529,23874,21214,587,2072,17063,1086,10254,736,8666,852,746,53,53,60862,5991,43669,3425,35882,4362,4071,155,136,13538,1256,20249,2258,15710,2281,1979,201,93,9386,2405,13277,2123,8319,2835,2555,170,110,40747,9796,30406,3890,20921,5595,4937,329,325,81850,22897,68466,12701,38708,17057,15807,367,771,31785,707,22871,2004,18337,2530,2322,83,123,6977,2988,6479,1294,3622,1563,1470,29,64,4550,3936,6272,902,4140,1230,1067,93,69,50335,9034,45547,3922,35252,6373,5570,466,337,7845,1857,19201,1776,15158,2267,1965,141,161,39939,6012,35367,5353,23969,6045,5319,229,218,8387,2407,10419,1146,7398,1875,1631,73,170,8696,3157,12563,1820,8825,1918,1676,120,122,33223,2111,25629,2086,21407,2136,1955,101,80,16551,5001,20943,3888,12914,4141,2994,437,254,24495,3709,36975,3756,29662,3557,2733,46,106,36646,4774,33052,3133,27304,2615,2418,106,84,39102,1282,30514,2935,25199,2380,2217,62,100,13389,809,6969,1148,4769,1052,675,267,110,19561,5685,35143,6054,22434,6655,5973,430,252,18377,4607,19492,2380,15002,2110,1944,65,101,9739,1338,8185,828,6293,1064,842,159,63,986571,186312,846888,99449,627194,120245,106215,5611,6871
2020-10-08,16980,3865,8210,741,5995,1474,1335,18,121,14093,19514,21983,4232,14400,3351,3032,100,216,16113,816,10954,612,9608,734,644,29,60,7723,3757,6806,981,4806,1019,879,107,33,38987,4384,29691,2245,24937,2509,2358,57,94,3873,1530,5857,664,4194,999,763,79,157,5274,24754,7154,1184,4656,1314,1179,69,66,14223,1844,16777,2181,12019,2577,2029,392,156,280189,23347,179891,17171,138761,23959,21296,589,2073,17241,1090,10430,741,8828,861,754,53,54,61305,6006,43941,3436,36122,4383,4093,155,135,13690,1261,20375,2272,15815,2288,1984,205,91,9491,2422,13354,2135,8362,2857,2571,173,112,41064,9863,30633,3919,21096,5618,4958,330,326,82088,23028,68682,12735,38839,17108,15857,366,773,31953,717,23001,2011,18435,2555,2344,82,127,7055,2997,6523,1299,3653,1571,1477,29,65,4570,3976,6298,903,4162,1233,1069,93,70,50862,9060,46025,3950,35658,6417,5616,466,335,7923,1863,19324,1780,15253,2291,1984,145,162,40215,6036,35480,5366,24066,6048,5321,229,218,8546,2409,10551,1153,7511,1887,1643,73,170,8753,3162,12611,1821,8861,1929,1685,121,123,33489,2117,25824,2101,21575,2148,1966,102,80,16685,5015,21043,3899,12996,4148,3001,438,253,24641,3710,37107,3757,29772,3578,2744,46,107,37002,4780,33142,3136,27382,2624,2425,106,84,39348,1282,30614,2947,25282,2385,2221,63,100,13459,812,6989,1150,4788,1051,674,267,110,19709,5706,35278,6067,22546,6665,5981,432,252,18460,4620,19567,2388,15059,2120,1954,67,99,9820,1346,8286,829,6382,1075,851,161,63,994824,187089,852401,99806,631819,120776,106688,5642,6885
2020-10-09,17103,3898,8277,745,6045,1487,1347,18,122,14204,19577,22057,4241,14454,3362,3039,101,218,16253,818,11048,614,9696,738,648,29,60,7758,3760,6826,981,4822,1023,883,107,33,39270,4401,29931,2259,25147,2525,2369,58,98,3917,1534,5933,669,4253,1011,771,80,160,5300,24803,7162,1184,4662,1316,1181,69,66,14406,1861,17226,2192,12403,2631,2074,398,159,283061,23431,181274,17237,139995,24042,21380,590,2071,17432,1093,10609,744,8999,866,757,53,56,61767,6028,44215,3445,36369,4401,4112,156,133,13778,1263,20477,2282,15897,2298,1995,204,91,9582,2449,13418,2147,8411,2860,2571,174,113,41357,9909,30874,3944,21276,5654,4990,332,328,82370,23188,68891,12757,38970,17164,15912,366,774,32097,718,23121,2024,18538,2559,2347,82,128,7120,3001,6545,1305,3673,1567,1474,28,65,4599,3994,6332,907,4180,1245,1081,93,70,51293,9083,46533,3976,36092,6465,5650,478,337,7983,1872,19457,1786,15364,2307,1995,146,166,40445,6063,35609,5375,24169,6065,5340,228,217,8680,2410,10717,1158,7650,1909,1662,74,172,8820,3165,12670,1825,8911,1934,1689,121,124,33728,2135,26055,2109,21776,2170,1980,106,84,16814,5026,21140,3905,13076,4159,3007,440,254,24791,3711,37215,3762,29872,3581,2745,46,107,37383,4801,33252,3138,27482,2632,2430,107,85,39612,1284,30712,2955,25367,2390,2227,64,98,13533,814,7013,1151,4809,1053,675,268,110,19879,5729,35421,6085,22651,6685,5997,435,253,18549,4628,19667,2392,15145,2130,1964,67,99,9884,1354,8390,837,6466,1087,863,161,63,1002768,187801,858067,100131,636620,121316,107155,5679,6914
2020-10-10,17200,3903,8296,751,6052,1493,1353,18,122,14237,19607,22100,4249,14478,3373,3051,100,218,16294,818,11097,616,9743,738,648,29,60,7763,3761,6828,981,4822,1025,885,107,33,39406,4408,30093,2271,25274,2548,2390,58,100,3932,1538,5966,674,4272,1020,779,80,161,5305,24825,7169,1184,4668,1317,1182,69,66,14542,1871,17555,2214,12667,2674,2113,398,163,284193,23532,181945,17314,140503,24128,21465,592,2070,17479,1095,10634,748,9015,871,764,53,54,61916,6047,44308,3456,36435,4417,4126,157,134,13809,1263,20526,2291,15930,2305,1999,208,90,9608,2458,13452,2158,8433,2861,2573,173,113,41454,9930,30973,3968,21326,5679,5017,333,324,82419,23265,69002,12797,38996,17209,15958,364,775,32170,720,23190,2037,18590,2563,2349,81,131,7130,3004,6566,1309,3686,1571,1478,27,66,4610,4019,6346,908,4191,1247,1084,93,69,51541,9084,46822,4003,36316,6503,5679,491,333,8005,1874,19592,1797,15485,2310,1999,146,165,40566,6078,35679,5386,24214,6079,5353,230,215,8745,2412,10799,1161,7719,1919,1671,74,173,8853,3166,12695,1831,8927,1937,1692,121,124,33906,2140,26211,2127,21896,2188,1996,108,84,16860,5047,21193,3918,13105,4170,3020,440,254,24855,3715,37289,3769,29927,3593,2754,46,110,37484,4812,33312,3141,27532,2639,2435,107,85,39702,1285,30774,2961,25412,2401,2237,64,99,13570,816,7032,1152,4822,1058,678,268,112,19904,5734,35466,6099,22670,6697,6007,437,253,18600,4630,19715,2399,15175,2141,1975,67,98,9904,1355,8483,845,6539,1099,872,163,64,1005962,188212,861108,100515,638820,121773,107582,5702,6918
2020-10-11,17380,3917,8353,754,6090,1509,1366,18,125,14274,19616,22138,4257,14501,3380,3056,104,216,16319,819,11119,616,9762,741,650,30,60,7774,3762,6829,981,4822,1026,886,107,33,39482,4410,30202,2283,25350,2569,2410,59,100,3951,1539,5994,681,4292,1021,782,81,158,5311,24849,7173,1185,4670,1318,1183,69,66,14617,1876,17736,2238,12774,2724,2158,403,163,284681,23597,182309,17372,140705,24232,21554,596,2081,17498,1095,10668,755,9035,878,771,54,53,62017,6064,44394,3471,36491,4432,4135,159,138,13826,1264,20561,2299,15951,2311,2003,209,91,9646,2466,13499,2163,8459,2877,2587,174,114,41532,9940,31093,3987,21384,5722,5058,334,325,82473,23274,69107,12827,39014,17266,16015,364,775,32226,721,23241,2052,18612,2577,2360,81,134,7144,3005,6580,1314,3693,1573,1481,27,65,4619,4023,6363,914,4193,1256,1093,93,69,51717,9085,47025,4037,36467,6521,5698,490,333,8028,1883,19648,1803,15529,2316,2003,147,166,40615,6083,35726,5403,24234,6089,5360,230,218,8796,2412,10877,1167,7782,1928,1680,74,173,8865,3167,12722,1838,8946,1938,1696,121,121,33984,2141,26301,2143,21955,2203,2010,107,86,16887,5054,21240,3925,13123,4192,3034,443,257,24918,3716,37343,3779,29961,3603,2762,47,109,37561,4825,33366,3145,27579,2642,2438,107,86,39782,1285,30812,2969,25436,2407,2243,64,99,13610,817,7042,1155,4825,1062,682,269,111,19941,5741,35523,6109,22695,6719,6026,441,252,18657,4633,19767,2406,15210,2151,1983,68,100,9938,1356,8575,850,6613,1112,885,163,64,1008069,188435,863326,100878,640153,122295,108048,5733,6941
2020-10-12,17515,3980,8460,762,6184,1514,1370,18,126,14424,19696,22270,4273,14601,3396,3066,108,217,16500,820,11230,618,9872,740,649,30,60,7835,3768,6842,981,4832,1029,889,107,33,39723,4437,30521,2302,25606,2613,2452,59,102,3990,1544,6043,690,4330,1023,779,82,162,5332,24983,7189,1186,4682,1321,1186,69,66,14806,1894,18167,2276,13131,2760,2189,406,165,287277,23732,183761,17447,141988,24326,21647,600,2078,17704,1102,10957,764,9307,886,777,56,53,62578,6094,44706,3476,36773,4457,4158,161,138,13939,1270,20694,2309,16062,2323,2010,211,94,9745,2491,13592,2169,8530,2893,2599,178,114,41823,9969,31417,4017,21627,5773,5097,341,330,82753,23473,69394,12865,39199,17330,16075,364,779,32446,724,23460,2062,18803,2595,2377,82,134,7221,3012,6630,1323,3725,1582,1490,27,65,4651,4037,6394,918,4212,1264,1099,95,70,52361,9112,47727,4066,37083,6578,5751,491,336,8115,1886,19770,1813,15629,2328,2014,147,167,40897,6106,35912,5412,24373,6127,5398,230,217,8962,2420,11075,1175,7952,1948,1699,74,174,8944,3180,12771,1842,8988,1941,1698,121,122,34258,2155,26540,2155,22160,2225,2031,107,87,17063,5068,21372,3935,13226,4211,3048,446,257,25057,3729,37487,3785,30085,3617,2767,47,111,37930,4845,33471,3147,27675,2649,2443,107,86,40044,1286,30936,2978,25539,2419,2253,64,101,13698,818,7062,1158,4838,1066,687,269,110,20147,5768,35694,6128,22830,6736,6041,442,253,18866,4639,19905,2413,15339,2153,1988,68,97,10037,1359,8704,855,6712,1137,904,169,64,1016641,189397,870153,101300,645893,122960,108631,5776,6968
2020-10-13,17698,4026,8552,770,6258,1524,1380,18,126,14596,19747,22403,4280,14709,3414,3081,108,220,16680,821,11324,619,9957,748,658,30,59,7878,3774,6856,982,4842,1032,892,107,33,40067,4463,30900,2312,25933,2655,2489,60,106,4049,1552,6098,693,4377,1028,783,82,163,5373,25085,7196,1186,4689,1321,1186,69,66,15063,1916,18859,2309,13747,2803,2231,405,167,290607,23822,185369,17500,143405,24464,21756,608,2099,17928,1106,11180,769,9512,899,786,57,56,63195,6111,45007,3490,37050,4467,4168,161,138,14043,1279,20799,2319,16149,2331,2012,216,95,9851,2516,13674,2180,8595,2899,2603,180,114,42139,10020,31720,4041,21872,5807,5129,344,329,82950,23635,69652,12894,39352,17406,16150,365,779,32615,730,23643,2071,18963,2609,2387,82,138,7288,3015,6664,1326,3752,1586,1494,27,65,4687,4057,6426,926,4237,1263,1099,95,69,52929,9140,48333,4097,37607,6629,5794,496,339,8178,1892,19918,1822,15759,2337,2022,148,167,41171,6120,36058,5424,24481,6153,5426,231,214,9152,2423,11279,1185,8135,1959,1710,74,174,9053,3184,12828,1851,9040,1937,1698,120,119,34563,2163,26845,2171,22431,2243,2047,108,88,17250,5085,21497,3946,13324,4227,3061,451,255,25239,3734,37676,3794,30246,3636,2780,47,109,38349,4852,33557,3150,27753,2654,2448,107,86,40316,1288,31085,2990,25673,2422,2256,64,101,13832,819,7096,1162,4867,1067,687,270,110,20313,5786,35832,6145,22928,6759,6064,442,253,19097,4655,20079,2417,15505,2157,1991,68,98,10135,1363,8883,864,6875,1144,910,169,65,1026284,190179,877288,101685,652023,123580,109178,5809,7000
2020-10-14,17779,4062,8654,773,6345,1536,1392,18,126,14742,19785,22538,4291,14818,3429,3092,110,222,16889,823,11400,623,10031,746,656,30,59,7926,3783,6870,982,4854,1034,894,107,33,40336,4499,31174,2332,26170,2672,2504,61,107,4108,1559,6149,695,4418,1036,790,82,164,5411,25189,7202,1186,4695,1321,1186,69,66,15338,1935,19616,2350,14407,2859,2272,416,171,293836,23916,186797,17567,144664,24566,21858,609,2098,18165,1110,11381,775,9697,909,794,57,58,63759,6131,45286,3503,37292,4491,4191,161,139,14178,1283,20936,2324,16269,2343,2023,216,96,9941,2553,13774,2188,8664,2922,2622,184,114,42442,10068,32033,4069,22128,5836,5150,345,336,83154,23792,69888,12925,39504,17459,16199,365,783,32768,734,23779,2090,19077,2612,2388,83,139,7345,3018,6710,1330,3786,1594,1502,27,65,4710,4099,6446,928,4253,1265,1100,96,69,53412,9196,48839,4119,38048,6672,5835,497,340,8233,1899,20055,1830,15884,2341,2026,148,167,41458,6138,36212,5431,24598,6183,5450,233,217,9338,2424,11475,1190,8313,1972,1721,73,177,9134,3194,12877,1851,9075,1951,1707,122,122,34862,2172,27074,2184,22631,2259,2064,108,87,17375,5094,21608,3948,13407,4253,3076,460,255,25382,3740,37851,3801,30400,3650,2786,47,108,38771,4864,33654,3151,27844,2659,2453,107,86,40608,1298,31193,2999,25764,2430,2265,63,101,13950,819,7115,1164,4876,1075,693,272,110,20501,5800,35967,6166,23031,6770,6075,442,253,19309,4677,20189,2418,15602,2169,2002,68,99,10243,1377,9022,874,6996,1152,914,173,65,1035403,191031,883764,102057,657541,124166,109680,5849,7032
2020-10-15,17864,4084,8743,779,6418,1546,1398,18,130,14876,19853,22664,4298,14922,3444,3103,109,227,17088,823,11495,624,10123,748,659,30,58,7983,3785,6881,984,4861,1036,896,107,33,40606,4529,31476,2351,26425,2700,2532,61,107,4159,1563,6195,703,4455,1037,788,82,167,5438,25235,7215,1187,4707,1321,1186,69,66,15589,1944,20248,2377,14963,2908,2307,420,181,296604,23977,188345,17618,146055,24672,21948,611,2112,18416,1118,11641,785,9940,916,799,57,60,64359,6154,45579,3516,37549,4514,4212,161,141,14284,1286,21049,2336,16367,2346,2029,213,96,10014,2582,13889,2196,8746,2947,2639,193,113,42704,10100,32314,4094,22340,5880,5189,349,337,83374,23969,70144,12971,39670,17503,16243,366,782,32900,738,23920,2101,19193,2626,2402,83,138,7375,3025,6739,1334,3809,1596,1504,27,65,4738,4132,6473,932,4268,1273,1106,98,69,53918,9214,49353,4153,38485,6715,5883,496,336,8274,1905,20168,1835,15987,2346,2033,148,165,41720,6168,36375,5442,24723,6210,5478,232,218,9517,2426,11695,1199,8501,1995,1738,73,183,9209,3202,12920,1855,9110,1955,1710,122,123,35120,2181,27290,2194,22822,2274,2076,109,89,17521,5105,21703,3961,13477,4265,3087,460,256,25520,3746,38017,3809,30540,3668,2800,47,109,39079,4868,33723,3157,27905,2661,2454,107,86,40860,1300,31290,3005,25843,2442,2276,63,102,14082,820,7123,1167,4881,1075,692,272,111,20672,5808,36094,6178,23125,6791,6097,441,253,19482,4687,20303,2431,15704,2168,1999,69,100,10321,1386,9166,878,7120,1168,926,174,68,1043666,191713,890230,102450,663034,124746,110189,5867,7081
2020-10-16,17925,4159,8826,782,6482,1562,1409,18,135,15034,19895,22756,4310,14993,3453,3110,109,228,17286,823,11612,627,10235,750,659,31,59,8147,3787,6903,984,4882,1037,897,107,33,40839,4551,31757,2366,26665,2726,2556,61,109,4198,1566,6268,710,4520,1038,788,82,168,5470,25292,7219,1187,4710,1322,1187,69,66,15871,1963,20887,2416,15509,2962,2353,423,186,300247,24048,190110,17675,147650,24785,22047,614,2123,18631,1121,11865,792,10153,920,804,58,58,64840,6167,45885,3524,37817,4544,4236,162,146,14408,1287,21129,2341,16428,2360,2044,212,96,10099,2607,13980,2207,8813,2960,2647,195,116,42904,10145,32578,4122,22525,5931,5236,351,339,83617,24114,70370,13008,39823,17539,16275,367,785,33068,745,24078,2113,19330,2635,2412,84,136,7442,3027,6779,1339,3835,1605,1511,27,67,4760,4137,6502,936,4281,1285,1113,101,71,54368,9237,49886,4179,38926,6781,5933,514,334,8324,1910,20297,1839,16103,2355,2043,148,164,41996,6200,36530,5458,24849,6223,5489,233,219,9701,2427,11902,1204,8681,2017,1756,73,187,9280,3209,12965,1861,9140,1964,1721,122,121,35420,2192,27493,2205,22999,2289,2090,110,89,17665,5120,21806,3968,13553,4285,3101,464,258,25645,3757,38155,3813,30668,3674,2806,47,108,39470,4884,33809,3162,27976,2671,2464,107,85,41093,1307,31397,3012,25932,2453,2285,64,103,14161,821,7145,1169,4897,1079,694,273,112,20829,5824,36197,6187,23198,6812,6116,441,255,19632,4692,20436,2435,15820,2181,2012,67,102,10425,1417,9323,890,7257,1176,931,175,70,1052795,192431,896845,102821,668650,125374,110725,5909,7128
2020-10-17,17995,4160,8860,796,6506,1558,1405,18,135,15061,19916,22807,4318,15017,3472,3128,110,228,17363,824,11669,630,10285,754,663,31,59,8157,3788,6909,984,4888,1037,897,107,33,40919,4563,31939,2388,26797,2754,2585,61,108,4219,1571,6304,717,4545,1042,793,83,166,5484,25313,7222,1188,4711,1323,1188,69,66,15994,1968,21340,2464,15873,3003,2391,426,186,301784,24100,190908,17731,148316,24861,22115,617,2128,18674,1121,11921,795,10193,933,814,59,59,64993,6174,45993,3536,37900,4557,4249,161,147,14435,1287,21153,2347,16443,2363,2047,214,94,10124,2617,14027,2215,8843,2969,2657,195,115,43003,10159,32721,4145,22600,5976,5278,352,341,83665,24240,70490,13049,39859,17582,16321,367,782,33121,748,24136,2119,19368,2649,2425,84,137,7452,3029,6790,1341,3840,1609,1513,28,68,4773,4190,6516,942,4288,1286,1113,102,71,54634,9241,50184,4212,39156,6816,5957,525,334,8342,1915,20373,1848,16173,2352,2044,147,161,42124,6209,36612,5467,24905,6240,5506,233,219,9802,2427,12016,1209,8780,2027,1765,73,188,9312,3212,12984,1864,9156,1964,1721,121,122,35552,2192,27594,2219,23073,2302,2099,112,91,17715,5127,21869,3980,13591,4298,3114,467,255,25685,3757,38224,3816,30726,3682,2814,47,108,39633,4890,33849,3165,28014,2670,2464,107,84,41167,1307,31457,3019,25972,2466,2296,64,105,14222,822,7158,1170,4903,1085,699,274,112,20891,5826,36245,6202,23224,6819,6126,442,251,19686,4693,20511,2445,15884,2182,2011,68,103,10455,1417,9418,897,7333,1188,942,175,71,1056436,192803,900199,103218,671162,125819,111140,5939,7127
2020-10-18,18163,4167,8909,801,6533,1575,1420,18,137,15100,19932,22852,4329,15041,3482,3131,110,235,17413,824,11696,632,10309,755,663,31,60,8177,3788,6912,986,4888,1038,897,108,33,41008,4567,32104,2406,26905,2793,2623,61,109,4231,1575,6332,723,4564,1045,795,84,166,5497,25360,7223,1189,4712,1322,1187,69,66,16081,1972,21602,2511,16041,3050,2427,432,191,302318,24134,191324,17796,148563,24965,22215,617,2132,18704,1122,11971,807,10214,950,832,58,59,65126,6189,46097,3546,37978,4573,4262,163,148,14454,1289,21175,2357,16452,2366,2051,215,92,10160,2630,14091,2225,8885,2981,2667,195,117,43080,10170,32845,4166,22667,6012,5306,354,347,83727,24256,70609,13082,39887,17640,16375,367,786,33158,750,24178,2137,19391,2650,2429,84,134,7460,3029,6801,1345,3848,1608,1513,28,67,4786,4191,6528,945,4289,1294,1121,102,71,54798,9245,50375,4240,39280,6855,5996,524,335,8372,1918,20410,1857,16193,2360,2053,148,159,42186,6217,36667,5480,24942,6245,5510,233,219,9857,2428,12109,1214,8852,2043,1780,74,188,9333,3217,12997,1868,9164,1965,1722,121,122,35642,2194,27696,2225,23137,2334,2126,111,97,17746,5135,21904,3989,13608,4307,3120,467,258,25749,3758,38300,3823,30785,3692,2824,47,108,39719,4898,33889,3169,28044,2676,2469,107,86,41224,1308,31500,3027,25997,2476,2305,65,105,14272,822,7172,1173,4915,1084,699,273,112,20939,5829,36287,6218,23238,6831,6140,441,250,19791,4697,20545,2448,15911,2186,2016,69,101,10470,1417,9468,904,7363,1201,954,177,70,1058741,193028,902568,103618,672596,126354,111628,5953,7160
2020-10-19,18501,4235,9057,814,6655,1588,1433,18,137,15270,20000,23002,4340,15165,3497,3139,112,240,17597,824,11810,636,10419,755,663,32,59,8207,3796,6930,987,4900,1043,902,108,33,41293,4600,32511,2425,27246,2840,2663,62,115,4280,1577,6374,727,4604,1043,792,85,166,5530,25451,7238,1189,4725,1324,1189,69,66,16344,1984,22389,2564,16712,3113,2471,443,199,306500,24219,193436,17870,150505,25061,22312,622,2126,18913,1131,12303,814,10511,978,862,57,58,65668,6205,46488,3552,38320,4616,4301,163,152,14599,1291,21285,2365,16540,2380,2065,216,91,10232,2653,14217,2235,8979,3003,2686,197,118,43373,10203,33243,4195,22963,6085,5369,358,353,84029,24386,70911,13129,40081,17701,16434,367,788,33307,756,24362,2159,19542,2661,2447,84,127,7533,3031,6829,1347,3866,1616,1522,28,66,4814,4200,6563,951,4310,1302,1125,105,72,55357,9304,50927,4280,39731,6916,6058,523,335,8453,1927,20536,1860,16308,2368,2061,148,159,42526,6242,36869,5496,25109,6264,5525,233,221,9984,2430,12404,1223,9106,2075,1811,74,189,9429,3227,13042,1871,9201,1970,1726,121,123,35938,2197,27976,2239,23383,2354,2147,111,96,17898,5147,22020,4002,13699,4319,3127,468,259,25884,3762,38511,3834,30986,3691,2818,47,109,40145,4911,33961,3175,28109,2677,2471,107,87,41482,1310,31643,3033,26113,2497,2325,66,105,14379,823,7195,1178,4930,1087,699,275,113,21143,5849,36462,6230,23375,6857,6166,442,249,20042,4706,20677,2455,16031,2191,2022,68,101,10587,1422,9630,916,7495,1219,966,182,71,1069237,193799,910801,104091,679619,127091,112297,5991,7183
2020-10-20,18686,4303,9151,825,6724,1602,1445,18,139,15412,20084,23146,4351,15269,3526,3161,116,243,17801,825,11903,636,10506,761,668,32,60,8262,3799,6940,988,4909,1043,902,108,33,41626,4642,32933,2448,27612,2873,2696,63,114,4345,1581,6425,731,4645,1049,797,86,166,5565,25578,7242,1189,4729,1324,1189,69,66,16629,1999,23308,2614,17521,3173,2512,452,209,311135,24295,195710,17933,152591,25186,22422,623,2140,19087,1136,12638,823,10820,995,875,58,61,66236,6222,46941,3566,38742,4633,4318,164,151,14699,1293,21375,2367,16613,2395,2080,216,91,10323,2692,14325,2246,9053,3026,2705,199,120,43701,10240,33589,4224,23226,6139,5418,359,357,84250,24551,71198,13164,40262,17772,16503,368,789,33516,761,24574,2169,19738,2667,2453,84,127,7597,3036,6867,1348,3890,1629,1534,28,67,4834,4225,6593,954,4332,1307,1130,106,71,55925,9337,51444,4323,40134,6987,6128,523,336,8514,1934,20649,1871,16408,2370,2063,148,159,42895,6262,37032,5511,25247,6274,5534,233,222,10174,2431,12637,1231,9308,2098,1833,74,190,9533,3232,13095,1874,9249,1972,1728,121,123,36329,2200,28298,2257,23669,2372,2165,113,94,18080,5159,22139,4016,13798,4325,3126,471,262,26021,3766,38670,3838,31127,3705,2829,47,110,40555,4928,34034,3180,28175,2679,2476,107,85,41702,1313,31858,3043,26297,2518,2346,65,106,14459,825,7226,1183,4959,1084,697,275,112,21296,5866,36573,6245,23463,6865,6174,442,249,20312,4731,20875,2460,16213,2202,2031,69,102,10741,1440,9807,920,7648,1239,982,184,73,1080240,194686,919195,104528,686877,127790,112920,6021,7227
2020-10-21,18874,4340,9267,836,6809,1622,1467,18,137,15565,20182,23288,4362,15384,3542,3175,116,245,18060,826,12005,642,10602,761,669,32,59,8360,3801,6945,991,4913,1041,900,108,33,41913,4694,33340,2471,27941,2928,2747,64,117,4402,1583,6465,733,4677,1055,801,87,167,5593,25677,7249,1190,4736,1323,1188,69,66,16917,2012,23948,2664,18062,3222,2554,457,211,316045,24370,197701,18007,154400,25294,22524,624,2145,19308,1141,12998,839,11152,1007,885,58,63,66758,6244,47373,3586,39126,4661,4342,165,154,14807,1296,21463,2371,16688,2404,2088,216,92,10417,2723,14432,2260,9127,3045,2719,200,124,44002,10285,33911,4260,23467,6184,5460,363,356,84451,24747,71424,13201,40397,17826,16552,368,794,33722,763,24715,2182,19856,2677,2464,84,126,7637,3067,6903,1353,3914,1636,1542,26,68,4854,4255,6613,957,4346,1310,1133,106,71,56435,9364,52005,4361,40643,7001,6144,523,334,8573,1952,20780,1876,16524,2380,2073,149,158,43163,6304,37173,5523,25364,6286,5546,233,221,10428,2432,12817,1241,9471,2105,1839,75,190,9615,3236,13125,1875,9275,1975,1730,121,124,36641,2206,28540,2268,23887,2385,2178,112,95,18232,5173,22243,4028,13887,4328,3129,473,260,26209,3776,38839,3846,31278,3715,2839,47,108,41069,4935,34107,3182,28242,2683,2481,106,84,41909,1313,32012,3055,26423,2534,2362,64,107,14565,828,7249,1185,4978,1086,699,275,112,21469,5885,36652,6257,23526,6869,6177,444,248,20496,4764,21039,2472,16364,2203,2033,69,101,10933,1451,9994,931,7813,1250,987,189,74,1091422,195625,926615,105005,693272,128338,113427,6041,7244
2020-10-22,19064,4377,9387,849,6914,1624,1472,18,134,15711,20262,23418,4372,15480,3566,3198,116,245,18326,827,12086,643,10680,763,671,32,59,8415,3809,6961,992,4927,1042,901,108,33,42199,4725,33771,2493,28304,2974,2792,64,118,4477,1587,6500,739,4704,1057,804,87,166,5634,25727,7258,1190,4742,1326,1191,69,66,17190,2024,24587,2708,18596,3283,2593,463,227,321156,24450,199779,18075,156295,25409,22629,625,2154,19536,1145,13336,845,11462,1029,907,58,63,67312,6273,47752,3602,39469,4681,4359,167,155,14902,1300,21554,2376,16767,2411,2096,216,91,10488,2748,14532,2269,9201,3062,2734,202,124,44272,10325,34187,4298,23678,6211,5483,362,361,84663,24860,71658,13240,40538,17880,16604,368,796,33891,769,24860,2192,19980,2688,2476,83,126,7686,3091,6938,1363,3940,1635,1544,26,65,4883,4291,6629,963,4358,1308,1133,106,69,56954,9393,52437,4400,40997,7040,6183,524,333,8624,1960,20889,1883,16620,2386,2078,150,158,43461,6337,37326,5541,25485,6300,5560,234,220,10634,2436,13049,1254,9668,2127,1860,74,192,9694,3247,13162,1877,9306,1979,1732,121,126,36916,2213,28761,2285,24084,2392,2186,112,94,18378,5186,22363,4039,13982,4342,3139,479,259,26333,3779,39026,3855,31454,3717,2843,47,105,41548,4943,34188,3184,28313,2691,2489,106,84,42105,1314,32140,3064,26525,2551,2380,65,105,14670,829,7272,1189,4997,1086,699,275,112,21642,5905,36764,6268,23601,6895,6198,446,251,20846,4805,21182,2480,16491,2211,2039,69,103,11050,1470,10159,939,7960,1260,993,192,75,1102660,196407,933911,105467,699518,128926,113966,6064,7269
2020-10-23,19169,4418,9510,856,7018,1636,1483,18,135,15816,20341,23569,4387,15592,3590,3218,116,251,18601,829,12183,647,10774,762,672,32,57,8456,3811,6971,992,4936,1043,902,108,33,42460,4781,34178,2518,28649,3011,2831,64,116,4535,1590,6535,742,4733,1060,808,87,165,5662,25782,7263,1190,4746,1327,1192,69,66,17387,2036,25160,2758,19067,3335,2638,472,225,326326,24546,201949,18154,158272,25523,22742,623,2157,19727,1170,13635,858,11730,1047,923,57,66,67848,6287,48156,3614,39840,4702,4376,170,156,14989,1300,21613,2382,16808,2423,2106,218,91,10574,2761,14634,2275,9284,3075,2743,206,124,44533,10376,34418,4327,23853,6238,5508,366,359,84906,24974,71911,13280,40700,17931,16655,368,796,34040,772,24967,2203,20063,2701,2490,83,125,7750,3098,6970,1365,3956,1649,1558,26,65,4910,4318,6640,972,4362,1306,1132,106,68,57484,9401,52943,4433,41417,7093,6229,532,332,8649,1964,20989,1890,16702,2397,2086,151,160,43764,6358,37507,5557,25641,6309,5567,235,221,10853,2437,13254,1266,9852,2136,1870,74,191,9763,3250,13192,1877,9332,1983,1736,121,126,37211,2227,29000,2304,24301,2395,2191,112,92,18510,5201,22489,4050,14074,4365,3156,478,265,26498,3792,39186,3859,31590,3737,2859,47,107,41897,4950,34266,3186,28383,2697,2495,106,84,42319,1316,32278,3072,26647,2559,2390,64,104,14767,831,7300,1191,5019,1090,701,276,113,21772,5910,36863,6288,23674,6901,6201,450,250,21145,4843,21291,2489,16585,2217,2046,68,103,11140,1502,10326,946,8099,1281,1013,192,76,1113461,197172,941146,105928,705699,129519,114517,6095,7279
2020-10-24,19201,4418,9565,867,7052,1646,1491,18,137,15846,20392,23614,4394,15615,3605,3233,115,252,18671,829,12241,650,10830,761,672,32,56,8460,3822,6973,992,4938,1043,902,108,33,42599,4806,34415,2543,28829,3043,2864,65,114,4554,1590,6556,750,4749,1057,806,87,164,5680,25801,7266,1190,4749,1327,1192,69,66,17505,2039,25487,2827,19265,3395,2694,471,230,328017,24586,202871,18213,159033,25625,22841,626,2157,19771,1206,13729,872,11796,1061,936,58,65,68072,6323,48312,3628,39957,4727,4406,169,152,15028,1300,21640,2388,16821,2431,2111,218,94,10614,2783,14705,2282,9325,3098,2758,208,130,44638,10389,34540,4361,23900,6279,5550,368,356,84982,25018,71987,13319,40715,17953,16679,368,794,34109,772,25017,2218,20101,2698,2488,83,124,7758,3098,6985,1372,3960,1653,1562,25,66,4926,4357,6648,975,4366,1307,1132,106,69,57758,9404,53212,4453,41614,7145,6276,536,333,8673,1968,21082,1896,16783,2403,2089,151,163,43903,6367,37607,5567,25721,6319,5574,235,223,10999,2437,13400,1272,9975,2153,1886,75,191,9800,3253,13215,1884,9352,1979,1735,120,124,37333,2230,29136,2319,24401,2416,2211,113,92,18555,5208,22533,4057,14103,4373,3164,477,266,26535,3804,39235,3869,31622,3744,2863,47,111,41997,4951,34302,3188,28416,2698,2497,106,84,42389,1318,32362,3086,26710,2566,2398,64,103,14847,833,7314,1194,5028,1092,702,277,113,21831,5911,36909,6294,23700,6915,6210,454,251,21251,4855,21344,2495,16628,2221,2047,69,105,11181,1502,10447,958,8193,1296,1017,201,78,1117483,197570,944649,106373,708247,130029,114986,6119,7296
2020-10-25,19371,4420,9608,875,7078,1655,1500,18,137,15863,20418,23655,4412,15630,3613,3237,116,255,18697,829,12262,653,10847,762,673,33,55,8468,3826,6977,993,4940,1044,903,108,33,42678,4818,34581,2574,28939,3068,2886,66,116,4571,1596,6574,755,4763,1056,809,86,161,5693,25854,7269,1190,4752,1327,1192,69,66,17608,2045,25768,2906,19402,3460,2735,482,243,328645,24625,203304,18274,159315,25715,22926,628,2160,19812,1207,13814,883,11863,1068,944,60,62,68217,6336,48438,3640,40053,4745,4422,169,154,15036,1300,21675,2394,16845,2436,2114,218,96,10641,2796,14770,2294,9367,3109,2771,208,128,44739,10399,34636,4396,23939,6301,5572,371,353,85060,25033,72076,13351,40733,17992,16720,368,792,34157,778,25064,2229,20124,2711,2501,86,122,7768,3101,6993,1377,3964,1652,1562,25,65,4934,4369,6660,980,4370,1310,1136,106,68,57922,9408,53396,4482,41728,7186,6318,534,334,8692,1977,21146,1900,16829,2417,2102,151,164,43980,6374,37676,5585,25759,6332,5585,236,224,11113,2437,13508,1280,10072,2156,1888,75,192,9824,3254,13234,1889,9363,1982,1740,121,121,37424,2233,29230,2336,24465,2429,2226,112,91,18598,5217,22580,4073,14129,4378,3167,479,265,26586,3807,39287,3874,31663,3750,2869,46,112,42082,4957,34340,3193,28446,2701,2500,106,85,42470,1320,32435,3098,26770,2567,2399,65,102,14892,833,7324,1198,5036,1090,702,277,111,21880,5915,36940,6307,23715,6918,6210,458,250,21348,4864,21387,2500,16655,2232,2057,68,107,11236,1504,10516,967,8244,1305,1023,201,81,1120005,197850,947123,106858,709798,130467,115389,6146,7305
2020-10-26,19713,4463,9806,878,7256,1672,1518,18,136,15977,20487,23813,4428,15763,3622,3252,116,248,18901,831,12374,657,10953,764,674,33,56,8564,3831,7008,993,4971,1044,903,108,33,42991,4873,34971,2612,29262,3097,2912,67,118,4621,1599,6614,759,4794,1061,815,86,160,5739,25988,7275,1190,4757,1328,1193,69,66,17852,2063,26482,2967,19976,3539,2804,490,245,333647,24719,205591,18350,161414,25827,23037,634,2155,20049,1217,14190,898,12210,1082,953,63,64,68828,6369,48980,3655,40546,4779,4455,170,154,15186,1307,21765,2401,16916,2448,2123,219,98,10766,2845,14907,2311,9469,3127,2786,211,129,45137,10441,34995,4422,24222,6351,5621,372,353,85351,25232,72378,13395,40949,18034,16766,368,788,34366,779,25230,2242,20274,2714,2508,86,118,7862,3110,7034,1381,3990,1663,1571,26,66,4968,4383,6684,984,4389,1311,1136,107,68,58408,9456,53930,4518,42170,7242,6372,534,336,8753,1985,21258,1904,16926,2428,2112,151,165,44309,6401,37852,5601,25901,6350,5601,236,225,11392,2447,13786,1287,10322,2177,1908,75,193,9923,3260,13270,1896,9392,1982,1740,122,120,37813,2237,29443,2347,24652,2444,2241,112,91,18753,5228,22709,4084,14234,4391,3175,482,264,26774,3815,39519,3889,31863,3767,2880,46,111,42406,4964,34426,3194,28524,2708,2504,106,87,42733,1327,32616,3108,26917,2591,2421,66,103,15015,836,7351,1200,5057,1094,704,279,111,22058,5925,37085,6320,23832,6933,6225,460,248,21602,4882,21491,2509,16751,2231,2056,67,107,11351,1522,10701,979,8399,1323,1039,201,83,1131808,198822,955534,107359,717051,131124,116005,6180,7299
2020-10-27,19984,4519,9990,883,7416,1691,1532,18,141,16115,20590,23934,4438,15868,3628,3258,115,250,19264,832,12470,659,11038,773,683,33,56,8610,3835,7021,993,4984,1044,903,108,33,43336,4914,35346,2649,29584,3113,2929,68,116,4679,1601,6664,760,4834,1070,822,87,161,5776,26099,7284,1192,4763,1329,1194,69,66,18062,2070,27105,3028,20479,3598,2856,498,244,339290,24809,207803,18409,163439,25955,23152,637,2165,20305,1222,14622,915,12616,1091,959,65,65,69477,6429,49550,3675,41075,4800,4478,170,152,15328,1316,21823,2409,16966,2448,2125,219,96,10878,2869,15008,2322,9539,3147,2800,214,132,45435,10467,35296,4455,24449,6392,5655,373,359,85627,25383,72682,13436,41157,18089,16817,369,791,34549,786,25393,2252,20411,2730,2521,87,120,7948,3120,7070,1387,4016,1667,1576,26,65,4996,4417,6713,986,4410,1317,1141,108,68,58877,9500,54418,4548,42576,7294,6418,535,341,8830,1989,21398,1909,17044,2445,2126,153,166,44661,6422,38005,5612,26039,6354,5605,236,225,11706,2447,14026,1300,10547,2179,1914,75,189,9988,3265,13312,1898,9426,1988,1744,122,122,38162,2246,29692,2359,24873,2460,2256,113,91,18923,5236,22833,4094,14333,4406,3190,483,263,26884,3823,39664,3898,31979,3787,2892,47,115,42817,4973,34540,3197,28631,2712,2508,106,88,43009,1332,32792,3114,27075,2603,2434,67,101,15136,840,7371,1203,5075,1093,703,279,111,22251,5932,37200,6332,23924,6944,6231,461,252,21694,4911,21526,2515,16776,2235,2059,67,108,11506,1544,10932,995,8603,1334,1052,200,82,1144103,199738,963483,107822,723945,131716,116533,6208,7334
2020-10-28,20271,4613,10149,888,7552,1709,1553,18,138,16236,20685,24052,4452,15957,3643,3273,117,248,19574,833,12557,659,11121,777,687,33,56,8694,3848,7038,995,5000,1043,902,108,33,43682,4999,35678,2672,29867,3139,2955,69,115,4745,1605,6704,763,4866,1075,826,89,160,5799,26174,7288,1192,4765,1331,1195,69,67,18243,2084,27592,3104,20827,3661,2910,499,252,344852,24911,210043,18479,165487,26077,23269,638,2169,20514,1249,14971,932,12923,1116,982,67,65,70186,6447,49994,3691,41482,4821,4494,171,156,15461,1317,21870,2415,17000,2455,2132,220,95,10967,2909,15121,2328,9626,3167,2816,216,134,45742,10491,35603,4490,24687,6426,5691,371,359,85895,25537,72942,13476,41327,18139,16870,369,788,34767,786,25535,2264,20533,2738,2530,86,121,7995,3130,7093,1389,4029,1675,1583,27,65,5019,4447,6733,989,4426,1318,1141,109,68,59260,9538,54863,4587,42945,7331,6455,533,343,8899,1994,21479,1912,17112,2455,2136,153,166,45009,6441,38160,5626,26161,6373,5624,236,224,12001,2447,14237,1311,10733,2193,1930,75,187,10079,3271,13364,1899,9471,1994,1746,123,125,38500,2253,29897,2375,25055,2467,2261,113,93,19068,5244,22939,4106,14421,4412,3197,481,264,27031,3829,39797,3908,32095,3794,2902,48,113,43190,4977,34651,3200,28740,2711,2507,106,88,43266,1336,32893,3124,27165,2604,2438,67,98,15270,841,7395,1203,5092,1100,709,279,112,22411,5939,37312,6348,24017,6947,6235,459,253,21920,4946,21611,2524,16850,2237,2059,68,109,11654,1565,11107,1002,8755,1350,1067,202,81,1156200,200686,970668,108303,730087,132278,117075,6219,7345
2020-10-29,20464,4659,10322,897,7696,1729,1571,18,139,16337,20793,24138,4460,16022,3656,3285,117,249,19868,834,12642,661,11204,777,687,33,56,8775,3856,7045,995,5007,1043,902,108,33,44020,5064,36058,2699,30194,3165,2982,69,114,4805,1607,6736,765,4892,1079,830,89,160,5828,26257,7295,1192,4768,1335,1199,69,67,18388,2100,28073,3187,21161,3725,2950,508,267,350233,24999,212066,18546,167343,26177,23361,639,2176,20710,1255,15279,946,13199,1134,997,67,68,70816,6473,50414,3702,41863,4849,4520,173,156,15608,1320,21939,2422,17063,2454,2131,220,95,11080,2927,15254,2344,9721,3189,2830,221,137,46040,10539,35874,4507,24887,6480,5742,373,360,86144,25681,73186,13520,41482,18184,16916,369,787,34955,790,25677,2278,20652,2747,2539,88,119,8044,3140,7116,1395,4046,1675,1585,26,64,5044,4482,6748,992,4437,1319,1142,109,68,59662,9563,55329,4626,43331,7372,6490,535,347,8950,1994,21579,1918,17195,2466,2144,154,168,45294,6472,38337,5642,26314,6381,5637,235,220,12330,2449,14457,1319,10937,2201,1943,75,182,10147,3280,13386,1901,9489,1996,1747,124,125,38824,2259,30125,2396,25259,2470,2264,113,93,19197,5260,23010,4117,14479,4414,3197,483,264,27195,3835,39915,3914,32192,3809,2915,48,112,43514,5000,34729,3205,28815,2709,2508,106,85,43530,1338,32991,3130,27248,2613,2447,66,99,15416,844,7412,1205,5108,1099,709,278,112,22540,5941,37406,6364,24088,6954,6238,462,254,22169,4961,21713,2528,16943,2242,2064,67,110,11777,1611,11290,1018,8904,1368,1081,205,82,1167704,201583,977541,108791,735939,132811,117553,6247,7368
2020-10-30,20574,4693,10483,904,7832,1747,1587,18,141,16436,20896,24231,4467,16097,3667,3295,117,248,20163,838,12708,664,11267,777,687,33,56,8861,3862,7064,996,5024,1044,903,108,33,44332,5186,36378,2727,30451,3200,3017,69,114,4871,1612,6771,768,4920,1083,834,89,160,5861,26277,7296,1192,4768,1336,1200,69,67,18526,2105,28581,3258,21546,3777,2991,512,274,354574,25077,213898,18625,169027,26246,23432,646,2167,20925,1261,15554,969,13448,1137,1002,67,66,71335,6503,50813,3716,42236,4861,4533,172,156,15712,1320,21994,2428,17104,2462,2134,223,97,11192,2974,15355,2354,9797,3204,2847,221,135,46385,10579,36112,4534,25074,6504,5760,374,364,86380,25772,73428,13553,41632,18243,16973,369,789,35128,792,25797,2286,20756,2755,2547,88,119,8096,3144,7135,1399,4058,1678,1587,26,65,5079,4511,6762,997,4447,1318,1140,110,68,60004,9592,55772,4665,43699,7408,6522,538,348,9005,1997,21675,1924,17279,2472,2149,153,170,45562,6500,38491,5651,26438,6402,5657,235,219,12619,2451,14657,1325,11109,2223,1965,75,182,10228,3282,13432,1902,9526,2004,1753,124,127,39071,2268,30286,2411,25400,2475,2268,113,93,19338,5271,23087,4131,14535,4421,3198,487,264,27340,3847,40065,3924,32327,3814,2920,48,111,43635,5002,34748,3207,28832,2709,2509,106,85,43771,1344,33093,3139,27336,2618,2450,68,99,15547,846,7427,1207,5119,1101,710,277,114,22656,5946,37499,6374,24163,6962,6245,463,254,22382,4991,21784,2535,17007,2242,2063,67,111,11850,1660,11449,1031,9033,1385,1097,207,81,1177438,202399,983825,109263,741287,133275,117975,6272,7377
2020-10-31,20605,4694,10544,912,7870,1762,1602,18,141,16467,20951,24285,4481,16120,3684,3315,117,245,20220,839,12743,668,11300,775,688,32,54,8873,3866,7065,996,5025,1044,903,108,33,44478,5219,36553,2752,30585,3216,3032,68,116,4882,1613,6791,768,4935,1088,838,90,160,5874,26299,7297,1192,4768,1337,1201,69,67,18608,2116,28835,3327,21675,3833,3035,517,281,355963,25190,214713,18686,169705,26322,23508,646,2167,20953,1262,15623,983,13490,1150,1011,68,69,71509,6520,50951,3732,42347,4872,4544,172,156,15735,1320,22023,2434,17123,2466,2137,223,98,11235,2981,15403,2369,9826,3208,2855,220,132,46496,10590,36267,4559,25171,6537,5790,374,367,86441,25828,73526,13590,41664,18272,17000,369,791,35204,795,25845,2293,20788,2764,2555,89,119,8108,3145,7147,1404,4065,1678,1588,26,64,5090,4524,6770,999,4452,1319,1141,110,68,60179,9594,55999,4699,43855,7445,6550,545,350,9039,2002,21731,1932,17325,2474,2152,153,169,45726,6511,38561,5664,26484,6413,5664,236,222,12815,2452,14824,1337,11255,2232,1973,75,183,10261,3283,13455,1905,9542,2008,1756,124,128,39254,2269,30399,2427,25492,2480,2274,113,92,19390,5281,23120,4139,14557,4424,3201,485,266,27383,3852,40105,3933,32354,3818,2925,48,111,43729,5007,34787,3210,28862,2715,2516,106,84,43842,1345,33142,3144,27378,2620,2450,69,100,15612,848,7441,1209,5131,1101,709,278,114,22702,5950,37531,6381,24179,6971,6255,462,254,22516,5004,21827,2542,17041,2244,2067,67,109,11869,1660,11541,1047,9107,1387,1100,207,80,1181058,202810,986844,109714,743471,133659,118335,6284,7390
2020-11-01,20625,4695,10595,918,7904,1773,1611,18,143,16495,20964,24329,4503,16136,3690,3324,117,242,20262,839,12768,670,11321,777,688,34,54,8881,3868,7065,996,5025,1044,903,108,33,44579,5233,36659,2780,30631,3248,3062,68,118,4898,1614,6809,771,4946,1092,841,89,162,5883,26310,7298,1192,4768,1338,1202,69,67,18649,2118,29093,3394,21816,3883,3080,518,285,356367,25244,215124,18759,169940,26425,23606,650,2168,20990,1263,15681,995,13521,1165,1029,68,66,71672,6534,51087,3747,42452,4888,4561,172,155,15759,1321,22043,2446,17130,2467,2137,225,97,11265,2990,15457,2382,9851,3224,2867,222,134,46555,10598,36364,4593,25221,6550,5800,377,367,86492,25852,73622,13627,41689,18306,17032,369,793,35246,797,25881,2299,20810,2772,2565,90,116,8120,3147,7158,1406,4070,1682,1593,26,63,5111,4527,6780,1000,4457,1323,1144,110,69,60302,9598,56165,4726,43959,7480,6587,543,350,9079,2009,21764,1934,17345,2485,2161,154,170,45782,6520,38610,5679,26505,6426,5677,236,222,12960,2455,14930,1344,11345,2241,1981,75,184,10287,3285,13468,1908,9554,2006,1756,124,126,39321,2270,30478,2438,25549,2491,2286,113,91,19427,5293,23150,4157,14573,4420,3202,480,267,27412,3855,40146,3941,32378,3827,2932,49,111,43814,5007,34820,3210,28887,2723,2524,106,84,43913,1345,33181,3149,27407,2625,2456,68,100,15654,848,7465,1211,5151,1103,711,278,114,22746,5953,37571,6389,24202,6980,6261,462,257,22621,5020,21857,2546,17057,2254,2077,67,109,11890,1660,11598,1060,9141,1397,1106,212,79,1183057,203032,989016,110170,744741,134105,118762,6297,7396
2020-11-02,20812,4731,10792,935,8066,1791,1625,18,147,16594,21051,24477,4525,16246,3706,3343,118,238,20481,845,12854,673,11403,778,689,34,54,8898,3870,7075,996,5033,1046,905,108,33,44822,5281,36988,2820,30894,3274,3086,69,119,4955,1617,6840,775,4971,1094,840,91,163,5899,26366,7302,1192,4770,1340,1204,69,67,18781,2130,29483,3474,22083,3926,3125,520,281,357396,25336,215899,18836,170539,26524,23705,655,2163,21152,1266,15932,1009,13740,1183,1047,67,67,71961,6566,51340,3756,42667,4917,4587,175,155,15815,1322,22073,2448,17151,2474,2144,226,96,11321,3014,15555,2386,9907,3262,2894,229,138,46834,10622,36651,4627,25445,6579,5829,377,367,86676,25896,73885,13664,41863,18358,17081,370,795,35346,798,25984,2313,20891,2780,2573,90,116,8157,3157,7198,1410,4100,1688,1599,26,63,5129,4536,6801,1001,4474,1326,1147,110,69,60652,9636,56659,4765,44379,7515,6621,543,350,9113,2010,21815,1942,17379,2494,2170,153,171,45913,6542,38733,5692,26601,6440,5684,239,226,13179,2457,15198,1353,11595,2250,1993,75,181,10357,3289,13503,1910,9584,2009,1759,125,125,39507,2278,30630,2457,25667,2506,2301,113,91,19547,5306,23232,4168,14633,4431,3211,481,268,27525,3900,40285,3949,32490,3846,2943,51,114,43899,5009,34862,3210,28925,2727,2528,106,84,44078,1346,33289,3151,27498,2640,2470,69,100,15689,848,7494,1219,5178,1097,708,278,111,22866,5964,37672,6402,24279,6991,6272,463,256,22733,5063,21921,2548,17113,2260,2083,67,109,11976,1674,11765,1077,9282,1406,1113,213,80,1188063,203726,994187,110683,748846,134658,119279,6328,7397
2020-11-03,21067,4769,10999,948,8241,1810,1645,18,146,16708,21158,24610,4536,16353,3721,3357,119,238,20849,847,12922,676,11468,778,690,34,53,8938,3870,7080,996,5038,1046,905,108,33,45120,5320,37399,2849,31242,3308,3120,67,121,5015,1634,6868,780,4994,1094,841,91,162,5930,26457,7304,1194,4772,1338,1202,69,67,18944,2137,29963,3561,22427,3975,3159,533,283,361684,25418,218353,18901,172796,26656,23823,660,2172,21385,1268,16274,1024,14049,1201,1065,68,66,72711,6608,51825,3778,43099,4948,4615,176,157,15916,1323,22159,2455,17226,2478,2148,227,95,11423,3029,15682,2404,10002,3276,2904,234,137,47167,10658,36978,4667,25703,6608,5846,382,374,86987,26011,74225,13696,42107,18422,17146,370,794,35560,802,26127,2322,21018,2787,2580,91,115,8203,3162,7243,1414,4124,1705,1614,28,63,5166,4576,6824,1001,4489,1334,1154,111,69,61108,9669,57215,4794,44850,7571,6673,545,352,9178,2014,21964,1950,17515,2499,2175,152,172,46297,6588,38921,5704,26767,6450,5693,239,225,13472,2460,15449,1360,11814,2275,2020,75,179,10429,3292,13543,1911,9621,2011,1761,126,124,39818,2283,30823,2470,25834,2519,2316,112,90,19700,5316,23318,4174,14693,4451,3225,484,267,27751,3910,40503,3957,32687,3859,2949,52,114,44143,5013,34965,3212,29021,2732,2530,106,84,44339,1348,33417,3157,27611,2649,2477,69,102,15789,850,7529,1220,5208,1101,709,281,111,23021,5969,37787,6409,24371,7007,6285,466,256,22935,5106,22008,2559,17190,2259,2085,67,106,12114,1694,11997,1096,9484,1417,1121,214,82,1198867,204559,1002274,111175,755814,135285,119833,6374,7409
2020-11-04,21337,4812,11184,954,8402,1828,1660,18,149,16782,21235,24759,4552,16456,3751,3389,119,236,21210,847,13004,679,11547,778,690,34,53,9055,3877,7101,997,5056,1048,906,108,34,45431,5383,37747,2888,31533,3326,3140,68,118,5076,1639,6903,782,5026,1095,843,91,161,5974,26527,7307,1194,4775,1338,1202,69,67,19119,2149,30464,3627,22804,4033,3207,541,285,366175,25550,220622,18986,174847,26789,23963,661,2164,21599,1285,16663,1035,14402,1226,1085,69,70,73295,6625,52296,3791,43521,4984,4646,179,159,16022,1325,22210,2462,17262,2486,2155,229,94,11499,3047,15791,2421,10080,3290,2913,238,138,47493,10701,37260,4695,25909,6656,5884,388,378,87261,26151,74503,13734,42288,18481,17204,370,795,35775,806,26291,2331,21154,2806,2598,91,116,8257,3167,7274,1419,4150,1705,1616,26,63,5196,4605,6842,1004,4500,1338,1157,112,69,61487,9700,57758,4833,45304,7621,6719,548,353,9227,2015,22079,1954,17609,2516,2191,152,173,46595,6642,39067,5719,26879,6469,5713,237,225,13738,2463,15741,1369,12074,2298,2039,75,183,10496,3302,13574,1912,9644,2018,1768,127,123,40067,2284,31048,2485,26029,2534,2329,113,91,19842,5334,23423,4187,14774,4462,3230,488,265,27974,3961,40681,3970,32834,3877,2964,52,111,44455,5019,35069,3214,29123,2732,2532,106,84,44620,1350,33533,3168,27707,2658,2484,71,102,15874,854,7557,1220,5234,1103,710,282,111,23160,5978,37870,6419,24428,7023,6295,469,259,23139,5137,22082,2565,17256,2261,2089,67,104,12253,1720,12208,1105,9664,1439,1135,218,86,1209483,205490,1009911,111671,762271,135969,120456,6416,7419
2020-11-05,21711,4848,11347,966,8541,1840,1670,18,151,16868,21315,24857,4568,16532,3757,3392,119,238,21547,848,13076,681,11618,777,689,35,52,9179,3884,7108,997,5063,1048,906,108,34,45787,5456,38091,2935,31819,3337,3150,69,118,5139,1644,6933,787,5055,1091,839,91,161,6014,26579,7311,1194,4779,1338,1202,69,67,19262,2160,30931,3706,23164,4061,3232,541,288,370383,25766,222825,19063,176866,26896,24061,663,2171,21809,1293,16972,1052,14686,1234,1096,69,67,73875,6645,52794,3803,43972,5019,4681,179,159,16131,1331,22275,2467,17316,2492,2159,230,95,11610,3070,15922,2432,10176,3314,2928,245,140,47841,10735,37530,4719,26128,6683,5903,390,384,87493,26257,74752,13775,42436,18541,17263,370,796,35959,814,26428,2339,21273,2816,2605,93,117,8317,3174,7317,1428,4185,1704,1611,26,67,5217,4622,6868,1006,4521,1341,1159,112,70,61851,9737,58354,4876,45813,7665,6762,549,354,9297,2019,22168,1958,17682,2528,2203,153,172,46941,6667,39214,5738,26994,6482,5725,237,226,13996,2463,16044,1381,12350,2313,2050,75,187,10565,3308,13599,1913,9666,2020,1769,128,123,40387,2284,31282,2497,26240,2545,2340,114,90,19965,5346,23539,4199,14861,4479,3247,489,264,28223,4010,40908,3978,33038,3892,2973,53,113,44811,5023,35183,3214,29231,2738,2535,106,86,44873,1352,33664,3175,27813,2676,2501,72,102,15959,855,7576,1222,5252,1102,710,282,110,23339,5987,37987,6433,24524,7030,6298,473,259,23347,5155,22151,2569,17312,2270,2097,68,104,12400,1748,12462,1121,9875,1466,1160,224,82,1220096,206395,1017468,112192,768781,136495,120916,6450,7447
2020-11-06,21978,4882,11522,985,8693,1844,1674,19,150,16932,21434,24975,4583,16623,3769,3401,122,239,21876,849,13134,681,11674,779,690,35,53,9231,3900,7113,997,5068,1048,906,108,34,46050,5508,38449,2966,32107,3376,3192,68,116,5195,1646,6957,789,5075,1093,841,91,161,6051,26622,7314,1194,4780,1340,1204,69,67,19414,2167,31299,3806,23413,4080,3258,545,277,374550,25843,224866,19134,178684,27048,24190,669,2188,22024,1310,17242,1068,14930,1244,1106,70,66,74373,6662,53270,3820,44397,5053,4717,181,155,16229,1333,22322,2474,17355,2493,2158,232,95,11698,3096,16009,2448,10239,3322,2935,247,139,48133,10772,37796,4751,26335,6710,5928,391,385,87741,26362,75016,13829,42587,18600,17320,371,797,36106,824,26535,2351,21367,2817,2604,93,119,8358,3179,7351,1433,4209,1709,1615,27,67,5233,4639,6884,1011,4531,1342,1160,112,70,62173,9759,59138,4914,46474,7750,6845,554,351,9349,2024,22271,1962,17775,2534,2210,153,171,47238,6682,39377,5748,27125,6504,5741,238,232,14225,2470,16325,1390,12605,2330,2066,75,188,10629,3310,13629,1916,9690,2023,1774,128,121,40687,2286,31472,2513,26393,2566,2356,114,95,20056,5357,23612,4211,14912,4489,3256,491,263,28381,4073,41060,3988,33166,3906,2979,53,117,45075,5031,35265,3219,29308,2738,2538,106,85,45155,1353,33773,3185,27913,2675,2499,72,103,16067,855,7611,1225,5284,1102,710,283,109,23463,5992,38079,6440,24584,7055,6318,477,260,23563,5178,22232,2572,17378,2282,2106,69,106,12493,1782,12668,1139,10044,1485,1177,227,81,1229726,207180,1024566,112742,774718,137106,121474,6490,7460
2020-11-07,22019,4885,11572,997,8726,1849,1679,19,150,16955,21498,25038,4593,16647,3798,3423,124,244,21955,849,13163,683,11701,779,690,35,53,9240,3901,7120,997,5073,1050,908,108,34,46171,5542,38665,2990,32259,3416,3233,70,113,5225,1646,6976,792,5088,1096,843,91,162,6057,26638,7316,1194,4781,1341,1205,69,67,19483,2174,31486,3891,23514,4081,3264,546,271,376003,25907,225851,19205,179488,27158,24304,669,2184,22037,1312,17306,1086,14977,1243,1111,67,63,74513,6675,53455,3838,44532,5085,4741,185,159,16260,1334,22351,2481,17377,2493,2157,233,95,11725,3103,16067,2460,10272,3335,2946,248,140,48239,10782,37889,4775,26385,6729,5952,389,382,87804,26459,75141,13881,42622,18638,17357,371,798,36185,827,26583,2359,21401,2823,2613,93,116,8369,3185,7370,1435,4218,1717,1622,27,68,5245,4649,6897,1013,4539,1345,1162,113,70,62283,9762,59557,4942,46834,7781,6874,557,350,9383,2030,22344,1967,17839,2538,2214,153,171,47374,6686,39474,5763,27193,6518,5754,238,233,14346,2473,16504,1396,12765,2343,2078,75,189,10660,3312,13644,1916,9703,2025,1775,128,122,40843,2288,31604,2528,26501,2575,2362,114,98,20116,5372,23650,4219,14933,4498,3265,492,262,28443,4077,41131,3996,33220,3915,2986,53,119,45233,5036,35314,3222,29356,2736,2537,106,84,45249,1356,33833,3192,27966,2675,2499,72,103,16100,855,7626,1226,5295,1105,713,283,109,23572,5996,38124,6451,24602,7071,6330,477,264,23660,5194,22269,2575,17407,2287,2109,70,107,12526,1785,12791,1152,10130,1509,1193,234,82,1233273,207588,1028111,113215,777344,137552,121899,6509,7462
2020-11-08,22153,4889,11637,1008,8763,1866,1699,19,147,16974,21513,25088,4610,16671,3807,3430,125,245,21984,849,13188,685,11720,783,694,35,53,9250,3901,7126,998,5077,1051,910,108,33,46251,5549,38811,3024,32349,3438,3255,70,113,5241,1654,6988,794,5099,1095,842,91,162,6067,26655,7318,1194,4783,1341,1205,69,67,19527,2179,31649,3967,23563,4119,3302,549,268,376422,25964,226331,19275,179735,27321,24455,670,2195,22082,1313,17379,1102,15027,1250,1119,68,61,74618,6693,53636,3859,44664,5113,4768,187,158,16287,1334,22367,2485,17385,2497,2160,234,95,11756,3109,16141,2467,10312,3362,2972,249,140,48329,10793,37982,4806,26421,6755,5970,392,387,87858,26470,75265,13920,42649,18696,17417,372,795,36237,829,26633,2371,21434,2828,2622,93,112,8381,3187,7383,1445,4225,1713,1622,26,65,5260,4658,6908,1014,4546,1348,1163,114,71,62401,9764,59848,4974,47059,7815,6907,557,351,9403,2032,22371,1970,17859,2542,2217,154,171,47428,6691,39527,5774,27221,6532,5771,239,230,14457,2475,16702,1411,12924,2367,2102,75,189,10681,3315,13661,1917,9710,2034,1783,128,123,40903,2289,31661,2545,26538,2578,2365,114,98,20151,5377,23684,4227,14950,4507,3270,496,262,28478,4080,41216,4003,33286,3927,2997,53,120,45307,5039,35342,3225,29376,2741,2543,106,84,45335,1356,33900,3199,28013,2688,2513,70,104,16155,855,7643,1227,5307,1109,717,283,109,23626,5997,38170,6462,24638,7070,6335,476,259,23768,5200,22312,2584,17440,2288,2110,71,106,12566,1785,12896,1172,10199,1525,1210,232,83,1235336,207794,1030763,113714,778943,138106,122445,6525,7456
2020-11-09,22437,4949,11903,1018,8997,1888,1721,20,146,17035,21587,25240,4623,16780,3837,3455,127,250,22234,849,13302,686,11829,787,695,36,55,9309,3904,7138,1000,5089,1049,908,108,33,46598,5611,39211,3078,32668,3465,3279,72,114,5299,1658,7018,796,5127,1095,841,91,163,6109,26716,7324,1194,4788,1342,1206,69,67,19731,2182,32048,4045,23858,4145,3319,553,273,380932,26069,229072,19352,182213,27507,24626,679,2201,22312,1364,17732,1114,15337,1281,1148,68,63,75152,6738,54190,3883,45133,5174,4825,191,158,16442,1340,22444,2492,17446,2506,2169,237,92,11841,3130,16281,2474,10419,3388,2996,250,141,48648,10837,38317,4841,26696,6780,5986,396,392,88173,26606,75633,13978,42901,18754,17473,372,797,36451,829,26785,2380,21560,2845,2637,94,112,8443,3204,7441,1450,4267,1724,1633,26,65,5279,4668,6925,1015,4557,1353,1168,115,70,62874,9794,60559,4999,47686,7874,6964,557,353,9511,2033,22528,1980,17997,2551,2227,154,170,47756,6722,39711,5781,27372,6558,5796,239,230,14773,2479,17000,1425,13179,2396,2124,75,196,10742,3320,13691,1919,9733,2039,1787,131,121,41192,2292,31976,2562,26795,2619,2407,114,97,20283,5387,23804,4236,15049,4519,3273,500,266,28642,4126,41442,4012,33480,3950,3011,54,124,45661,5041,35478,3225,29505,2748,2548,106,84,45658,1363,34073,3205,28159,2709,2534,70,104,16346,855,7683,1227,5345,1111,719,283,109,23950,6003,38314,6473,24755,7086,6354,476,256,23980,5223,22382,2590,17503,2289,2113,71,104,12696,1809,13092,1183,10360,1549,1227,236,86,1246489,208688,1039737,114236,786583,138918,123169,6570,7492
2020-11-10,22625,5004,12122,1029,9190,1903,1731,20,151,17114,21734,25341,4638,16846,3857,3464,131,257,22522,849,13387,692,11913,782,692,36,53,9339,3907,7146,1001,5097,1048,907,108,33,46931,5673,39700,3118,33083,3499,3311,73,115,5351,1659,7049,797,5153,1099,844,92,163,6151,26754,7330,1194,4793,1343,1207,69,67,19916,2197,32438,4119,24132,4187,3347,562,278,385556,26187,231805,19426,184704,27675,24773,686,2215,22508,1385,18048,1133,15616,1299,1163,71,63,75724,6764,54796,3899,45666,5231,4877,191,163,16539,1344,22506,2496,17498,2512,2175,238,91,11941,3161,16430,2491,10546,3393,3002,250,140,48928,10869,38626,4857,26941,6828,6025,400,397,88443,26706,75971,14021,43103,18847,17566,373,796,36650,830,26947,2390,21702,2855,2647,94,111,8503,3221,7511,1453,4325,1733,1644,26,63,5299,4697,6952,1015,4574,1363,1175,115,73,63293,9814,61284,5039,48321,7924,7017,555,352,9568,2037,22669,1982,18130,2557,2233,154,170,48080,6746,39879,5794,27509,6576,5812,240,229,15083,2489,17332,1428,13482,2422,2145,75,201,10811,3322,13727,1920,9766,2041,1788,131,122,41480,2303,32257,2579,27039,2639,2429,115,94,20431,5403,23906,4243,15125,4538,3284,505,268,28793,4168,41670,4026,33670,3974,3027,54,126,46017,5045,35590,3228,29611,2751,2552,106,83,45967,1366,34221,3212,28283,2726,2550,70,105,16504,857,7726,1228,5386,1112,720,284,108,24177,6021,38447,6480,24864,7103,6366,480,257,24191,5269,22502,2595,17612,2295,2117,72,105,12862,1829,13361,1201,10603,1557,1231,240,86,1257297,209610,1048676,114724,794283,139669,123821,6616,7535
2020-11-11,22861,5036,12310,1042,9355,1913,1743,20,149,17176,21790,25463,4652,16931,3880,3483,134,258,22827,851,13464,696,11984,784,692,38,53,9388,3914,7157,1001,5108,1048,907,108,33,47220,5755,40146,3145,33453,3548,3358,73,117,5400,1662,7079,800,5178,1101,842,95,164,6188,26791,7346,1194,4808,1344,1208,69,67,20065,2205,32805,4191,24387,4227,3387,561,279,390099,26306,234309,19496,186936,27877,24963,690,2223,22680,1412,18344,1153,15869,1322,1185,70,65,76275,6807,55399,3918,46191,5290,4928,195,167,16660,1345,22575,2502,17555,2518,2181,238,91,12027,3189,16543,2501,10636,3406,3015,250,140,49224,10901,38947,4888,27189,6870,6054,405,405,88706,26825,76341,14080,43364,18897,17611,374,800,36807,833,27078,2399,21813,2866,2659,95,109,8548,3224,7559,1457,4361,1741,1652,26,63,5319,4730,6968,1019,4582,1367,1178,114,75,63717,9851,61901,5069,48867,7965,7060,555,350,9654,2042,22789,1991,18237,2561,2238,154,169,48465,6771,40088,5804,27677,6607,5845,241,228,15368,2504,17698,1440,13800,2458,2182,75,200,10868,3327,13757,1921,9790,2046,1790,133,123,41741,2314,32501,2596,27252,2653,2443,115,94,20530,5411,24013,4256,15213,4544,3290,505,268,28954,4177,41924,4040,33891,3993,3042,54,125,46335,5050,35691,3229,29706,2756,2557,106,83,46261,1367,34339,3226,28387,2726,2549,70,106,16668,860,7756,1228,5413,1115,722,285,108,24376,6033,38551,6489,24950,7112,6372,483,257,24415,5305,22581,2598,17677,2306,2128,72,105,12980,1854,13612,1221,10832,1559,1233,240,86,1267802,210442,1057034,115242,801392,140400,124497,6643,7560
2020-11-12,23092,5084,12508,1059,9530,1919,1749,20,148,17259,21891,25561,4665,16991,3905,3503,137,260,23080,851,13557,697,12072,788,696,38,53,9422,3915,7169,1001,5118,1050,908,109,33,47554,5843,40533,3190,33776,3567,3381,72,114,5450,1664,7088,802,5187,1099,840,95,164,6247,26845,7363,1194,4824,1345,1209,69,67,20265,2219,33242,4258,24710,4274,3430,568,276,394197,26433,236680,19591,189086,28003,25076,691,2235,22866,1431,18656,1167,16148,1341,1204,71,64,76797,6868,55962,3941,46697,5324,4959,197,167,16782,1348,22639,2505,17610,2524,2187,238,91,12118,3208,16659,2519,10715,3425,3032,251,141,49475,10941,39230,4914,27413,6903,6077,411,409,88984,26936,76641,14134,43556,18951,17665,374,800,36982,839,27220,2409,21934,2877,2670,95,109,8611,3228,7598,1470,4393,1735,1646,27,62,5335,4745,6981,1019,4591,1371,1182,114,75,64189,9879,62526,5091,49406,8029,7127,553,349,9714,2047,22905,1996,18340,2569,2245,154,170,48798,6787,40293,5815,27847,6631,5866,241,231,15669,2516,18023,1454,14092,2477,2203,75,198,10915,3334,13780,1922,9809,2049,1793,132,124,42051,2319,32811,2613,27528,2670,2461,115,93,20663,5420,24096,4261,15272,4563,3307,505,270,29117,4183,42147,4057,34075,4015,3057,54,129,46752,5055,35817,3232,29828,2757,2559,106,83,46521,1367,34449,3235,28485,2729,2552,70,106,16793,860,7795,1229,5448,1118,723,287,108,24557,6049,38657,6496,25026,7135,6394,483,258,24604,5330,22734,2612,17807,2315,2135,73,106,13108,1896,13865,1240,11053,1572,1250,239,83,1277967,211331,1065185,115788,808367,141030,125086,6664,7576
2020-11-13,23293,5125,12666,1071,9662,1933,1762,19,151,17338,22033,25661,4681,17065,3915,3511,138,260,23275,854,13620,701,12134,785,696,36,52,9491,3923,7188,1002,5136,1050,909,108,33,47830,5888,40872,3237,34046,3589,3401,72,116,5496,1664,7100,805,5197,1098,841,94,163,6289,26869,7367,1196,4828,1343,1208,69,66,20447,2230,33579,4324,24954,4301,3448,571,282,398737,26533,239009,19680,191188,28141,25209,692,2239,23063,1452,18944,1178,16419,1347,1208,71,66,77321,6896,56542,3960,47208,5374,5004,200,169,16866,1352,22682,2508,17642,2532,2193,238,93,12234,3220,16771,2529,10796,3446,3047,255,143,49709,10982,39523,4935,27645,6943,6112,411,414,89247,27041,76924,14186,43731,19007,17720,374,801,37132,846,27353,2419,22048,2886,2678,96,109,8646,3235,7641,1477,4427,1737,1648,27,62,5350,4765,7000,1023,4606,1371,1183,113,75,64640,9894,63158,5115,49944,8099,7187,557,355,9763,2049,23009,2001,18426,2582,2253,156,173,49065,6815,40463,5828,27974,6661,5896,242,229,15888,2520,18293,1464,14342,2487,2214,75,197,10973,3336,13815,1922,9830,2063,1802,134,127,42348,2340,33041,2632,27725,2684,2471,116,96,20791,5429,24168,4271,15324,4573,3315,507,268,29316,4195,42336,4071,34232,4033,3074,53,132,47107,5062,35946,3232,29952,2762,2563,106,83,46779,1367,34576,3245,28594,2737,2561,71,104,16910,860,7834,1229,5481,1124,729,287,108,24713,6062,38741,6511,25080,7150,6405,486,259,24788,5354,22805,2617,17868,2320,2142,73,105,13268,1918,14139,1256,11293,1590,1267,239,84,1288113,212109,1072766,116306,814797,141663,125657,6686,7614
2020-11-14,23343,5129,12721,1093,9696,1932,1768,19,144,17376,22080,25728,4692,17100,3936,3527,139,264,23329,854,13650,702,12161,787,699,36,51,9541,3925,7192,1002,5139,1051,910,108,33,47965,5935,41092,3276,34186,3630,3440,71,119,5516,1664,7104,807,5200,1097,841,94,162,6302,26876,7370,1196,4831,1343,1208,69,66,20541,2242,33772,4376,25056,4340,3487,570,283,400358,26678,240134,19768,192103,28263,25311,696,2255,23091,1454,19078,1199,16535,1344,1207,70,65,77469,6920,56833,3981,47426,5426,5051,196,178,16895,1352,22704,2518,17658,2528,2191,238,91,12267,3226,16827,2540,10829,3458,3057,256,144,49809,10986,39654,4957,27724,6973,6137,410,420,89308,27152,77051,14235,43761,19055,17768,375,800,37189,849,27401,2432,22082,2887,2680,95,109,8661,3238,7656,1478,4434,1744,1656,27,61,5356,4771,7008,1024,4612,1372,1183,113,76,64878,9895,63532,5150,50241,8141,7228,558,355,9780,2049,23086,2008,18496,2582,2252,155,175,49240,6818,40581,5838,28058,6685,5920,241,230,16064,2520,18481,1470,14510,2501,2227,75,198,10997,3339,13830,1926,9838,2066,1806,135,125,42498,2349,33173,2654,27838,2681,2468,116,96,20832,5438,24214,4279,15349,4586,3326,509,268,29368,4197,42415,4084,34284,4047,3090,52,132,47310,5064,36004,3235,30008,2761,2565,106,81,46884,1369,34642,3254,28648,2740,2564,72,103,16999,860,7864,1229,5509,1126,730,288,108,24774,6065,38781,6517,25101,7163,6414,488,261,24969,5372,22852,2623,17911,2318,2138,73,107,13297,1918,14244,1270,11376,1598,1277,238,83,1292206,212584,1076674,116813,817700,142161,126126,6688,7643
2020-11-15,23423,5131,12770,1116,9726,1928,1767,19,141,17406,22093,25787,4708,17131,3948,3542,140,260,23358,854,13669,705,12175,789,701,36,51,9550,3926,7198,1002,5143,1053,911,109,33,48038,5944,41219,3309,34271,3639,3447,72,120,5536,1664,7111,808,5205,1098,841,95,162,6308,26898,7371,1196,4832,1343,1208,69,66,20587,2245,33891,4440,25110,4341,3493,568,280,400858,26799,240678,19845,192430,28403,25437,697,2268,23101,1455,19119,1222,16561,1336,1201,69,64,77555,6948,56979,4006,47523,5450,5076,194,179,16914,1352,22718,2522,17669,2527,2192,237,90,12300,3237,16902,2554,10865,3483,3074,266,142,49867,10995,39768,4980,27780,7008,6172,409,421,89352,27159,77174,14284,43783,19107,17817,375,803,37263,849,27434,2439,22107,2888,2680,95,110,8676,3244,7673,1483,4439,1751,1661,29,61,5363,4774,7012,1025,4613,1374,1186,113,75,65069,9899,63821,5179,50461,8181,7266,558,357,9798,2050,23161,2019,18550,2592,2262,155,175,49331,6821,40652,5856,28099,6697,5932,240,231,16237,2523,18708,1486,14703,2519,2244,75,199,11014,3343,13842,1929,9845,2068,1809,135,124,42560,2356,33264,2662,27894,2708,2493,117,97,20856,5442,24238,4284,15362,4592,3328,510,271,29402,4199,42478,4101,34324,4053,3098,52,132,47442,5066,36037,3238,30036,2763,2567,106,81,46985,1369,34701,3264,28693,2744,2569,71,103,17030,860,7880,1229,5522,1129,733,288,108,24827,6070,38824,6529,25117,7178,6426,488,264,25078,5379,22889,2624,17936,2329,2147,74,108,13329,1919,14347,1284,11456,1607,1276,247,84,1294413,212863,1079315,117328,819361,142626,126556,6708,7660
2020-11-16,23526,5134,12853,1128,9780,1945,1784,19,141,17433,22110,25861,4720,17166,3975,3563,140,264,23396,854,13700,708,12202,790,702,36,51,9562,3930,7202,1002,5145,1055,913,109,33,48126,5966,41412,3343,34384,3685,3492,72,121,5555,1669,7118,811,5208,1099,842,95,162,6326,26922,7375,1196,4836,1343,1208,69,66,20651,2249,34083,4504,25211,4368,3528,566,274,401425,26872,241274,19941,192820,28513,25544,697,2271,23146,1455,19244,1230,16640,1374,1236,69,67,77747,6961,57223,4038,47703,5482,5101,197,183,16947,1352,22750,2525,17690,2535,2197,238,92,12352,3244,16997,2569,10927,3501,3093,264,143,49985,11002,39951,5005,27905,7041,6204,412,419,89426,27186,77331,14325,43821,19185,17891,376,806,37337,851,27501,2446,22159,2896,2688,95,110,8681,3254,7685,1487,4445,1753,1660,30,63,5373,4775,7020,1028,4617,1375,1186,113,76,65310,9901,64094,5213,50664,8217,7295,564,358,9826,2051,23237,2023,18616,2598,2266,155,177,49436,6827,40741,5869,28161,6711,5948,240,229,16371,2523,18843,1503,14810,2530,2254,75,200,11037,3344,13855,1933,9853,2069,1813,136,120,42679,2358,33373,2679,27966,2728,2511,118,97,20880,5443,24271,4290,15376,4605,3338,512,273,29476,4211,42603,4113,34424,4066,3114,52,130,47548,5071,36078,3241,30074,2763,2567,106,81,47073,1369,34786,3267,28766,2753,2577,72,103,17066,860,7910,1231,5547,1132,736,288,108,24876,6074,38862,6545,25132,7185,6427,492,266,25160,5384,22923,2631,17967,2325,2142,74,109,13389,1919,14472,1298,11552,1622,1293,245,84,1297121,213121,1082628,117842,821567,143219,127113,6726,7677
2020-11-17,23743,5189,13134,1140,10038,1956,1793,19,143,17543,22235,26055,4735,17307,4013,3592,140,272,23642,857,13785,709,12282,794,705,37,51,9607,3933,7214,1003,5157,1054,912,109,33,48408,6012,41804,3383,34697,3724,3535,72,117,5611,1673,7151,811,5233,1107,847,96,164,6387,26950,7391,1197,4850,1344,1209,69,66,20827,2253,34467,4583,25503,4381,3542,569,270,406462,27264,244191,20024,195508,28659,25679,699,2280,23386,1462,19629,1242,16994,1393,1257,68,67,78356,7003,57990,4069,48388,5533,5148,197,187,17093,1356,22814,2532,17744,2538,2202,236,92,12471,3262,17151,2578,11043,3530,3114,270,145,50283,11058,40304,5036,28199,7069,6226,415,422,89752,27320,77758,14376,44075,19307,18006,376,813,37547,857,27684,2455,22316,2913,2702,96,112,8755,3265,7740,1496,4487,1757,1664,31,62,5391,4803,7041,1030,4631,1380,1193,113,74,65929,9938,64703,5249,51186,8268,7347,562,359,9886,2057,23363,2035,18719,2609,2276,155,178,49800,6845,40992,5881,28357,6754,5983,242,233,16613,2523,19170,1518,15105,2547,2270,75,201,11110,3348,13884,1935,9879,2070,1814,137,119,42994,2382,33660,2706,28205,2749,2534,118,95,21008,5458,24387,4296,15469,4622,3351,514,274,29708,4242,42892,4132,34673,4087,3134,51,127,47809,5081,36216,3241,30205,2770,2572,106,82,47297,1371,35004,3275,28959,2770,2596,72,101,17221,860,7976,1234,5611,1131,734,288,109,25063,6091,38996,6562,25232,7202,6443,492,267,25340,5425,23010,2636,18042,2332,2150,74,108,13528,1957,14697,1313,11758,1626,1298,245,83,1308570,214330,1092253,118412,829852,143989,127828,6743,7706
2020-11-18,23986,5234,13379,1151,10248,1980,1817,19,143,17638,22350,26280,4753,17476,4051,3623,139,279,23836,858,13876,710,12362,804,714,37,52,9738,3941,7236,1003,5179,1054,912,109,33,48709,6070,42177,3416,34989,3772,3577,74,121,5666,1677,7186,811,5263,1112,852,96,164,6430,27009,7406,1197,4863,1346,1211,69,66,21016,2261,34780,4637,25736,4407,3564,571,272,410551,27366,246690,20114,197777,28799,25817,697,2284,23614,1476,19956,1257,17296,1403,1266,69,67,78991,7036,58674,4094,48999,5581,5198,196,186,17233,1357,22879,2535,17796,2548,2212,236,92,12526,3295,17277,2595,11127,3555,3131,274,149,50594,11100,40685,5068,28499,7118,6265,420,427,90037,27470,78176,14435,44322,19419,18114,376,817,37705,861,27825,2468,22436,2921,2710,97,111,8807,3272,7791,1500,4525,1766,1673,31,62,5414,4826,7058,1032,4640,1386,1199,113,74,66335,9997,65219,5285,51632,8302,7377,563,362,9968,2061,23474,2042,18819,2613,2279,156,178,50139,6865,41175,5892,28502,6781,6009,243,234,16948,2526,19520,1532,15423,2565,2283,75,206,11165,3352,13927,1939,9917,2071,1816,136,119,43300,2384,33933,2725,28436,2772,2558,118,94,21155,5468,24486,4302,15548,4636,3362,517,274,29934,4266,43144,4151,34887,4106,3146,51,128,48105,5085,36330,3244,30315,2771,2573,106,82,47510,1371,35224,3284,29152,2788,2616,71,100,17366,860,8040,1234,5671,1135,736,290,109,25257,6103,39084,6576,25303,7205,6447,491,267,25538,5471,23126,2641,18147,2338,2154,74,110,13700,2002,14959,1323,11991,1645,1314,248,83,1318911,215270,1100972,118946,837276,144750,128525,6762,7745
2020-11-19,24189,5266,13595,1160,10444,1991,1829,19,142,17753,22451,26498,4784,17642,4072,3635,140,287,24069,860,13967,712,12449,806,716,37,52,9765,3946,7241,1003,5184,1054,912,109,33,49016,6152,42479,3448,35222,3809,3616,73,120,5707,1679,7210,813,5284,1113,851,96,166,6503,27079,7417,1197,4874,1346,1211,69,66,21173,2275,35075,4682,25970,4423,3587,573,263,414385,27482,249007,20201,199857,28949,25944,702,2302,23785,1479,20247,1272,17557,1418,1281,69,67,79523,7048,59407,4119,49659,5629,5244,199,185,17359,1359,22925,2542,17829,2554,2216,237,93,12601,3322,17404,2612,11220,3572,3142,279,150,50863,11143,41016,5087,28764,7165,6306,425,428,90294,27588,78498,14489,44500,19509,18200,377,820,37861,869,27969,2476,22559,2934,2719,98,113,8864,3288,7840,1502,4564,1774,1681,31,62,5435,4843,7075,1034,4649,1392,1205,114,73,66697,10020,65786,5314,52112,8360,7431,568,361,10014,2063,23574,2047,18903,2624,2285,156,183,50478,6874,41403,5908,28689,6806,6031,245,236,17211,2530,19818,1546,15687,2585,2297,77,210,11198,3357,13948,1941,9931,2076,1820,136,120,43518,2389,34208,2740,28675,2793,2573,119,98,21308,5479,24581,4311,15622,4648,3372,517,276,30132,4295,43404,4164,35122,4118,3151,52,130,48398,5093,36453,3245,30429,2779,2582,106,82,47688,1374,35390,3290,29296,2804,2631,71,101,17457,862,8075,1234,5702,1139,740,290,109,25457,6114,39188,6587,25375,7226,6466,493,267,25742,5489,23228,2649,18244,2335,2153,74,108,13852,2032,15261,1332,12256,1673,1340,250,82,1328295,216100,1109187,119441,844270,145476,129167,6801,7785
2020-11-20,24319,5306,13788,1173,10615,2000,1838,19,142,17914,22526,26708,4808,17794,4106,3663,141,290,24315,863,14039,714,12517,808,716,38,53,9814,3954,7261,1003,5203,1055,913,109,33,49332,6201,42799,3493,35462,3844,3651,73,120,5758,1684,7224,815,5296,1113,850,96,167,6546,27138,7428,1197,4885,1346,1211,69,66,21353,2287,35408,4735,26210,4463,3622,575,266,419364,27807,251530,20301,202166,29063,26050,704,2308,24009,1520,20547,1283,17827,1437,1298,70,68,80064,7094,60144,4151,50315,5678,5299,195,183,17468,1361,22985,2546,17879,2560,2224,236,92,12664,3341,17532,2625,11310,3597,3163,284,149,51141,11186,41299,5120,28983,7196,6340,428,422,90498,27663,78850,14547,44714,19589,18279,378,820,38017,875,28070,2482,22644,2944,2727,98,116,8908,3295,7878,1508,4596,1774,1682,30,62,5463,4866,7088,1037,4657,1394,1208,114,72,67132,10039,66368,5345,52618,8405,7472,570,363,10043,2065,23648,2057,18970,2621,2284,156,181,50784,6890,41576,5922,28824,6830,6048,247,239,17584,2535,20188,1560,16026,2602,2312,78,211,11244,3363,13991,1944,9968,2079,1823,136,120,43771,2393,34464,2758,28891,2815,2598,118,96,21464,5488,24685,4326,15702,4657,3385,518,271,30335,4321,43683,4177,35370,4136,3167,52,130,48776,5098,36586,3247,30557,2782,2586,106,82,47918,1374,35563,3301,29453,2809,2637,68,103,17555,862,8114,1234,5740,1140,740,290,110,25610,6127,39270,6603,25432,7235,6481,491,263,25962,5527,23349,2654,18352,2343,2160,74,109,14037,2092,15519,1347,12486,1686,1355,248,82,1339162,217141,1117582,120013,851462,146107,129782,6809,7789
2020-11-21,24350,5308,13833,1193,10636,2004,1843,19,141,17976,22555,26835,4831,17879,4125,3677,143,293,24439,864,14078,715,12553,810,719,37,53,9821,3955,7263,1003,5205,1055,913,109,33,49495,6257,42987,3533,35601,3853,3660,74,119,5780,1685,7239,817,5307,1115,850,97,168,6560,27154,7429,1197,4885,1347,1211,69,67,21424,2294,35554,4788,26295,4471,3636,575,260,422255,28060,252990,20394,203413,29183,26161,707,2314,24045,1521,20609,1302,17865,1442,1299,70,72,80274,7120,60442,4180,50533,5729,5339,194,195,17505,1361,23014,2550,17897,2567,2229,236,94,12700,3353,17590,2640,11339,3611,3176,286,148,51226,11194,41451,5148,29065,7238,6374,431,427,90586,27720,78995,14613,44761,19621,18313,378,818,38077,878,28124,2489,22677,2958,2736,100,119,8924,3296,7896,1510,4604,1782,1689,30,63,5471,4897,7093,1042,4657,1394,1209,114,71,67368,10041,66659,5374,52852,8433,7491,578,364,10071,2066,23716,2060,19026,2630,2288,157,185,50947,6900,41694,5937,28914,6843,6061,246,240,17774,2535,20399,1579,16215,2605,2310,78,216,11262,3367,14005,1948,9977,2080,1823,135,122,43879,2394,34576,2772,28983,2821,2608,117,94,21528,5498,24731,4337,15729,4665,3392,517,272,30397,4324,43795,4192,35442,4161,3188,54,133,48963,5104,36677,3247,30634,2796,2600,106,82,48016,1377,35643,3311,29515,2817,2641,68,107,17616,864,8135,1234,5755,1146,745,290,111,25653,6128,39307,6611,25446,7250,6496,491,263,26025,5543,23428,2660,18422,2346,2163,74,109,14087,2092,15615,1362,12551,1702,1366,252,83,1344494,217705,1121802,120569,854633,146600,130206,6832,7836
2020-11-22,24430,5309,13892,1204,10665,2023,1864,19,139,18017,22578,26942,4859,17925,4158,3705,143,298,24460,864,14108,720,12577,811,719,37,54,9831,3955,7269,1005,5208,1056,914,109,33,49588,6316,43109,3577,35661,3871,3676,74,121,5802,1687,7246,819,5312,1115,851,98,166,6575,27187,7433,1198,4889,1346,1211,69,66,21467,2300,35646,4845,26318,4483,3648,576,259,422994,28174,253576,20499,203776,29301,26260,712,2328,24091,1521,20678,1313,17910,1455,1315,69,70,80400,7143,60626,4212,50650,5764,5372,197,194,17524,1363,23035,2555,17911,2569,2231,236,94,12723,3363,17668,2657,11380,3631,3198,290,142,51288,11202,41583,5181,29126,7276,6407,433,430,90652,27742,79155,14683,44797,19675,18364,381,818,38121,882,28176,2493,22708,2975,2749,102,121,8932,3299,7903,1518,4607,1778,1685,30,63,5480,4898,7112,1045,4667,1400,1215,114,71,67547,10044,66845,5410,52971,8464,7520,578,366,10092,2068,23768,2064,19067,2637,2291,157,189,51002,6900,41771,5948,28955,6868,6078,246,247,17902,2535,20603,1604,16377,2622,2321,79,221,11281,3368,14019,1951,9984,2084,1826,135,123,43938,2396,34647,2803,29030,2814,2603,117,92,21561,5508,24751,4350,15737,4664,3394,517,269,30449,4326,43887,4209,35498,4180,3208,54,132,49143,5113,36736,3249,30687,2800,2602,106,83,48073,1377,35716,3318,29569,2829,2654,69,105,17661,866,8153,1237,5764,1152,748,292,112,25691,6133,39339,6623,25455,7261,6504,492,265,26098,5557,23490,2667,18472,2351,2168,74,109,14134,2092,15705,1380,12609,1716,1373,258,84,1346947,218066,1124587,121196,856262,147129,130674,6863,7864
2020-11-23,24612,5358,14180,1215,10925,2040,1880,19,140,18150,22718,27279,4887,18200,4192,3727,147,306,24717,866,14208,720,12674,814,722,37,54,9874,3969,7293,1008,5232,1053,911,109,33,49850,6337,43419,3614,35903,3902,3708,73,121,5862,1687,7272,820,5337,1115,851,98,166,6643,27293,7448,1198,4902,1348,1213,69,66,21651,2308,35880,4880,26486,4514,3670,584,260,428860,28355,256884,20606,206769,29509,26446,717,2345,24291,1542,21043,1330,18234,1479,1337,69,72,81008,7159,61466,4253,51381,5832,5433,199,197,17605,1366,23144,2556,18003,2585,2244,237,96,12794,3392,17842,2676,11509,3657,3219,296,141,51673,11248,42024,5213,29477,7334,6454,437,437,90939,27864,79649,14726,45132,19791,18473,383,823,38311,891,28317,2502,22827,2988,2760,102,124,8995,3317,7970,1521,4661,1788,1693,31,64,5511,4905,7136,1048,4684,1404,1219,114,71,67986,10069,67395,5434,53448,8513,7568,579,366,10159,2075,23884,2069,19172,2643,2300,157,186,51347,6924,41997,5966,29147,6884,6094,248,246,18227,2536,21097,1618,16819,2660,2357,79,223,11342,3371,14074,1955,10032,2087,1826,136,125,44258,2402,34902,2822,29250,2830,2617,118,92,21734,5519,24840,4365,15809,4666,3392,516,270,30736,4341,44288,4233,35855,4200,3226,54,131,49555,5124,36877,3249,30821,2807,2608,106,83,48340,1384,35884,3324,29713,2847,2672,69,105,17756,868,8181,1238,5789,1154,750,292,112,25919,6146,39484,6638,25566,7280,6522,493,265,26295,5579,23650,2674,18619,2357,2173,75,109,14267,2134,15941,1403,12797,1741,1392,261,87,1359267,219047,1134948,121761,865173,148014,131457,6904,7916
2020-11-24,24824,5416,14418,1229,11137,2052,1891,19,141,18323,22988,27595,4912,18458,4225,3751,148,315,25137,867,14310,723,12771,816,725,37,53,9933,3974,7306,1009,5243,1054,912,109,33,50136,6367,43756,3655,36176,3925,3734,74,117,5915,1689,7295,821,5359,1115,851,98,166,6726,27367,7454,1198,4908,1348,1213,69,66,21826,2320,36131,4928,26680,4523,3680,587,256,435858,28557,260342,20707,209959,29676,26598,720,2357,24536,1564,21393,1350,18551,1492,1352,71,68,81612,7205,62398,4283,52223,5892,5488,203,198,17712,1375,23226,2560,18078,2588,2245,237,98,12862,3408,17997,2689,11627,3681,3233,300,147,52048,11282,42386,5238,29770,7378,6493,439,440,91207,27957,80090,14778,45433,19879,18560,384,823,38518,895,28497,2515,22984,2998,2770,101,125,9054,3322,8023,1528,4701,1794,1700,30,64,5538,4955,7166,1049,4710,1407,1223,114,70,68518,10078,67890,5464,53864,8562,7613,581,368,10192,2076,23992,2074,19266,2652,2309,158,185,51730,6939,42227,5982,29338,6907,6117,249,245,18543,2547,21543,1640,17221,2682,2373,80,228,11438,3374,14127,1958,10080,2089,1827,136,126,44574,2427,35230,2840,29544,2846,2633,118,92,21918,5526,24946,4374,15894,4678,3401,518,270,31013,4352,44640,4247,36167,4226,3249,54,130,49976,5134,37021,3252,30955,2814,2616,106,83,48616,1386,36058,3335,29869,2854,2678,69,106,17869,870,8210,1240,5811,1159,755,292,112,26117,6158,39595,6649,25649,7297,6536,492,269,26557,5598,23756,2680,18716,2360,2175,76,109,14448,2180,16217,1425,13039,1753,1405,261,86,1373274,220153,1145235,122332,874181,148722,132106,6930,7946
2020-11-25,25048,5463,14614,1240,11309,2065,1903,19,142,18514,23226,27920,4933,18706,4281,3795,153,322,25335,868,14398,727,12853,818,727,37,53,10049,3980,7333,1009,5267,1057,915,109,33,50412,6439,44066,3689,36411,3966,3774,76,116,5956,1692,7316,822,5374,1120,853,99,168,6798,27422,7460,1199,4913,1348,1213,69,66,21996,2330,36355,4963,26848,4544,3703,589,252,443073,28760,263570,20813,212915,29842,26742,722,2377,24721,1625,21625,1368,18758,1499,1360,71,67,82100,7242,63203,4317,52928,5958,5556,202,197,17840,1381,23286,2564,18134,2588,2244,238,98,12937,3440,18175,2702,11749,3724,3267,307,149,52352,11315,42799,5265,30100,7434,6536,444,448,91506,28048,80499,14846,45686,19967,18642,386,827,38691,903,28648,2523,23116,3009,2779,101,127,9124,3341,8075,1529,4739,1807,1711,31,65,5558,4977,7185,1050,4725,1410,1225,115,70,69047,10105,68418,5491,54314,8613,7656,584,373,10241,2079,24100,2089,19349,2662,2313,158,191,52088,6963,42449,5998,29524,6927,6133,249,249,18859,2556,21936,1653,17580,2703,2393,80,229,11502,3378,14181,1963,10133,2085,1824,136,125,44847,2429,35494,2849,29774,2871,2656,118,93,22081,5542,25009,4384,15941,4684,3407,518,269,31329,4358,44989,4266,36481,4242,3261,54,130,50328,5139,37207,3257,31124,2826,2629,106,84,48900,1388,36203,3341,29996,2866,2689,69,107,17979,871,8231,1243,5828,1160,755,292,113,26249,6160,39690,6664,25725,7301,6543,492,266,26844,5619,23889,2685,18840,2364,2179,76,109,14622,2217,16498,1441,13300,1757,1409,261,86,1386926,221256,1154821,122883,882440,149498,132792,6961,8001
2020-11-26,25281,5486,14781,1255,11439,2087,1923,19,144,18676,23434,28230,4972,18952,4306,3819,153,323,25567,868,14493,728,12942,823,732,37,53,10177,3986,7356,1009,5289,1058,916,109,33,50714,6499,44359,3713,36636,4010,3817,76,117,6010,1694,7339,827,5392,1120,854,99,167,6881,27446,7471,1199,4920,1352,1214,69,69,22158,2339,36578,5002,27007,4569,3734,589,246,450255,28895,266897,20913,215987,29997,26899,722,2375,24891,1636,21924,1391,19025,1508,1368,70,69,82600,7284,64073,4352,53692,6029,5625,203,197,17927,1384,23350,2573,18190,2587,2243,237,99,13023,3463,18356,2720,11886,3750,3289,312,148,52706,11341,43184,5291,30404,7489,6578,445,460,91824,28151,80892,14913,45930,20049,18721,387,829,38893,918,28802,2534,23255,3013,2781,103,125,9197,3357,8128,1532,4771,1825,1725,31,69,5583,5008,7203,1053,4741,1409,1224,115,70,69578,10126,68951,5515,54773,8663,7698,591,374,10288,2084,24199,2091,19427,2681,2325,159,197,52412,6982,42658,6016,29707,6935,6140,250,247,19329,2557,22371,1665,17974,2732,2411,80,240,11568,3387,14230,1970,10175,2085,1827,136,122,45096,2452,35731,2862,29981,2888,2673,118,93,22224,5553,25086,4396,16004,4686,3407,518,268,31543,4377,45309,4282,36765,4262,3272,54,132,50702,5144,37336,3258,31247,2831,2632,106,84,49131,1390,36343,3353,30121,2869,2692,70,106,18079,873,8256,1244,5851,1161,754,293,114,26412,6170,39799,6678,25811,7310,6552,493,265,27086,5635,24001,2686,18943,2372,2184,76,112,14825,2256,16735,1461,13507,1767,1418,262,86,1400636,222175,1164421,123454,890744,150223,133447,6982,8033
2020-11-27,25405,5517,14927,1263,11561,2103,1938,19,145,18854,23582,28507,5002,19173,4332,3844,154,323,25773,868,14568,728,13017,823,732,37,53,10307,4030,7368,1009,5301,1058,916,109,33,50949,6645,44683,3757,36901,4025,3830,78,117,6061,1695,7359,829,5408,1122,856,99,167,6963,27489,7480,1199,4927,1354,1216,69,69,22283,2353,36749,5047,27126,4576,3741,591,244,457601,29045,270538,21030,219365,30143,27029,723,2390,25120,1640,22206,1408,19288,1510,1368,72,69,83052,7335,64914,4389,54440,6085,5676,207,198,18024,1386,23459,2575,18284,2600,2255,237,100,13125,3485,18514,2746,12008,3760,3302,312,145,52996,11391,43510,5323,30658,7529,6609,449,465,92141,28228,81294,14983,46184,20127,18798,390,827,39075,921,28944,2542,23381,3021,2792,103,122,9266,3368,8161,1534,4793,1834,1734,31,69,5603,5022,7224,1055,4758,1411,1226,115,70,70112,10153,69450,5544,55203,8703,7737,591,375,10327,2090,24273,2097,19486,2690,2332,159,199,52786,7019,42899,6036,29901,6962,6161,252,250,19684,2560,22754,1683,18318,2753,2432,81,239,11643,3391,14293,1972,10230,2091,1833,136,122,45408,2457,35961,2882,30175,2904,2687,122,91,22394,5560,25175,4406,16078,4691,3408,520,269,31747,4384,45593,4307,37005,4281,3282,54,130,51114,5149,37498,3264,31396,2838,2637,106,85,49399,1390,36502,3364,30261,2877,2701,70,105,18206,874,8284,1246,5875,1163,756,293,114,26558,6185,39919,6692,25902,7325,6565,493,267,27311,5660,24069,2691,19001,2377,2187,76,114,14956,2281,16964,1473,13706,1785,1433,265,86,1414243,223153,1174039,124076,899110,150853,134013,7013,8052
2020-11-28,25488,5519,14975,1270,11589,2116,1950,19,147,18898,23648,28626,5026,19236,4364,3868,155,330,25841,868,14614,731,13062,821,731,37,52,10316,4032,7371,1009,5303,1059,917,109,33,51069,6767,44813,3806,36983,4024,3829,79,116,6086,1695,7375,831,5420,1124,856,99,169,6970,27509,7482,1199,4928,1355,1217,69,69,22340,2356,36840,5080,27177,4583,3742,596,245,461212,29220,272516,21141,221121,30254,27122,727,2404,25139,1640,22248,1419,19313,1516,1374,73,68,83215,7359,65263,4429,54704,6130,5718,208,200,18060,1386,23483,2577,18304,2602,2256,238,100,13165,3487,18568,2759,12030,3779,3320,316,142,53120,11407,43706,5357,30780,7569,6650,452,461,92235,28283,81457,15037,46220,20200,18868,392,828,39163,924,29015,2549,23429,3037,2808,103,122,9281,3369,8189,1537,4807,1845,1743,33,69,5616,5037,7236,1060,4768,1408,1224,115,69,70380,10156,69767,5567,55472,8728,7759,592,377,10347,2090,24350,2103,19554,2693,2334,158,201,52998,7025,43066,6054,30024,6988,6187,251,250,19982,2560,23005,1697,18544,2764,2438,81,244,11670,3392,14308,1974,10240,2094,1836,136,122,45520,2457,36096,2900,30273,2923,2702,123,93,22438,5562,25211,4415,16106,4690,3405,522,269,31816,4387,45720,4323,37094,4303,3301,54,132,51293,5151,37590,3266,31484,2840,2637,106,85,49500,1391,36584,3382,30320,2882,2704,70,107,18260,875,8303,1251,5887,1165,758,293,114,26587,6187,39964,6700,25929,7335,6576,493,266,27411,5667,24124,2694,19043,2387,2194,77,116,15000,2281,17070,1495,13786,1789,1432,270,86,1420416,223687,1178935,124638,902930,151367,134456,7046,8086
2020-11-29,25580,5523,15029,1288,11614,2127,1958,19,150,18934,23679,28739,5058,19291,4390,3886,155,337,25873,868,14646,731,13088,827,735,37,54,10326,4032,7372,1010,5303,1059,918,108,33,51147,6775,44936,3853,37059,4024,3826,80,118,6112,1696,7390,831,5432,1127,856,99,172,6984,27534,7486,1199,4931,1356,1217,69,70,22369,2360,36917,5118,27202,4597,3754,599,244,462112,29311,273251,21246,221630,30375,27222,728,2424,25179,1645,22324,1433,19373,1518,1379,73,65,83314,7390,65504,4471,54862,6171,5760,210,197,18082,1387,23503,2585,18317,2601,2255,238,100,13205,3513,18634,2774,12072,3788,3326,319,142,53184,11413,43827,5386,30834,7607,6687,451,463,92336,28305,81638,15096,46258,20284,18945,395,832,39250,928,29063,2561,23463,3039,2810,104,121,9295,3374,8219,1541,4819,1859,1756,34,69,5621,5038,7244,1061,4773,1410,1225,115,70,70514,10160,69927,5595,55588,8744,7774,593,377,10369,2091,24380,2107,19574,2699,2339,159,201,53090,7027,43136,6065,30072,6999,6200,251,247,20223,2560,23238,1706,18749,2783,2448,83,251,11692,3395,14323,1977,10248,2098,1839,137,122,45597,2457,36172,2921,30328,2923,2699,124,95,22474,5570,25242,4429,16127,4686,3399,526,267,31861,4387,45824,4338,37159,4327,3325,55,131,51421,5156,37686,3268,31578,2840,2637,106,85,49595,1392,36651,3390,30368,2893,2714,70,108,18304,876,8319,1252,5895,1172,762,297,113,26644,6187,40014,6712,25961,7341,6585,492,264,27508,5680,24159,2696,19072,2391,2199,77,115,15054,2281,17155,1518,13838,1799,1443,270,85,1423249,223990,1181948,125216,904878,151854,134878,7073,8122
2020-11-30,25758,5573,15253,1306,11809,2138,1971,19,148,19098,23825,29070,5097,19547,4426,3926,158,331,26089,875,14761,736,13192,833,741,36,55,10428,4035,7391,1011,5322,1058,917,108,33,51342,6809,45218,3887,37272,4059,3859,79,121,6174,1699,7414,832,5451,1131,858,100,173,7021,27631,7500,1199,4945,1356,1217,69,70,22490,2390,37092,5147,27328,4617,3773,603,241,471359,29561,277578,21363,225672,30543,27371,730,2441,25368,1675,22598,1448,19613,1537,1396,73,67,83736,7430,66288,4518,55540,6230,5815,213,198,18183,1391,23575,2586,18370,2619,2272,238,101,13318,3530,18809,2790,12205,3814,3346,322,145,53526,11437,44221,5432,31141,7648,6726,454,462,92684,28444,82125,15161,46556,20408,19065,396,835,39466,935,29246,2571,23621,3054,2825,104,121,9364,3389,8296,1549,4881,1866,1761,35,70,5655,5060,7266,1065,4790,1411,1226,114,71,70944,10185,70465,5627,56063,8775,7805,593,377,10446,2093,24542,2110,19723,2709,2348,160,201,53475,7038,43383,6087,30279,7017,6212,251,253,20635,2562,23662,1726,19133,2803,2459,83,260,11783,3399,14378,1979,10297,2102,1842,137,123,45880,2460,36427,2941,30544,2942,2720,123,94,22647,5575,25341,4441,16197,4703,3412,528,266,32077,4396,46164,4362,37445,4357,3344,55,133,51904,5167,37872,3272,31755,2845,2641,106,85,49841,1395,36805,3400,30507,2898,2719,70,108,18439,881,8365,1254,5935,1176,763,300,113,26806,6207,40175,6721,26095,7359,6598,495,266,27742,5691,24254,2705,19148,2401,2210,77,114,15150,2318,17348,1537,13996,1815,1457,272,85,1438828,225056,1192882,125860,914372,152650,135595,7101,8161
2020-12-01,25958,5625,15455,1331,11972,2152,1989,19,144,19297,24039,29464,5136,19845,4483,3973,160,334,26298,876,14884,740,13313,831,740,36,54,10462,4039,7406,1011,5335,1060,918,108,34,51600,6889,45554,3916,37559,4079,3879,79,121,6230,1700,7437,833,5473,1131,858,100,173,7088,27684,7520,1199,4962,1359,1220,69,70,22620,2401,37265,5184,27443,4638,3787,610,241,482054,29820,282346,21500,230136,30710,27520,735,2454,25566,1680,22851,1468,19843,1540,1397,74,69,84221,7465,67236,4566,56372,6298,5888,215,192,18275,1393,23654,2589,18436,2629,2282,239,100,13419,3560,18953,2803,12298,3852,3378,329,145,53900,11485,44638,5465,31487,7686,6760,455,465,92970,28569,82586,15228,46823,20535,19190,401,832,39685,938,29435,2582,23793,3060,2829,105,122,9429,3401,8383,1562,4945,1876,1773,35,68,5679,5088,7286,1066,4806,1414,1229,114,71,71339,10200,70965,5655,56494,8816,7846,595,375,10510,2096,24678,2114,19836,2728,2360,160,208,53911,7052,43661,6097,30502,7062,6255,251,253,21098,2572,24069,1743,19502,2824,2475,83,265,11863,3400,14442,1982,10352,2108,1848,139,121,46156,2461,36679,2955,30772,2952,2731,122,94,22829,5592,25444,4453,16274,4717,3427,528,265,32283,4409,46551,4385,37778,4388,3367,55,133,52354,5178,38047,3275,31922,2850,2646,106,85,50072,1395,36935,3412,30611,2912,2734,70,107,18583,888,8404,1256,5966,1182,766,302,114,26953,6218,40266,6734,26160,7372,6613,495,264,27951,5716,24356,2719,19232,2405,2213,77,115,15320,2348,17665,1557,14286,1822,1462,274,85,1455973,226177,1204515,126516,924528,153471,136353,7140,8173
2020-12-02,26257,5681,15616,1348,12109,2159,1995,19,145,19470,24278,29767,5164,20069,4534,4016,158,343,26505,877,14991,740,13414,837,745,36,55,10553,4045,7423,1011,5352,1060,918,108,34,51800,6943,45829,3944,37773,4112,3916,79,117,6298,1701,7463,833,5495,1135,861,101,173,7137,27763,7535,1199,4975,1361,1222,69,70,22753,2416,37390,5220,27525,4645,3789,614,242,493839,30139,287442,21619,234921,30902,27696,739,2466,25718,1681,23087,1480,20059,1548,1404,73,71,84718,7503,68066,4611,57101,6354,5946,217,188,18373,1395,23719,2596,18480,2643,2299,238,98,13501,3602,19128,2814,12419,3895,3415,337,143,54280,11532,45070,5498,31840,7732,6802,456,467,93250,28690,83070,15302,47117,20651,19304,402,833,39865,941,29628,2591,23960,3077,2844,107,122,9523,3413,8443,1573,4988,1882,1778,36,68,5704,5119,7314,1068,4823,1423,1237,114,72,71713,10213,71390,5689,56861,8840,7872,595,373,10564,2100,24833,2119,19973,2741,2372,160,209,54272,7068,43953,6114,30763,7076,6266,251,255,21434,2574,24526,1762,19922,2842,2492,83,266,11946,3415,14501,1984,10407,2110,1849,140,121,46370,2461,36893,2967,30948,2978,2756,122,95,22988,5606,25520,4462,16342,4716,3425,529,265,32493,4414,46924,4410,38081,4433,3405,56,132,52812,5187,38246,3275,32108,2863,2653,106,86,50317,1396,37063,3424,30723,2916,2737,70,108,18715,892,8441,1256,5997,1188,771,303,114,27123,6229,40371,6755,26241,7375,6613,497,265,28129,5729,24467,2725,19332,2410,2219,77,114,15408,2371,17872,1576,14467,1829,1469,275,84,1473828,227374,1215981,127129,934585,154267,137086,7167,8194
2020-12-03,26547,5736,15754,1359,12228,2167,2004,19,144,19680,24409,30057,5202,20297,4558,4040,159,341,26740,878,15081,741,13500,840,748,36,55,10650,4048,7438,1011,5367,1060,918,108,34,51997,7024,46147,3972,38036,4139,3942,80,117,6363,1704,7489,834,5520,1135,860,101,174,7174,27797,7553,1199,4991,1363,1224,69,70,22866,2431,37502,5249,27601,4652,3804,613,235,506616,30519,292625,21715,239845,31065,27850,741,2473,25921,1711,23286,1500,20233,1553,1411,73,69,85209,7565,68879,4647,57824,6408,5995,217,193,18483,1409,23786,2601,18539,2646,2301,241,96,13607,3635,19328,2832,12573,3923,3445,333,145,54588,11564,45447,5532,32142,7773,6843,460,463,93522,28789,83555,15384,47409,20762,19410,402,838,40022,941,29765,2599,24073,3093,2858,107,124,9598,3416,8512,1583,5043,1886,1781,37,68,5737,5144,7342,1070,4846,1426,1239,115,72,72145,10223,71803,5713,57209,8881,7909,599,373,10593,2103,24978,2126,20098,2754,2385,160,209,54634,7091,44220,6127,30993,7100,6292,250,254,21725,2577,24944,1787,20307,2850,2495,84,270,12001,3419,14559,1985,10461,2113,1853,140,120,46589,2465,37101,2988,31128,2985,2757,128,94,23134,5618,25600,4469,16403,4728,3437,531,263,32716,4421,47259,4431,38372,4456,3422,55,134,53322,5202,38436,3277,32281,2878,2667,106,87,50540,1399,37212,3430,30846,2936,2756,70,109,18764,897,8466,1258,6015,1193,774,305,114,27279,6240,40448,6767,26301,7380,6617,496,267,28315,5748,24577,2734,19423,2420,2225,77,118,15525,2415,18051,1601,14615,1835,1469,279,86,1492602,228538,1227200,127723,944519,154958,137731,7191,8209
2020-12-04,26771,5784,15868,1370,12322,2176,2013,19,144,19864,24584,30324,5241,20509,4574,4060,160,336,27000,878,15181,746,13595,840,747,36,56,10721,4056,7459,1012,5387,1060,918,108,34,52172,7104,46445,3994,38292,4159,3959,82,118,6410,1705,7504,834,5534,1136,861,101,174,7207,27870,7576,1199,5013,1364,1225,69,70,22960,2443,37602,5280,27671,4651,3810,610,231,519613,30848,298090,21839,245013,31238,28015,745,2477,26045,1737,23452,1515,20383,1554,1412,73,69,85655,7638,69586,4680,58443,6463,6050,217,194,18570,1416,23836,2607,18581,2648,2301,242,97,13708,3666,19499,2860,12709,3930,3448,338,144,54810,11619,45765,5557,32386,7822,6900,460,454,93820,28897,84017,15454,47675,20888,19532,402,842,40204,946,29912,2609,24194,3109,2874,109,122,9665,3426,8553,1589,5073,1891,1788,33,70,5756,5169,7360,1073,4855,1432,1244,116,72,72519,10235,72181,5742,57525,8914,7937,602,375,10666,2105,25105,2133,20197,2775,2404,160,211,55093,7104,44474,6141,31211,7122,6308,250,260,22018,2578,25305,1805,20636,2864,2510,84,269,12096,3422,14600,1986,10500,2114,1855,140,119,46847,2469,37300,3004,31307,2989,2755,131,95,23286,5624,25694,4474,16479,4741,3443,535,265,32920,4434,47563,4445,38640,4478,3441,55,131,53704,5232,38598,3283,32433,2882,2673,107,86,50764,1400,37334,3443,30950,2941,2760,71,109,18859,897,8502,1261,6037,1204,782,306,116,27470,6250,40535,6776,26368,7391,6622,500,269,28557,5773,24655,2744,19487,2424,2229,77,118,15628,2440,18240,1614,14774,1852,1485,279,87,1511378,229749,1238115,128310,954179,155626,138361,7217,8214
2020-12-05,26903,5786,15908,1393,12346,2169,2004,19,146,19910,24652,30485,5275,20604,4606,4090,161,338,27050,879,15227,748,13638,841,748,37,55,10764,4059,7465,1013,5391,1061,919,108,34,52257,7107,46567,4018,38368,4181,3984,82,115,6456,1705,7520,837,5548,1135,862,101,172,7219,27912,7583,1199,5016,1368,1229,69,70,23008,2452,37661,5309,27696,4656,3813,612,231,526555,31010,301344,21947,247969,31428,28180,745,2502,26070,1737,23467,1533,20391,1543,1403,72,68,85802,7675,69853,4723,58638,6492,6081,219,191,18602,1417,23882,2616,18620,2646,2300,242,96,13734,3682,19579,2884,12747,3948,3466,340,142,54883,11632,45915,5586,32456,7873,6949,461,455,93876,28987,84222,15545,47729,20948,19587,402,847,40280,946,29957,2619,24225,3113,2878,109,122,9672,3427,8578,1596,5087,1895,1791,34,70,5769,5189,7372,1076,4861,1435,1247,117,71,72662,10238,72409,5768,57689,8952,7976,601,375,10700,2107,25195,2144,20278,2773,2405,160,208,55258,7117,44658,6154,31353,7151,6337,251,259,22232,2579,25570,1840,20851,2879,2522,84,272,12126,3424,14621,1988,10518,2115,1856,140,119,47042,2470,37405,3016,31394,2995,2762,128,97,23338,5629,25720,4484,16497,4739,3444,534,263,32996,4440,47750,4465,38788,4497,3457,56,131,53927,5242,38701,3289,32531,2881,2675,107,86,50849,1401,37388,3454,30989,2945,2762,72,110,18907,899,8526,1266,6054,1206,782,308,116,27536,6251,40573,6787,26386,7400,6628,502,270,28654,5780,24696,2749,19516,2431,2233,77,121,15662,2440,18316,1631,14828,1857,1490,278,88,1520699,230271,1244113,128952,959002,156159,138860,7228,8240
2020-12-06,26927,5826,15956,1407,12369,2180,2012,19,149,19938,24684,30600,5315,20660,4625,4103,161,344,27084,880,15249,751,13654,844,752,37,54,10785,4059,7469,1014,5393,1062,920,108,34,52315,7124,46653,4053,38410,4190,3996,82,112,6468,1705,7531,838,5555,1138,864,102,172,7234,27951,7586,1200,5017,1369,1230,69,70,23048,2454,37704,5330,27714,4660,3821,614,225,527699,31106,302323,22079,248627,31617,28371,744,2501,26092,1737,23494,1545,20404,1545,1403,73,69,85877,7694,70053,4768,58744,6541,6126,221,193,18638,1418,23919,2622,18648,2649,2303,242,96,13761,3686,19683,2908,12797,3978,3493,342,143,54936,11640,46051,5621,32500,7930,7004,465,453,93936,29010,84429,15618,47763,21048,19681,405,850,40328,947,30006,2631,24254,3121,2886,111,120,9680,3428,8599,1602,5096,1901,1795,36,70,5783,5192,7383,1077,4868,1438,1249,118,71,72793,10241,72537,5804,57765,8968,7987,603,378,10730,2107,25245,2151,20308,2786,2415,160,211,55369,7121,44741,6183,31407,7151,6338,251,258,22393,2579,25806,1858,21041,2907,2546,84,276,12149,3425,14639,1991,10529,2119,1859,140,120,47092,2482,37473,3039,31438,2996,2766,127,95,23371,5634,25733,4495,16501,4737,3445,532,262,33088,4447,47929,4483,38925,4521,3481,56,131,54093,5244,38795,3293,32616,2886,2681,107,86,50914,1401,37439,3462,31026,2951,2769,72,109,18947,899,8537,1268,6060,1209,785,308,116,27587,6255,40620,6795,26413,7412,6635,506,271,28741,5790,24738,2755,19549,2434,2236,77,121,15685,2440,18371,1637,14867,1867,1494,284,88,1523481,230606,1247291,129593,960918,156780,139446,7256,8248
2020-12-07,27120,5904,16103,1417,12499,2187,2017,19,151,20098,24828,30948,5341,20924,4683,4152,164,351,27391,883,15360,754,13753,853,761,37,54,10894,4065,7488,1015,5412,1061,919,108,34,52499,7182,46922,4077,38622,4223,4027,82,114,6533,1707,7555,839,5577,1139,866,102,171,7294,28015,7604,1200,5033,1371,1231,69,71,23155,2467,37811,5357,27794,4660,3823,614,223,540270,31392,308570,22235,254536,31799,28552,747,2499,26249,1762,23683,1563,20566,1554,1411,72,71,86288,7735,70922,4805,59474,6643,6222,225,195,18801,1422,24024,2630,18735,2659,2313,243,95,13852,3728,19875,2930,12930,4015,3532,341,142,55211,11679,46445,5661,32797,7987,7056,471,452,94296,29161,85139,15709,48257,21173,19802,406,853,40553,952,30195,2645,24419,3131,2894,111,121,9776,3434,8667,1611,5144,1912,1805,36,71,5806,5219,7407,1080,4890,1437,1248,119,70,73193,10262,73047,5825,58219,9003,8016,604,383,10808,2111,25411,2160,20451,2800,2432,160,208,55873,7152,45062,6205,31683,7174,6363,251,256,22751,2585,26198,1885,21395,2918,2555,85,277,12234,3435,14694,1993,10577,2124,1865,140,119,47345,2485,37661,3054,31600,3007,2775,125,98,23550,5640,25830,4500,16577,4753,3457,532,264,33353,4478,48401,4507,39337,4557,3507,56,132,54776,5250,39051,3295,32855,2901,2691,107,87,51174,1404,37594,3476,31152,2966,2781,74,110,19094,902,8609,1270,6122,1217,789,310,118,27765,6279,40739,6807,26498,7434,6653,510,271,29005,5809,24827,2765,19618,2444,2247,78,119,15823,2462,18559,1656,15027,1876,1506,283,86,1542830,231789,1260401,130267,972473,157661,140268,7281,8266
2020-12-08,27389,5995,16241,1434,12611,2196,2025,20,151,20363,25071,31320,5388,21207,4725,4185,166,358,27630,887,15478,754,13868,856,763,37,55,10971,4069,7501,1015,5424,1062,920,108,34,52709,7234,47243,4107,38882,4254,4060,81,113,6596,1708,7573,841,5590,1142,871,102,169,7356,28069,7625,1202,5052,1371,1232,69,70,23245,2497,37946,5369,27880,4697,3853,616,228,551983,31650,314637,22376,260260,32001,28736,751,2513,26392,1781,23883,1576,20745,1562,1420,73,69,86765,7770,71833,4845,60287,6701,6278,226,196,18928,1431,24111,2632,18809,2670,2321,243,98,13935,3762,20082,2944,13084,4054,3563,345,145,55466,11753,46798,5702,33034,8062,7119,477,458,94627,29275,85798,15801,48683,21314,19938,409,855,40727,960,30371,2657,24572,3142,2910,110,118,9878,3444,8762,1621,5210,1931,1825,36,70,5828,5239,7421,1082,4898,1441,1252,119,70,73629,10280,73656,5846,58748,9062,8076,602,384,10858,2112,25539,2165,20563,2811,2442,161,208,56351,7163,45314,6213,31894,7207,6392,252,259,23089,2586,26607,1900,21761,2946,2582,85,278,12349,3440,14738,2000,10613,2125,1865,141,119,47604,2493,37932,3066,31837,3029,2797,125,99,23708,5645,25910,4510,16637,4763,3460,533,268,33623,4504,48791,4532,39658,4601,3544,57,134,55696,5273,39344,3298,33131,2915,2704,107,88,51428,1408,37761,3488,31300,2973,2788,75,109,19222,906,8652,1277,6151,1224,796,310,118,27981,6291,40860,6818,26588,7454,6669,512,273,29284,5828,24929,2772,19703,2454,2253,78,123,15966,2492,18752,1669,15200,1883,1513,285,84,1561576,233016,1273408,130900,983880,158628,141152,7311,8314
2020-12-09,27617,6140,16356,1442,12712,2202,2027,20,155,20553,25328,31642,5431,21438,4773,4233,168,359,27871,888,15576,756,13952,868,771,37,59,11063,4071,7522,1015,5443,1064,922,108,34,52877,7311,47516,4141,39097,4278,4082,83,113,6645,1709,7596,843,5608,1145,873,102,170,7405,28127,7643,1202,5068,1373,1233,69,71,23359,2508,38081,5391,27981,4709,3867,617,225,564866,31939,320586,22518,265865,32203,28928,753,2521,26528,1786,24034,1580,20876,1578,1434,74,70,87171,7831,72693,4902,61028,6763,6337,229,197,19071,1438,24190,2642,18877,2671,2324,243,96,14036,3808,20272,2967,13221,4084,3587,349,147,55733,11791,47168,5755,33309,8104,7163,480,453,94911,29377,86406,15873,49078,21455,20078,410,855,40908,966,30516,2673,24695,3148,2916,110,120,9966,3452,8842,1628,5269,1945,1838,37,70,5852,5265,7449,1084,4916,1449,1261,118,70,74058,10291,74239,5884,59258,9097,8114,603,380,10935,2114,25688,2178,20702,2808,2445,159,204,56775,7186,45638,6229,32176,7233,6419,252,258,23474,2588,26996,1917,22097,2982,2609,88,284,12444,3444,14785,2002,10651,2132,1871,141,120,47850,2496,38126,3080,32005,3041,2812,126,96,23847,5656,25973,4518,16686,4769,3464,533,268,33905,4513,49228,4568,40045,4615,3554,58,137,56671,5287,39673,3301,33446,2926,2712,108,88,51655,1412,37902,3501,31426,2975,2791,76,107,19346,907,8696,1278,6185,1233,803,311,119,28165,6302,40956,6830,26651,7475,6689,513,273,29548,5841,25014,2776,19779,2459,2257,78,124,16080,2514,18908,1683,15337,1888,1517,285,85,1581185,234286,1285910,131588,994877,159445,141931,7338,8328
2020-12-10,27864,6276,16458,1453,12804,2201,2025,20,156,20723,25588,31962,5477,21694,4791,4248,168,361,28116,888,15716,759,14081,876,775,38,62,11101,4076,7527,1015,5447,1065,922,108,35,53077,7383,47812,4181,39337,4294,4098,83,113,6692,1710,7616,844,5626,1146,874,102,170,7449,28158,7667,1202,5090,1375,1235,69,71,23479,2525,38185,5412,28046,4727,3884,621,222,579092,32248,326741,22672,271668,32401,29110,754,2536,26664,1791,24183,1587,21009,1587,1441,74,72,87621,7885,73616,4948,61837,6831,6394,233,204,19201,1441,24283,2648,18958,2677,2332,242,95,14166,3839,20494,2989,13392,4113,3609,355,148,55981,11863,47514,5791,33539,8184,7234,486,456,95210,29475,86996,15975,49426,21595,20217,411,855,41096,968,30688,2681,24835,3172,2938,110,122,10066,3462,8933,1632,5341,1960,1852,38,70,5873,5296,7469,1087,4931,1451,1264,118,69,74509,10303,74825,5906,59757,9162,8179,604,379,10990,2118,25809,2185,20812,2812,2451,159,202,57197,7199,45924,6238,32407,7279,6462,252,258,23879,2593,27449,1936,22508,3005,2625,88,291,12524,3450,14821,2003,10677,2141,1877,141,123,48081,2501,38311,3097,32159,3055,2825,126,97,24008,5668,26053,4525,16749,4779,3469,533,270,34209,4519,49568,4596,40330,4642,3575,58,139,57597,5307,39953,3306,33712,2935,2719,109,88,51875,1414,38067,3507,31576,2984,2800,76,107,19466,908,8750,1283,6229,1238,806,311,121,28343,6324,41083,6844,26740,7499,6711,513,274,29776,5846,25097,2781,19856,2460,2257,78,125,16246,2536,19096,1697,15506,1893,1524,283,85,1602171,235558,1298666,132257,1006079,160330,142732,7361,8376
2020-12-11,28030,6344,16552,1463,12882,2207,2032,20,155,20825,25860,32279,5516,21921,4842,4301,169,358,28474,888,15832,761,14188,883,779,39,64,11228,4081,7556,1015,5475,1066,923,108,35,53271,7422,48062,4212,39541,4309,4109,88,112,6742,1712,7633,845,5641,1147,875,102,170,7486,28196,7691,1203,5107,1381,1242,69,70,23561,2554,38262,5435,28101,4726,3884,623,219,592605,32536,332760,22824,277360,32576,29267,754,2554,26790,1792,24322,1597,21133,1592,1447,74,71,88128,7933,74299,5000,62422,6877,6435,237,205,19326,1444,24364,2654,19028,2682,2338,242,94,14311,3871,20669,3014,13529,4126,3620,353,152,56228,11936,47876,5843,33797,8236,7289,489,450,95571,29586,87617,16066,49802,21749,20370,411,856,41250,970,30857,2693,24974,3190,2955,110,123,10142,3470,8995,1638,5387,1970,1862,37,71,5905,5314,7492,1088,4947,1457,1268,119,70,75003,10320,75440,5938,60282,9220,8235,604,381,11026,2125,26000,2191,20985,2824,2460,159,205,57648,7215,46218,6258,32655,7305,6483,255,259,24268,2604,27977,1951,22995,3031,2647,88,295,12619,3455,14891,2005,10738,2148,1883,141,124,48341,2504,38534,3117,32351,3066,2834,128,97,24171,5682,26147,4530,16821,4796,3480,538,271,34486,4538,49952,4637,40663,4652,3580,58,140,58463,5329,40214,3309,33957,2948,2732,109,88,52106,1418,38238,3516,31727,2995,2811,77,106,19610,908,8805,1288,6269,1248,811,315,122,28514,6335,41180,6854,26807,7519,6728,513,277,29969,5865,25196,2785,19947,2464,2262,78,124,16332,2552,19255,1708,15636,1911,1542,283,85,1622429,236759,1311165,132954,1017068,161143,143484,7390,8403
2020-12-12,28051,6352,16579,1476,12893,2210,2036,20,154,20886,25906,32433,5551,22023,4859,4312,169,364,28555,888,15907,763,14254,890,784,40,65,11242,4081,7563,1016,5479,1068,924,108,36,53354,7446,48210,4233,39641,4336,4133,90,113,6761,1715,7651,846,5656,1149,877,102,170,7504,28216,7693,1204,5109,1380,1242,69,69,23604,2562,38322,5449,28133,4740,3895,622,223,598734,32758,336257,22982,280527,32748,29411,757,2579,26806,1794,24353,1614,21149,1590,1448,73,69,88326,7960,74640,5052,62682,6906,6467,233,206,19384,1448,24417,2660,19070,2687,2344,242,93,14378,3877,20789,3028,13596,4165,3650,358,155,56341,11953,48105,5898,33938,8269,7328,488,445,95652,29668,87898,16190,49850,21858,20479,414,853,41325,970,30933,2706,25022,3205,2965,110,128,10159,3474,9021,1646,5402,1973,1866,37,70,5910,5326,7502,1089,4949,1464,1274,120,70,75170,10321,75817,5965,60580,9272,8283,606,383,11043,2127,26115,2196,21084,2835,2468,159,208,57896,7227,46413,6279,32795,7339,6514,255,261,24466,2605,28200,1972,23177,3051,2665,88,297,12650,3457,14913,2006,10758,2149,1884,141,124,48472,2505,38629,3140,32424,3065,2835,128,98,24237,5686,26184,4541,16849,4794,3477,540,270,34640,4545,50165,4662,40825,4678,3604,58,142,58971,5343,40391,3312,34128,2951,2736,109,88,52201,1418,38339,3523,31803,3013,2829,79,104,19626,909,8836,1290,6286,1260,815,323,122,28591,6340,41234,6870,26830,7534,6740,517,276,30025,5868,25245,2794,19985,2466,2265,78,123,16362,2552,19313,1726,15673,1914,1546,284,84,1631322,237297,1318067,133679,1022570,161818,144096,7417,8442
2020-12-13,28256,6363,16605,1491,12903,2211,2040,20,151,20924,25939,32570,5594,22080,4896,4335,171,376,28593,888,15934,769,14275,890,785,40,64,11250,4084,7567,1016,5480,1071,927,108,36,53415,7449,48303,4260,39686,4357,4153,92,112,6783,1715,7667,849,5671,1147,876,102,169,7522,28236,7706,1205,5116,1385,1246,70,69,23629,2563,38361,5468,28149,4744,3907,620,217,599576,32848,337131,23139,281115,32877,29528,756,2592,26819,1794,24381,1622,21159,1600,1453,73,74,88449,7975,74851,5095,62806,6950,6508,235,207,19420,1452,24465,2672,19100,2693,2350,243,92,14440,3885,20897,3048,13656,4193,3671,364,157,56399,11963,48247,5936,33999,8312,7367,492,445,95739,29713,88140,16290,49894,21956,20574,416,854,41367,971,30985,2721,25051,3213,2977,109,126,10177,3474,9045,1655,5414,1976,1871,36,69,5916,5332,7510,1093,4951,1466,1277,120,69,75348,10321,76085,5989,60772,9324,8333,607,384,11064,2130,26149,2202,21106,2841,2474,159,208,57995,7235,46523,6299,32866,7358,6534,254,259,24652,2607,28416,1996,23359,3061,2681,89,290,12685,3457,14935,2010,10776,2149,1882,141,126,48545,2505,38697,3161,32467,3069,2838,129,100,24260,5689,26213,4553,16855,4805,3487,539,271,34694,4547,50302,4690,40917,4695,3614,58,150,59402,5353,40567,3316,34287,2964,2748,109,89,52298,1420,38424,3533,31872,3019,2836,79,103,19638,910,8856,1296,6296,1264,815,326,123,28644,6345,41283,6883,26864,7536,6739,521,275,30094,5878,25295,2799,20025,2471,2270,78,123,16419,2554,19379,1735,15714,1930,1559,289,82,1634412,237595,1321489,134385,1024681,162423,144655,7445,8462
2020-12-14,28572,6404,16721,1504,13000,2217,2046,21,150,21070,26145,32921,5640,22333,4948,4378,175,380,29040,890,16088,770,14420,898,793,40,64,11306,4093,7602,1017,5511,1074,929,109,36,53605,7491,48625,4290,39965,4370,4163,94,113,6846,1715,7691,852,5693,1146,877,102,167,7593,28357,7738,1207,5138,1393,1253,70,70,23740,2599,38458,5493,28216,4749,3911,622,216,612096,33249,343614,23307,287222,33085,29718,759,2607,26991,1800,24572,1631,21327,1614,1466,73,75,89043,8008,75844,5153,63677,7014,6562,243,209,19555,1454,24613,2675,19225,2713,2368,243,94,14586,3914,21127,3068,13840,4219,3692,366,160,56710,12018,48691,5977,34327,8387,7440,495,444,96133,29840,88877,16402,50403,22072,20683,418,859,41626,974,31217,2736,25259,3222,2985,111,125,10270,3487,9129,1666,5474,1989,1888,34,67,5952,5353,7542,1100,4976,1466,1276,121,69,75949,10329,76810,6005,61408,9397,8404,608,385,11137,2130,26332,2212,21276,2844,2475,160,209,58865,7260,46843,6318,33139,7386,6563,254,258,25112,2627,28891,2021,23791,3079,2707,90,280,12791,3465,15003,2013,10831,2159,1892,141,126,48817,2505,38951,3177,32683,3091,2857,133,100,24419,5696,26330,4564,16948,4818,3499,540,270,34951,4562,50755,4722,41315,4718,3629,59,154,60137,5376,40846,3320,34552,2974,2755,110,89,52547,1422,38640,3545,32058,3037,2850,80,106,19711,910,8960,1300,6385,1275,822,330,123,28837,6365,41450,6896,26994,7560,6761,522,276,30306,5896,25467,2807,20185,2475,2275,78,122,16521,2586,19522,1741,15835,1946,1573,291,82,1654834,238920,1335870,135129,1037406,163335,145490,7492,8485
2020-12-15,28930,6447,16837,1508,13097,2232,2062,21,149,21227,26395,33266,5696,22557,5013,4441,176,383,29489,890,16240,772,14564,904,798,40,65,11430,4097,7620,1017,5526,1077,932,109,36,53830,7536,48962,4308,40257,4397,4190,95,112,6893,1720,7699,853,5698,1148,879,102,167,7653,28409,7756,1209,5154,1393,1253,70,70,23831,2613,38556,5517,28288,4751,3914,623,214,624299,33679,350170,23492,293337,33341,29960,759,2621,27154,1801,24740,1639,21484,1617,1465,73,79,89565,8072,76721,5201,64450,7070,6619,241,210,19712,1462,24726,2692,19321,2713,2370,244,91,14696,3954,21365,3090,14013,4262,3723,375,163,56968,12081,49062,6024,34596,8442,7497,496,441,96489,29979,89555,16517,50823,22215,20816,422,865,41829,982,31453,2748,25465,3240,3002,112,124,10380,3503,9214,1675,5540,1999,1896,35,68,5981,5392,7570,1102,4995,1473,1283,121,69,76504,10337,77505,6039,62001,9465,8466,612,387,11218,2133,26498,2216,21423,2859,2489,161,209,59463,7282,47179,6333,33426,7420,6590,256,262,25496,2629,29279,2041,24139,3099,2724,90,283,12938,3471,15085,2014,10907,2164,1897,141,126,49140,2507,39221,3190,32922,3109,2877,133,98,24596,5705,26430,4572,17025,4833,3506,543,273,35181,4568,51212,4748,41704,4760,3666,59,156,60975,5395,41121,3323,34809,2989,2765,112,90,52808,1426,38882,3557,32276,3049,2859,82,107,19770,910,9061,1306,6473,1282,825,333,124,29063,6376,41608,6911,27116,7581,6781,524,275,30525,5919,25602,2813,20311,2478,2278,78,122,16672,2611,19721,1755,16006,1960,1590,287,83,1674705,240281,1349916,135878,1049703,164335,146413,7525,8522
2020-12-16,29179,6491,16931,1517,13178,2236,2066,21,149,21419,26661,33589,5736,22772,5081,4496,178,392,29916,890,16371,774,14686,911,804,40,66,11501,4104,7656,1018,5561,1077,932,109,36,53981,7569,49297,4337,40538,4422,4219,96,107,6947,1722,7730,853,5724,1153,883,102,168,7739,28460,7785,1212,5175,1398,1258,70,70,23929,2623,38678,5534,28381,4763,3928,623,212,636679,34133,356389,23680,299121,33588,30173,765,2649,27297,1805,24882,1648,21604,1630,1478,73,79,90059,8161,77471,5247,65089,7135,6681,242,211,19833,1472,24828,2697,19408,2723,2379,244,92,14820,4000,21560,3120,14145,4295,3746,385,164,57268,12129,49494,6068,34897,8529,7585,498,438,96906,30109,90219,16621,51245,22353,20949,422,870,42018,991,31648,2757,25619,3272,3033,113,124,10515,3512,9281,1685,5583,2013,1908,37,68,5996,5402,7583,1103,5005,1475,1285,121,69,77063,10353,78131,6074,62523,9534,8534,612,388,11289,2139,26665,2223,21576,2866,2497,162,207,60115,7311,47569,6351,33768,7450,6611,255,269,25970,2633,29723,2064,24539,3120,2744,90,284,13043,3478,15139,2016,10954,2169,1903,141,125,49428,2509,39432,3204,33114,3114,2883,133,98,24724,5711,26525,4578,17105,4842,3510,547,275,35418,4575,51633,4770,42059,4804,3697,59,159,61840,5416,41414,3332,35080,3002,2773,112,93,53052,1428,39119,3562,32487,3070,2880,82,107,19880,912,9164,1317,6564,1283,830,330,123,29270,6389,41766,6925,27241,7600,6797,527,275,30737,5932,25722,2824,20419,2479,2278,81,120,16769,2639,19853,1766,16113,1974,1605,288,81,1694600,241659,1363247,136613,1061273,165361,147345,7558,8568
2020-12-17,29472,6512,17038,1526,13264,2248,2076,21,151,21550,26932,33891,5790,22975,5126,4534,178,399,30238,891,16513,775,14817,921,813,40,67,11642,4118,7673,1019,5577,1077,932,109,36,54165,7609,49642,4362,40819,4461,4256,97,108,6991,1722,7754,853,5746,1155,883,103,169,7793,28511,7813,1215,5200,1398,1258,70,70,23998,2630,38779,5549,28452,4778,3942,622,214,649424,34557,362551,23861,304850,33840,30404,768,2667,27420,1823,25019,1658,21734,1627,1474,73,79,90507,8281,78161,5288,65675,7198,6744,243,211,19990,1476,24944,2701,19513,2730,2387,244,91,14917,4038,21768,3142,14293,4333,3774,390,169,57503,12215,49897,6109,35184,8604,7653,502,441,97363,30246,90822,16735,51632,22455,21044,421,878,42207,997,31844,2770,25782,3292,3055,113,122,10623,3517,9354,1692,5634,2028,1924,37,67,6018,5421,7601,1108,5012,1481,1290,122,69,77636,10362,78686,6095,62997,9594,8591,614,389,11390,2148,26846,2230,21734,2882,2510,163,209,60603,7338,47884,6375,34026,7483,6635,258,274,26468,2634,30125,2091,24905,3129,2761,90,276,13143,3487,15196,2020,11005,2171,1903,142,126,49733,2510,39659,3218,33326,3115,2884,133,98,24840,5720,26595,4584,17161,4850,3516,549,275,35734,4585,52022,4807,42375,4840,3727,59,161,62647,5433,41678,3338,35329,3011,2778,112,95,53274,1430,39309,3572,32664,3073,2883,82,107,19950,914,9234,1320,6627,1287,833,330,124,29406,6409,41888,6940,27328,7620,6816,527,276,30956,5951,25819,2831,20503,2485,2282,82,121,16925,2682,20042,1780,16288,1974,1607,288,79,1714526,243099,1376047,137354,1072427,166266,148169,7582,8618
2020-12-18,29753,6531,17137,1538,13336,2263,2091,22,150,21664,27161,34123,5852,23122,5149,4556,180,399,30455,891,16632,776,14920,936,826,41,68,11700,4127,7697,1022,5599,1076,931,109,36,54372,7671,49878,4393,41020,4465,4262,96,107,7030,1722,7770,853,5761,1156,883,104,169,7831,28541,7833,1216,5216,1401,1260,71,70,24068,2641,38862,5560,28519,4783,3943,621,219,664137,35021,369139,24034,311025,34080,30630,770,2679,27538,1856,25152,1668,21857,1627,1475,73,78,90958,8371,78799,5341,66211,7247,6792,244,211,20102,1476,25034,2708,19589,2737,2394,245,90,15010,4073,21972,3177,14422,4373,3809,395,169,57730,12265,50227,6163,35405,8659,7700,505,446,97802,30361,91409,16831,52022,22556,21144,423,877,42334,1004,32016,2784,25918,3314,3079,113,120,10678,3518,9440,1704,5696,2040,1935,37,68,6045,5444,7628,1112,5029,1487,1296,121,70,78089,10370,79159,6121,63356,9682,8669,620,393,11485,2149,27009,2242,21881,2886,2511,163,212,60998,7362,48218,6393,34292,7533,6682,260,275,26767,2640,30454,2119,25189,3146,2782,90,272,13272,3496,15248,2023,11050,2175,1908,142,125,50067,2512,39854,3227,33506,3121,2889,134,98,24949,5732,26686,4589,17221,4876,3535,548,281,36064,4605,52381,4836,42680,4865,3746,59,164,63383,5447,41949,3347,35583,3019,2788,112,93,53491,1435,39526,3579,32845,3102,2911,81,109,20075,920,9330,1324,6709,1297,838,334,125,29526,6420,41994,6951,27398,7645,6839,528,278,31222,5976,25909,2839,20582,2488,2284,82,122,17027,2721,20133,1790,16367,1976,1609,289,78,1735622,244459,1388598,138112,1083326,167160,148997,7612,8651
2020-12-19,29934,6531,17169,1544,13361,2264,2092,22,150,21709,27225,34246,5907,23175,5164,4570,180,400,30522,891,16699,782,14977,940,831,41,67,11716,4128,7699,1024,5599,1076,931,109,36,54456,7680,50030,4413,41136,4481,4280,95,106,7054,1722,7788,853,5774,1161,886,105,170,7854,28571,7844,1216,5221,1407,1266,71,70,24138,2651,38906,5582,28537,4787,3943,622,222,672009,35287,372586,24235,314112,34239,30788,771,2679,27559,1856,25171,1675,21869,1627,1477,73,76,91095,8400,79102,5397,66426,7279,6821,242,216,20118,1477,25056,2713,19601,2742,2397,246,91,15067,4097,22076,3200,14479,4397,3829,395,173,57797,12280,50379,6224,35477,8678,7722,506,442,97938,30436,91650,16948,52087,22615,21194,425,884,42384,1004,32090,2796,25961,3333,3099,113,119,10702,3520,9480,1709,5718,2053,1949,37,67,6051,5455,7639,1117,5030,1492,1299,123,70,78316,10376,79442,6148,63543,9751,8735,620,396,11530,2154,27151,2253,22009,2889,2516,164,209,61329,7367,48447,6415,34468,7564,6710,260,278,26942,2640,30630,2145,25329,3156,2793,90,271,13310,3500,15275,2028,11073,2174,1907,142,125,50230,2513,39956,3240,33589,3127,2894,134,99,25005,5739,26730,4601,17252,4877,3542,545,278,36258,4608,52623,4865,42877,4881,3762,58,164,63795,5457,42113,3349,35741,3023,2791,112,94,53565,1438,39643,3591,32937,3115,2925,80,109,20105,920,9372,1328,6733,1311,846,339,126,29585,6426,42052,6969,27427,7656,6850,522,284,31296,5987,25955,2842,20620,2493,2286,83,124,17083,2721,20215,1802,16441,1972,1605,289,78,1746452,245057,1395214,138911,1088579,167724,149536,7614,8673
2020-12-20,29969,6535,17198,1555,13376,2267,2093,23,151,21740,27248,34387,5959,23215,5213,4607,185,406,30550,892,16725,783,14999,943,834,41,67,11724,4128,7707,1024,5605,1078,933,109,36,54518,7689,50156,4436,41223,4497,4295,95,107,7075,1723,7804,856,5787,1161,887,105,169,7870,28615,7852,1216,5228,1408,1267,71,70,24160,2655,38967,5600,28564,4803,3963,621,219,673038,35451,373583,24431,314702,34450,30984,773,2692,27571,1856,25188,1681,21878,1629,1480,73,75,91194,8414,79393,5438,66612,7343,6875,248,220,20144,1478,25086,2723,19622,2741,2398,244,91,15098,4127,22183,3231,14535,4417,3840,402,175,57897,12294,50570,6267,35554,8749,7781,510,450,98039,30472,91907,17060,52131,22716,21291,425,888,42433,1007,32151,2815,25995,3341,3107,114,118,10729,3523,9521,1718,5737,2066,1963,38,65,6059,5465,7651,1118,5036,1497,1302,125,70,78489,10382,79677,6178,63705,9794,8774,621,399,11550,2156,27223,2258,22064,2901,2529,164,208,61438,7374,48620,6449,34580,7591,6736,259,279,27100,2640,30794,2162,25459,3173,2817,90,265,13341,3502,15299,2030,11092,2177,1909,143,125,50350,2516,40042,3259,33654,3129,2895,135,99,25049,5744,26763,4609,17270,4884,3548,546,278,36359,4615,52789,4901,42985,4903,3783,59,164,64208,5471,42265,3355,35884,3026,2798,111,91,53634,1440,39726,3604,32999,3123,2931,80,111,20137,922,9416,1332,6770,1314,849,339,126,29636,6428,42107,6986,27455,7666,6857,522,287,31382,5997,25987,2845,20646,2496,2291,83,122,17122,2721,20276,1808,16484,1984,1611,292,81,1749603,245480,1399013,139687,1090846,168480,150228,7646,8704
2020-12-21,30243,6584,17331,1568,13497,2266,2093,23,150,21873,27495,34771,6019,23497,5255,4639,187,413,30954,899,16856,791,15119,946,837,42,66,11841,4143,7728,1026,5623,1079,935,109,35,54729,7714,50459,4467,41478,4514,4311,96,107,7138,1725,7836,857,5814,1165,887,106,172,7919,28695,7884,1218,5253,1413,1272,71,70,24272,2673,39040,5615,28616,4809,3969,622,218,688041,35834,380102,24634,320772,34696,31208,775,2712,27723,1864,25325,1687,22000,1638,1489,73,75,91786,8546,80209,5494,67303,7412,6942,247,223,20274,1489,25193,2731,19706,2756,2410,244,94,15204,4144,22395,3260,14692,4443,3869,401,173,58187,12335,51059,6337,35889,8833,7850,519,456,98532,30600,92699,17187,52696,22816,21395,425,884,42730,1013,32407,2821,26215,3371,3135,114,120,10820,3539,9629,1725,5812,2092,1986,38,68,6082,5480,7685,1121,5059,1505,1309,126,70,79100,10399,80389,6203,64293,9893,8872,623,398,11650,2166,27453,2266,22276,2911,2534,166,211,61845,7419,49062,6488,34945,7629,6772,260,280,27573,2644,31231,2188,25847,3196,2839,90,266,13446,3505,15380,2031,11159,2190,1917,143,130,50725,2517,40335,3274,33915,3146,2914,136,96,25196,5752,26887,4619,17370,4898,3562,545,278,36696,4629,53264,4946,43385,4933,3804,61,168,65066,5494,42575,3361,36179,3035,2803,111,93,53861,1450,39991,3628,33222,3141,2950,81,109,20274,926,9528,1342,6868,1318,854,340,124,29871,6463,42284,6995,27594,7695,6881,525,289,31635,6022,26088,2852,20734,2502,2296,83,123,17239,2740,20414,1825,16600,1989,1616,294,79,1772525,246898,1413489,140576,1103428,169485,151150,7676,8750
2020-12-22,30399,6616,17443,1578,13589,2276,2102,23,151,22043,27713,35084,6076,23718,5290,4680,189,407,31335,899,16997,793,15254,950,842,42,65,11898,4149,7738,1027,5629,1082,938,109,35,54949,7778,50810,4501,41778,4531,4328,96,107,7169,1729,7864,857,5840,1167,888,106,173,7972,28732,7910,1218,5278,1414,1273,71,70,24366,2691,39142,5624,28690,4828,3984,622,222,702984,36293,386409,24835,326609,34965,31457,779,2728,27874,1882,25474,1698,22139,1637,1487,74,75,92191,8654,81046,5538,68023,7485,7007,253,225,20400,1502,25277,2739,19779,2759,2415,244,92,15316,4172,22597,3284,14825,4488,3909,405,174,58427,12377,51456,6388,36173,8895,7914,524,449,99084,30736,93528,17310,53258,22960,21539,425,884,42905,1019,32635,2845,26409,3381,3144,116,119,10928,3560,9750,1733,5908,2109,2002,39,68,6100,5520,7705,1125,5068,1512,1315,126,71,79611,10404,81082,6234,64856,9992,8964,628,400,11754,2168,27651,2270,22459,2922,2544,167,210,62349,7460,49473,6521,35287,7665,6800,261,287,27855,2645,31563,2199,26150,3214,2852,91,270,13543,3513,15459,2031,11224,2204,1928,143,133,51109,2520,40577,3296,34118,3163,2930,136,97,25321,5763,26978,4628,17436,4914,3574,546,281,36963,4649,53702,4978,43775,4949,3820,60,169,65848,5515,42899,3367,36491,3041,2810,111,95,54081,1453,40251,3647,33449,3155,2965,80,109,20451,929,9617,1348,6944,1325,858,343,124,30082,6482,42437,7006,27708,7723,6902,528,293,31919,6038,26208,2855,20843,2510,2301,85,124,17394,2779,20614,1837,16781,1996,1624,293,78,1794620,248340,1427376,141386,1115488,170502,152096,7715,8785
2020-12-23,30505,6639,17524,1582,13663,2279,2104,23,152,22186,27863,35335,6129,23892,5314,4698,188,414,31593,903,17122,796,15373,953,846,42,64,12029,4159,7768,1028,5658,1082,938,109,35,55135,7884,51108,4525,42026,4557,4354,96,107,7213,1731,7893,858,5862,1173,892,106,175,8023,28797,7936,1219,5301,1416,1276,71,69,24455,2700,39243,5638,28763,4842,3995,625,222,718097,36782,392408,25036,332185,35187,31656,780,2750,28040,1882,25598,1707,22249,1642,1492,75,74,92565,8769,81692,5595,68562,7535,7055,255,225,20500,1509,25364,2745,19852,2767,2424,244,91,15444,4222,22772,3307,14950,4515,3933,409,173,58604,12418,51800,6449,36409,8942,7960,532,442,99800,30835,94354,17428,53829,23097,21671,427,887,43059,1022,32818,2857,26556,3405,3165,117,120,11026,3562,9870,1741,6007,2122,2014,39,69,6132,5541,7726,1129,5081,1516,1320,126,70,80104,10412,81651,6277,65303,10071,9040,630,401,11840,2175,27903,2281,22699,2923,2548,167,207,62848,7494,49833,6550,35592,7691,6822,262,290,28356,2649,32046,2218,26595,3233,2863,93,274,13607,3519,15501,2031,11249,2221,1940,144,137,51494,2525,40836,3314,34340,3182,2949,136,97,25448,5780,27056,4640,17498,4918,3576,544,284,37318,4658,54092,5009,44091,4992,3857,61,168,66710,5543,43203,3375,36783,3045,2816,112,94,54293,1458,40473,3658,33640,3175,2983,82,109,20518,933,9703,1356,7009,1338,868,348,122,30220,6501,42589,7023,27830,7736,6913,530,293,32163,6058,26278,2859,20901,2518,2310,86,122,17491,2806,20704,1846,16860,1998,1624,294,79,1816816,249729,1440199,142206,1126608,171385,152902,7753,8816
2020-12-24,30550,6661,17571,1587,13698,2286,2112,23,151,22257,27939,35508,6186,23985,5337,4728,189,404,31777,903,17229,801,15471,957,849,41,66,12090,4167,7789,1028,5676,1085,940,109,36,55279,7904,51318,4549,42195,4574,4374,94,106,7245,1735,7922,861,5888,1173,894,106,173,8060,28815,7950,1219,5309,1422,1281,71,70,24501,2714,39301,5653,28806,4842,3995,625,222,729697,37012,397577,25233,336952,35392,31825,785,2781,28104,1884,25661,1714,22303,1644,1494,75,74,92807,8834,82121,5659,68899,7563,7090,253,220,20601,1521,25450,2749,19917,2784,2438,245,93,15549,4244,22919,3342,15044,4533,3952,411,170,58758,12434,52128,6499,36616,9013,8027,535,442,100420,30919,95128,17539,54378,23211,21780,427,892,43160,1025,32974,2879,26672,3423,3179,120,121,11150,3574,9947,1758,6059,2130,2021,40,69,6145,5559,7750,1134,5087,1529,1331,126,72,80445,10421,82142,6309,65701,10132,9088,640,404,11900,2177,28075,2290,22851,2934,2553,169,211,63195,7510,50184,6578,35859,7747,6868,263,298,28635,2653,32354,2238,26881,3235,2869,93,270,13640,3523,15542,2037,11277,2228,1945,145,138,51710,2528,40984,3337,34465,3182,2952,136,94,25528,5788,27124,4650,17554,4920,3576,544,286,37513,4667,54314,5042,44263,5009,3875,61,168,67189,5565,43471,3379,37042,3050,2820,112,96,54415,1463,40638,3675,33788,3175,2985,81,108,20609,934,9773,1361,7054,1358,882,353,123,30349,6522,42690,7038,27901,7751,6927,531,293,32368,6077,26359,2866,20968,2525,2318,86,121,17567,2837,20786,1858,16932,1996,1624,293,78,1833213,250509,1450679,143048,1135491,172140,153592,7782,8850
2020-12-25,30567,6665,17583,1598,13702,2283,2110,23,150,22272,27951,35600,6242,24004,5354,4745,188,404,31794,903,17246,804,15481,961,852,41,67,12099,4168,7793,1028,5680,1085,940,109,36,55313,7911,51375,4582,42214,4579,4376,95,108,7251,1735,7935,863,5895,1177,900,106,171,8061,28847,7954,1219,5309,1426,1283,71,72,24515,2715,39342,5674,28817,4851,4003,626,222,730698,37125,398359,25441,337334,35584,32012,785,2786,28111,1884,25668,1725,22301,1642,1494,74,73,92849,8845,82272,5713,68945,7614,7139,252,223,20612,1522,25470,2755,19924,2791,2445,245,93,15570,4261,23003,3365,15088,4550,3967,412,171,58804,12450,52291,6561,36664,9066,8077,531,449,100497,30934,95393,17630,54423,23340,21902,427,899,43188,1028,33052,2899,26710,3443,3200,119,121,11177,3574,9980,1766,6066,2148,2037,41,70,6147,5559,7763,1140,5090,1533,1333,127,73,80537,10423,82327,6340,65801,10186,9124,654,408,11917,2181,28133,2296,22881,2956,2567,172,216,63265,7515,50308,6614,35910,7784,6902,263,301,28798,2653,32531,2262,27028,3241,2884,92,262,13651,3526,15558,2039,11283,2236,1952,145,139,51780,2528,41030,3353,34495,3182,2953,136,93,25536,5788,27132,4654,17554,4924,3582,543,285,37548,4672,54414,5076,44324,5014,3885,61,165,67216,5567,43496,3387,37054,3055,2824,112,97,54455,1466,40685,3690,33818,3177,2986,81,109,20629,938,9801,1374,7064,1363,886,354,123,30380,6527,42734,7053,27919,7762,6932,536,294,32402,6081,26389,2869,20986,2534,2326,86,122,17582,2837,20797,1870,16934,1993,1621,293,78,1835221,250779,1453414,143882,1136698,172834,154239,7800,8880
2020-12-26,30604,6673,17619,1608,13724,2287,2116,23,148,22310,28001,35735,6301,24049,5385,4776,189,404,31860,903,17338,812,15567,959,854,41,63,12121,4169,7804,1029,5684,1091,944,110,37,55418,7916,51526,4607,42309,4610,4404,96,110,7261,1737,7964,868,5915,1181,902,107,172,8082,28889,7964,1219,5315,1430,1287,71,72,24567,2723,39401,5697,28850,4854,4006,627,221,734696,37326,400633,25678,339202,35753,32170,788,2792,28126,1884,25690,1735,22310,1645,1497,75,72,93002,8887,82575,5777,69138,7660,7183,251,226,20637,1526,25514,2761,19949,2804,2457,245,94,15600,4286,23094,3390,15131,4573,3984,417,172,58893,12457,52527,6613,36782,9132,8132,532,459,100679,31014,95689,17758,54516,23415,21970,430,903,43240,1028,33129,2911,26757,3461,3215,120,123,11338,3576,10041,1778,6112,2151,2039,41,71,6156,5566,7782,1143,5099,1540,1341,127,72,80785,10423,82675,6369,66068,10238,9172,658,408,11959,2182,28332,2310,23063,2959,2568,171,219,63501,7525,50567,6641,36084,7842,6953,267,305,28943,2654,32721,2280,27172,3269,2907,92,269,13684,3536,15615,2040,11329,2246,1962,145,139,51930,2529,41145,3362,34587,3196,2967,134,95,25577,5794,27172,4666,17577,4929,3582,545,288,37683,4695,54690,5110,44535,5045,3910,60,172,67613,5578,43687,3397,37225,3065,2836,113,97,54506,1469,40803,3700,33911,3192,2999,82,110,20650,941,9849,1387,7088,1374,894,357,123,30443,6529,42803,7069,27955,7779,6950,538,291,32483,6093,26435,2874,21017,2544,2336,86,122,17612,2837,20828,1874,16951,2003,1630,295,77,1841959,251346,1459347,144764,1140971,173612,154943,7833,8926
2020-12-27,30625,6675,17663,1616,13750,2297,2129,23,145,22352,28017,35867,6351,24099,5417,4797,194,410,31902,903,17380,817,15593,970,864,42,63,12132,4171,7808,1029,5688,1091,944,110,37,55503,7930,51672,4635,42394,4643,4435,96,112,7281,1739,7991,869,5938,1184,905,107,172,8096,28931,7976,1220,5320,1436,1293,71,72,24597,2726,39434,5711,28862,4861,4011,628,222,736086,37424,401895,25908,340018,35969,32379,793,2794,28138,1886,25712,1736,22318,1658,1508,75,74,93115,8926,82869,5827,69311,7731,7242,262,227,20656,1527,25545,2768,19963,2814,2468,245,93,15637,4310,23202,3426,15188,4588,4001,418,169,58999,12467,52773,6669,36891,9213,8207,536,461,100826,31056,95984,17898,54585,23501,22053,429,907,43280,1028,33221,2927,26806,3488,3237,122,127,11511,3581,10111,1792,6158,2161,2049,42,70,6163,5575,7801,1145,5107,1549,1350,127,72,80990,10423,82968,6410,66259,10299,9236,656,407,11987,2185,28414,2317,23114,2983,2591,171,220,63576,7534,50768,6678,36199,7891,7001,268,306,29062,2657,32937,2304,27332,3301,2934,93,273,13718,3539,15654,2042,11358,2254,1968,145,141,52065,2529,41252,3383,34658,3211,2982,133,96,25626,5801,27214,4673,17588,4953,3599,548,291,37751,4704,54895,5153,44686,5056,3924,59,171,67681,5587,43735,3406,37261,3068,2840,114,97,54568,1476,40901,3717,33966,3218,3023,83,111,20694,946,9886,1397,7108,1381,897,361,123,30496,6533,42874,7087,27992,7795,6964,542,289,32575,6112,26477,2881,21048,2548,2334,88,126,17652,2837,20865,1885,16971,2009,1638,294,76,1845340,251735,1463744,145677,1143529,174538,155803,7875,8954
2020-12-28,30836,6739,17790,1626,13863,2301,2136,23,142,22489,28157,36225,6410,24360,5455,4835,198,407,32152,904,17566,821,15769,976,869,42,64,12202,4180,7840,1030,5718,1092,945,110,37,55704,7974,52000,4662,42658,4680,4473,96,111,7335,1742,8030,870,5972,1188,909,107,172,8140,29029,7994,1223,5332,1439,1293,71,75,24713,2736,39534,5733,28932,4869,4020,628,221,752696,37712,408838,26135,346506,36197,32599,793,2801,28270,1888,25856,1741,22444,1671,1521,75,75,93528,9025,83775,5880,70061,7834,7333,269,230,20782,1536,25743,2777,20121,2845,2498,246,93,15767,4341,23418,3456,15331,4631,4041,425,165,59257,12514,53347,6721,37330,9296,8280,542,465,101545,31129,97153,18038,55468,23647,22193,431,911,43497,1035,33556,2958,27084,3514,3265,122,125,11796,3587,10290,1806,6286,2198,2086,42,70,6188,5594,7848,1146,5138,1564,1363,127,74,81605,10429,83772,6456,66936,10380,9311,658,411,12086,2190,28689,2329,23359,3001,2602,173,223,64070,7586,51292,6714,36635,7943,7044,273,310,29569,2659,33478,2321,27821,3336,2959,93,283,13813,3548,15717,2051,11410,2256,1967,146,143,52412,2532,41470,3402,34838,3230,3002,132,96,25773,5810,27324,4687,17669,4968,3610,549,293,38066,4717,55459,5190,45172,5097,3969,57,172,68469,5599,44109,3413,37617,3079,2851,114,100,54775,1478,41147,3733,34179,3235,3042,83,109,20761,950,9992,1407,7192,1393,904,366,123,30755,6560,43119,7116,28174,7829,6989,546,294,32888,6131,26585,2892,21145,2548,2333,88,127,17768,2854,21012,1899,17088,2025,1652,296,76,1869707,252865,1479968,146643,1157608,175717,156894,7921,8998
2020-12-29,31000,6774,17913,1636,13969,2308,2143,23,142,22683,28316,36542,6469,24589,5484,4871,199,400,32499,905,17774,824,15963,987,876,42,68,12340,4188,7853,1033,5730,1090,943,110,37,55941,8025,52360,4683,42964,4713,4506,98,109,7400,1744,8070,871,6006,1193,913,107,173,8212,29109,8014,1223,5349,1442,1296,71,75,24839,2739,39628,5744,28993,4891,4035,629,227,768856,37970,415946,26376,353165,36405,32780,793,2827,28430,1890,26028,1750,22598,1680,1532,75,73,93933,9193,84661,5971,70798,7892,7384,271,234,20888,1551,25894,2786,20252,2856,2505,247,96,15907,4367,23650,3491,15489,4670,4074,431,165,59531,12567,53888,6784,37731,9373,8357,541,465,102266,31247,98100,18181,56163,23756,22298,430,916,43686,1040,33862,2976,27349,3537,3285,124,126,12286,3594,10491,1823,6463,2205,2094,41,70,6226,5638,7888,1147,5166,1575,1375,126,74,82215,10433,84601,6498,67650,10453,9378,663,412,12176,2203,28939,2337,23577,3025,2619,174,229,64607,7633,51781,6751,37042,7988,7079,281,311,30017,2659,33997,2336,28295,3366,2987,93,285,13924,3562,15802,2057,11481,2264,1973,146,145,52800,2536,41738,3419,35057,3262,3033,133,96,25923,5818,27453,4700,17774,4979,3619,552,290,38370,4728,55966,5225,45612,5129,3998,57,173,69365,5622,44464,3424,37949,3091,2860,114,104,55004,1479,41457,3741,34455,3261,3068,84,108,20854,954,10115,1413,7291,1411,915,372,124,31002,6572,43330,7140,28318,7872,7028,554,290,33225,6152,26691,2899,21238,2554,2336,88,130,17890,2886,21171,1907,17223,2041,1669,297,75,1894295,254094,1496067,147615,1171699,176753,157829,7966,9049
2020-12-30,31137,6808,18015,1647,14051,2317,2152,23,142,22801,28476,36773,6517,24749,5507,4897,202,393,32719,906,17987,830,16164,993,883,41,68,12449,4209,7868,1036,5744,1088,942,110,36,56140,8065,52672,4705,43227,4740,4533,98,109,7460,1744,8103,872,6031,1200,920,107,173,8272,29192,8041,1226,5370,1445,1300,71,74,24918,2748,39702,5763,29040,4899,4040,631,228,785114,38296,422415,26623,359212,36580,32947,798,2831,28591,1892,26160,1764,22713,1683,1536,75,72,94315,9247,85495,6036,71492,7967,7451,274,238,21004,1558,26011,2796,20348,2867,2515,249,95,16109,4396,23893,3513,15658,4722,4120,435,167,59794,12619,54382,6840,38086,9456,8435,545,465,103008,31344,99008,18321,56844,23843,22381,432,918,43894,1048,34155,2995,27592,3568,3310,129,128,13140,3604,10735,1838,6674,2223,2113,40,70,6256,5677,7926,1149,5185,1592,1389,128,75,82787,10437,85346,6539,68278,10529,9456,664,409,12244,2206,29204,2353,23806,3045,2636,175,231,65185,7658,52285,6780,37426,8079,7160,288,313,30432,2667,34422,2361,28680,3381,2994,94,292,14001,3568,15889,2063,11557,2269,1976,146,147,53162,2538,41983,3441,35263,3279,3051,132,96,26076,5824,27560,4709,17860,4991,3630,552,290,38661,4737,56454,5255,46034,5165,4021,57,178,70104,5639,44750,3429,38207,3114,2882,114,105,55195,1483,41722,3752,34689,3281,3088,84,108,21004,958,10232,1423,7393,1416,922,372,122,31198,6588,43518,7158,28447,7913,7069,555,289,33519,6169,26791,2907,21331,2553,2336,88,129,17989,2914,21298,1919,17329,2050,1680,296,74,1918678,255215,1510795,148560,1184480,177755,158765,8005,9065
2020-12-31,31260,6846,18071,1654,14100,2317,2151,23,143,22900,28530,36965,6565,24867,5533,4917,203,395,32874,907,18135,833,16303,999,890,41,67,12474,4216,7886,1036,5761,1089,943,110,36,56297,8086,52945,4732,43460,4753,4545,98,110,7490,1745,8140,872,6064,1204,924,107,173,8310,29234,8057,1230,5382,1445,1301,71,73,24955,2753,39749,5771,29076,4902,4045,631,226,798204,38439,428012,26828,364382,36802,33142,798,2858,28707,1893,26244,1775,22777,1692,1546,75,71,94588,9272,86099,6093,71978,8028,7508,278,240,21111,1571,26126,2803,20447,2876,2522,250,96,16234,4421,24063,3550,15766,4747,4146,436,165,59976,12654,54745,6882,38323,9540,8515,547,467,103653,31407,99708,18453,57335,23920,22458,432,918,44059,1058,34401,3008,27772,3621,3358,131,131,13601,3609,10908,1859,6814,2235,2130,37,68,6274,5691,7956,1158,5201,1597,1393,128,76,83222,10440,86062,6579,68898,10585,9511,663,411,12310,2206,29388,2364,23963,3061,2646,179,233,65623,7677,52658,6818,37722,8118,7199,287,312,30670,2672,34770,2387,28988,3395,3011,94,289,14060,3573,15947,2066,11606,2275,1983,146,146,53408,2538,42164,3462,35421,3281,3053,132,96,26199,5831,27639,4725,17919,4995,3630,553,291,38846,4747,56796,5291,46313,5192,4048,58,172,70668,5656,44998,3438,38438,3122,2890,113,105,55317,1486,41940,3765,34871,3304,3108,85,110,21103,960,10331,1431,7476,1424,927,375,122,31327,6611,43669,7178,28544,7947,7101,556,290,33765,6189,26904,2912,21427,2565,2345,88,132,18073,2952,21402,1929,17415,2058,1687,297,74,1937558,255870,1522878,149447,1194809,178622,159573,8022,9096
2021-01-01,31369,6855,18098,1658,14111,2329,2162,23,144,22928,28539,37078,6630,24901,5547,4934,203,393,32887,908,18170,836,16325,1009,901,41,66,12480,4216,7892,1036,5763,1093,947,110,36,56332,8095,53021,4768,43482,4771,4563,97,111,7512,1745,8161,876,6070,1215,932,107,176,8314,29265,8067,1233,5382,1452,1308,71,73,24982,2755,39801,5788,29095,4918,4062,630,226,799316,38597,428875,27058,364893,36924,33278,804,2839,28708,1893,26253,1784,22778,1691,1542,76,73,94640,9303,86281,6146,72053,8082,7562,276,242,21127,1573,26168,2809,20457,2902,2546,250,98,16258,4431,24165,3578,15817,4770,4163,440,166,60029,12663,54945,6962,38400,9583,8550,546,476,103809,31434,100049,18586,57412,24051,22583,433,923,44212,1059,34485,3037,27796,3652,3387,134,130,13628,3612,10962,1871,6842,2249,2143,37,69,6278,5692,7975,1163,5204,1608,1401,129,78,83324,10440,86232,6615,68999,10618,9535,668,415,12330,2209,29445,2373,23998,3074,2657,182,232,65706,7685,52840,6858,37822,8160,7232,290,318,30822,2673,34983,2412,29147,3424,3038,94,291,14070,3574,15970,2076,11611,2283,1992,146,145,53510,2539,42246,3485,35461,3300,3069,131,100,26211,5833,27672,4735,17923,5014,3642,556,293,38895,4750,56920,5325,46398,5197,4051,58,174,70708,5657,45034,3447,38455,3132,2900,113,103,55360,1492,42027,3787,34929,3311,3112,86,112,21128,960,10370,1439,7499,1432,933,377,122,31352,6618,43726,7197,28564,7965,7115,558,292,33811,6200,26940,2920,21453,2567,2349,89,129,18090,2952,21419,1941,17421,2057,1682,300,75,1940126,256217,1526270,150429,1196461,179380,160271,8055,9120
2021-01-02,31442,6888,18145,1663,14146,2336,2168,23,145,22989,28594,37202,6669,24964,5569,4961,204,389,32958,908,18289,837,16430,1022,914,41,66,12491,4217,7898,1036,5767,1095,949,110,36,56416,8111,53203,4803,43610,4790,4582,96,112,7538,1745,8180,879,6081,1220,937,108,175,8346,29297,8083,1237,5394,1452,1306,71,75,25023,2760,39855,5799,29129,4927,4070,631,226,803506,38801,431085,27328,366687,37070,33402,818,2847,28732,1893,26272,1792,22792,1688,1540,76,72,94804,9336,86592,6201,72246,8145,7625,275,243,21158,1573,26215,2822,20489,2904,2547,250,99,16285,4460,24287,3610,15885,4792,4182,444,165,60122,12685,55261,7030,38542,9689,8647,548,482,104002,31488,100359,18705,57503,24151,22678,437,924,44306,1062,34632,3061,27898,3673,3409,133,130,14409,3614,11188,1886,7041,2261,2155,38,68,6297,5696,8000,1168,5214,1618,1410,129,79,83596,10446,86772,6656,69417,10699,9613,670,416,12384,2212,29690,2389,24192,3109,2685,187,234,66005,7690,53206,6909,38101,8196,7269,291,317,30953,2673,35218,2434,29333,3451,3060,92,298,14128,3577,16018,2086,11649,2283,1996,145,142,53714,2541,42400,3502,35588,3310,3080,131,99,26283,5849,27760,4748,17963,5049,3663,565,296,39059,4755,57167,5360,46606,5201,4053,57,176,71141,5671,45268,3455,38667,3146,2915,113,103,55441,1505,42164,3803,35034,3327,3127,87,112,21161,961,10445,1449,7551,1445,944,379,122,31429,6624,43858,7229,28646,7983,7131,561,291,33907,6203,27012,2923,21509,2580,2361,88,131,18111,2952,21474,1953,17462,2059,1683,301,74,1948136,256787,1533198,151422,1201536,180240,161062,8099,9144
2021-01-03,31524,6892,18185,1672,14167,2346,2178,23,145,23042,28607,37333,6711,25001,5621,5005,204,397,33001,908,18339,847,16471,1021,917,41,62,12501,4222,7903,1037,5768,1098,951,110,37,56477,8118,53381,4835,43720,4826,4617,96,113,7566,1746,8232,881,6115,1236,948,110,178,8361,29339,8100,1239,5406,1455,1307,71,77,25084,2762,39908,5813,29160,4935,4080,630,225,805241,38938,432456,27590,367654,37212,33552,827,2830,28750,1895,26287,1805,22794,1688,1541,76,71,94914,9355,86899,6264,72412,8223,7693,282,246,21176,1573,26273,2832,20515,2926,2568,250,100,16338,4491,24434,3645,15960,4829,4212,444,172,60208,12694,55544,7102,38691,9751,8703,549,486,104131,31507,100668,18850,57582,24236,22759,440,925,44378,1063,34747,3098,27962,3687,3417,134,135,15023,3622,11421,1903,7230,2288,2180,39,69,6309,5698,8026,1171,5223,1632,1422,129,81,83775,10447,87180,6701,69714,10765,9676,672,417,12434,2220,29800,2402,24276,3122,2699,187,233,66154,7699,53449,6957,38271,8221,7286,295,321,31079,2674,35463,2468,29535,3460,3070,92,297,14170,3580,16067,2090,11677,2300,2005,145,150,53815,2542,42533,3512,35675,3346,3113,131,102,26330,5857,27814,4758,17987,5069,3680,568,295,39162,4761,57359,5388,46752,5219,4074,57,173,71223,5680,45330,3465,38715,3150,2921,113,102,55503,1507,42273,3817,35105,3351,3149,88,113,21197,963,10506,1461,7587,1458,957,378,122,31467,6628,43976,7245,28709,8022,7163,562,297,34004,6206,27059,2930,21548,2581,2360,89,132,18127,2953,21506,1966,17476,2064,1689,300,74,1952464,257147,1538451,152455,1204858,181138,161892,8132,9177
2021-01-04,31751,6933,18317,1676,14272,2369,2199,23,147,23287,28691,37701,6759,25266,5676,5062,203,395,33221,911,18552,854,16673,1025,919,41,64,12564,4231,7945,1037,5805,1103,956,110,37,56674,8149,53810,4869,44071,4870,4655,96,119,7639,1749,8271,887,6145,1239,952,110,177,8426,29452,8132,1241,5430,1461,1311,71,79,25197,2767,40028,5832,29253,4943,4089,628,226,821498,39222,440171,27854,374881,37436,33763,835,2835,28891,1896,26450,1812,22934,1704,1553,77,74,95444,9452,87785,6345,73135,8305,7768,283,251,21319,1576,26451,2842,20656,2953,2592,250,103,16524,4532,24755,3679,16215,4861,4237,449,174,60519,12747,56241,7159,39219,9863,8800,559,491,104860,31591,101732,19017,58368,24347,22864,441,930,44619,1069,35087,3130,28229,3728,3462,132,133,15719,3628,11671,1926,7427,2318,2208,39,71,6343,5722,8106,1180,5278,1648,1436,130,82,84402,10462,88375,6757,70730,10888,9799,672,417,12532,2243,30147,2422,24580,3145,2725,187,231,66695,7735,54028,7014,38735,8279,7343,295,322,31537,2682,36120,2496,30127,3497,3108,92,296,14296,3601,16166,2094,11766,2306,2011,146,149,54418,2547,42860,3526,35959,3375,3142,131,102,26486,5865,27969,4771,18103,5095,3699,572,297,39489,4774,57878,5427,47194,5257,4111,57,172,71883,5695,45727,3468,39084,3175,2946,113,103,55774,1516,42622,3831,35406,3385,3182,88,114,21313,968,10664,1473,7711,1480,974,382,122,31692,6658,44281,7264,28929,8088,7224,566,298,34281,6217,27194,2936,21664,2594,2372,89,133,18209,2971,21691,1986,17631,2074,1700,300,73,1977502,258252,1556927,153564,1220876,182487,163162,8167,9217
2021-01-05,32028,6998,18461,1683,14402,2376,2204,23,149,23679,28784,38086,6815,25563,5708,5096,204,386,33562,916,18832,860,16935,1037,928,42,65,12614,4235,7974,1039,5831,1104,957,110,37,56913,8197,54210,4896,44396,4918,4701,96,121,7696,1755,8311,891,6180,1240,954,109,177,8492,29527,8172,1242,5454,1476,1325,71,80,25312,2779,40142,5851,29329,4962,4108,629,225,837272,39513,447887,28130,382129,37628,33949,837,2839,29125,1907,26627,1821,23082,1724,1570,76,75,96037,9576,88852,6413,74005,8434,7888,286,256,21463,1579,26636,2857,20813,2966,2607,249,102,16725,4559,25073,3725,16448,4900,4269,459,172,60859,12823,56986,7217,39751,10018,8940,565,500,105603,31671,102709,19167,59077,24465,22972,445,936,44911,1071,35477,3145,28543,3789,3517,135,136,16397,3639,11914,1940,7651,2323,2218,39,66,6389,5763,8163,1185,5313,1665,1453,130,82,85063,10470,89550,6805,71748,10997,9905,674,417,12653,2257,30494,2433,24890,3171,2748,189,233,67248,7769,54673,7050,39267,8356,7411,298,327,31960,2687,36603,2529,30548,3526,3140,94,290,14495,3611,16313,2101,11889,2323,2023,146,154,54942,2550,43259,3545,36305,3409,3176,131,102,26661,5883,28125,4788,18226,5111,3715,576,293,39846,4786,58392,5464,47652,5276,4124,58,177,72708,5707,46125,3471,39451,3203,2970,113,106,56030,1526,42934,3850,35683,3401,3193,92,115,21413,983,10834,1483,7846,1505,992,387,122,31906,6681,44601,7290,29153,8158,7282,575,301,34655,6260,27374,2943,21829,2602,2378,90,134,18336,3020,21937,1999,17842,2096,1716,302,77,2002993,259482,1575726,154628,1237231,183867,164429,8230,9252
2021-01-06,32322,7025,18595,1692,14516,2387,2215,23,149,24061,28883,38416,6877,25792,5747,5126,204,393,33861,921,19101,868,17179,1054,942,43,66,12697,4244,8008,1039,5862,1107,960,110,37,57138,8265,54624,4929,44739,4956,4738,97,121,7770,1758,8354,895,6218,1241,954,110,177,8566,29654,8214,1244,5488,1482,1328,71,83,25445,2783,40270,5865,29430,4975,4122,628,225,852645,39716,455501,28406,389221,37874,34172,841,2858,29329,1919,26767,1825,23210,1732,1577,76,76,96674,9644,89943,6492,74908,8543,7991,287,261,21594,1583,26824,2871,20964,2989,2626,249,106,16881,4585,25347,3759,16627,4961,4321,467,173,61292,12906,57833,7321,40377,10135,9060,568,494,106324,31762,103680,19296,59789,24595,23101,446,936,45234,1076,35849,3173,28855,3821,3545,135,140,17060,3650,12198,1957,7877,2364,2255,40,69,6428,5811,8222,1195,5350,1677,1463,131,83,85753,10484,90485,6861,72583,11041,9945,674,421,12736,2266,30835,2451,25186,3198,2773,190,234,67799,7826,55340,7114,39778,8448,7487,301,338,32412,2694,37233,2554,31109,3570,3178,94,295,14693,3626,16419,2108,11986,2325,2023,147,155,55503,2554,43653,3563,36640,3450,3210,134,106,26850,5897,28294,4804,18355,5135,3735,578,292,40167,4794,58783,5493,47995,5295,4144,57,179,73494,5725,46473,3479,39776,3218,2985,113,106,56309,1536,43331,3867,36029,3435,3226,93,114,21593,992,10970,1499,7953,1518,999,392,123,32121,6710,44909,7322,29376,8211,7321,584,306,34921,6302,27522,2951,21958,2613,2389,89,135,18451,3041,22121,2014,17993,2114,1730,306,77,2028123,260632,1594114,155784,1253119,185211,165641,8278,9328
2021-01-07,32609,7075,18752,1700,14652,2400,2224,23,153,24469,28970,38758,6928,26055,5775,5160,203,387,34228,921,19374,879,17435,1060,947,44,66,12781,4252,8031,1040,5884,1107,960,110,37,57419,8298,55117,4950,45147,5020,4796,100,124,7842,1761,8424,897,6276,1251,964,110,177,8646,29778,8270,1254,5529,1487,1334,71,82,25577,2793,40406,5875,29535,4996,4141,627,228,868801,40298,463274,28645,396456,38173,34460,847,2862,29486,1927,26944,1831,23369,1744,1590,77,74,97329,9747,90897,6571,75687,8639,8083,289,262,21753,1585,27013,2882,21126,3005,2640,250,107,17104,4614,25736,3804,16917,5015,4366,477,170,61712,13002,58595,7409,40940,10246,9168,567,498,107042,31832,104686,19434,60481,24771,23270,447,942,45574,1084,36146,3196,29095,3855,3576,134,144,17874,3656,12507,1971,8144,2392,2281,43,68,6469,5854,8281,1202,5387,1692,1477,132,83,86607,10493,91546,6905,73483,11158,10058,678,420,12849,2269,31166,2462,25491,3213,2785,193,235,68395,7874,55927,7167,40251,8509,7538,304,344,32951,2701,37899,2581,31723,3595,3199,94,299,14844,3635,16536,2114,12084,2338,2031,148,159,55920,2561,44039,3587,36969,3483,3239,137,107,27060,5913,28471,4820,18489,5162,3757,578,295,40473,4806,59186,5522,48330,5334,4185,57,173,74333,5734,46844,3490,40129,3225,2990,113,109,56598,1537,43723,3885,36376,3462,3245,97,118,21758,998,11115,1518,8053,1544,1015,399,123,32345,6728,45184,7347,29570,8267,7368,588,310,35248,6330,27670,2956,22086,2628,2401,91,136,18628,3091,22335,2025,18181,2129,1741,307,79,2054724,262117,1612852,156847,1269330,186675,166989,8335,9371
2021-01-08,32860,7156,18905,1706,14788,2411,2234,24,153,24842,29063,39047,6972,26273,5802,5182,205,391,34593,923,19632,884,17680,1068,955,45,65,12872,4272,8074,1041,5922,1111,962,111,38,57763,8339,55561,4982,45534,5045,4810,106,129,7905,1764,8499,908,6339,1252,964,111,177,8730,29862,8314,1261,5562,1491,1337,71,83,25706,2801,40518,5892,29620,5006,4153,628,225,883407,40767,470977,28904,403640,38433,34687,858,2885,29673,1940,27095,1844,23506,1745,1589,78,73,98013,9836,91882,6648,76493,8741,8177,292,266,21896,1587,27214,2889,21291,3034,2670,251,105,17300,4636,26047,3848,17148,5051,4393,480,176,62231,13079,59506,7516,41637,10353,9275,571,493,107763,31915,105633,19594,61196,24843,23346,451,934,45939,1096,36424,3225,29293,3906,3623,135,147,18667,3661,12833,1995,8431,2407,2294,45,68,6508,5896,8349,1211,5431,1707,1486,136,85,87600,10505,92577,6954,74359,11264,10162,679,421,12984,2281,31491,2480,25768,3243,2816,192,235,69063,7905,56621,7241,40817,8563,7592,303,346,33460,2705,38511,2616,32282,3613,3214,95,301,14993,3646,16650,2123,12180,2347,2035,148,164,56400,2563,44491,3603,37372,3516,3271,137,108,27268,5946,28657,4835,18632,5190,3780,580,295,40766,4820,59547,5547,48642,5358,4207,59,173,75222,5742,47235,3501,40502,3232,2998,112,110,56913,1548,44120,3903,36728,3489,3273,97,117,21932,1006,11238,1537,8144,1557,1020,404,123,32617,6740,45472,7377,29766,8329,7418,594,317,35548,6342,27820,2961,22213,2646,2415,92,139,18723,3132,22508,2040,18327,2141,1753,306,78,2080157,263474,1631448,158038,1285516,187894,168091,8396,9420
2021-01-09,32911,7171,18963,1711,14823,2429,2251,24,154,24949,29098,39165,7014,26328,5823,5199,205,398,34709,923,19739,888,17773,1078,965,46,64,12893,4276,8084,1041,5927,1116,967,111,38,57904,8348,55724,5019,45649,5056,4821,106,129,7952,1766,8543,913,6371,1259,968,112,179,8742,29933,8335,1264,5572,1499,1345,71,83,25764,2804,40577,5907,29649,5021,4165,628,228,891344,41091,475440,29150,407675,38615,34834,867,2911,29702,1942,27120,1853,23523,1744,1587,78,73,98238,9876,92313,6737,76768,8808,8243,296,261,21949,1595,27314,2899,21345,3070,2699,251,112,17378,4656,26221,3891,17248,5082,4418,481,181,62404,13143,59882,7626,41814,10442,9363,576,489,107929,31957,105937,19745,61290,24902,23407,450,933,46106,1099,36531,3250,29353,3928,3646,135,146,19424,3666,13094,2008,8653,2433,2318,46,69,6543,5939,8396,1216,5461,1719,1498,136,85,88030,10506,93099,6997,74768,11334,10224,679,429,13119,2328,31734,2493,25987,3254,2824,196,234,69361,7916,57128,7305,41212,8611,7637,303,347,33705,2706,38802,2651,32530,3621,3224,95,299,15075,3647,16710,2129,12228,2353,2043,148,162,56629,2565,44738,3630,37573,3535,3289,137,109,27360,5968,28758,4849,18698,5211,3798,581,297,40926,4827,59738,5576,48788,5374,4222,58,175,75695,5747,47448,3508,40703,3237,3002,112,111,57008,1550,44312,3925,36891,3496,3283,95,116,21998,1008,11323,1554,8199,1570,1033,407,123,32716,6751,45635,7402,29857,8376,7459,598,319,35627,6352,27889,2971,22266,2652,2422,93,137,18765,3133,22587,2055,18382,2150,1761,308,77,2092855,264287,1641279,159177,1293304,188798,168915,8429,9468
2021-01-10,32988,7172,19007,1721,14844,2442,2262,24,155,24999,29112,39266,7061,26366,5839,5215,207,395,34747,924,19803,893,17818,1092,976,47,66,12903,4277,8090,1045,5931,1114,966,110,38,57998,8356,55854,5058,45720,5076,4839,109,128,8000,1768,8588,916,6401,1271,977,114,179,8775,30011,8361,1267,5585,1509,1354,71,84,25808,2811,40623,5924,29667,5032,4174,629,229,893280,41224,477043,29417,408802,38824,35007,877,2937,29721,1943,27148,1861,23536,1751,1591,79,75,98418,9902,92701,6828,76971,8902,8333,299,263,21988,1597,27402,2917,21405,3080,2705,252,115,17430,4673,26376,3917,17329,5130,4461,488,179,62553,13167,60232,7735,41987,10510,9419,582,495,108089,31984,106252,19889,61371,24992,23500,449,931,46288,1104,36620,3283,29378,3959,3673,141,144,19470,3667,13175,2024,8677,2474,2354,53,67,6556,5944,8437,1221,5468,1748,1523,137,88,88253,10511,93436,7048,75006,11382,10269,679,432,13153,2332,31855,2508,26077,3270,2838,196,236,69518,7933,57472,7383,41421,8668,7688,305,349,33907,2710,39042,2683,32706,3653,3249,96,304,15113,3650,16753,2134,12259,2360,2050,148,162,56796,2568,44921,3659,37716,3546,3298,137,111,27415,5978,28819,4863,18733,5223,3804,587,298,41051,4835,59919,5609,48908,5402,4256,58,169,75773,5752,47513,3514,40748,3251,3015,112,113,57096,1551,44467,3950,37007,3510,3298,95,115,22058,1010,11370,1569,8227,1574,1038,406,123,32815,6765,45813,7437,29954,8422,7488,614,319,35706,6359,27947,2979,22307,2661,2430,93,138,18815,3133,22643,2064,18420,2159,1766,311,78,2097480,264723,1646948,160377,1296745,189826,169816,8505,9515
2021-01-11,33308,7221,19245,1738,15051,2456,2275,24,156,25517,29212,39630,7098,26656,5876,5248,208,398,35075,927,20062,901,18056,1105,988,45,68,13015,4290,8123,1046,5961,1116,968,110,38,58380,8395,56218,5099,46016,5103,4859,114,130,8095,1773,8665,919,6465,1281,984,115,181,8898,30123,8428,1269,5644,1515,1358,72,85,25971,2812,40746,5943,29761,5042,4180,631,231,909344,41458,485409,29725,416657,39027,35194,881,2950,29926,1947,27318,1870,23679,1769,1606,79,75,99208,10023,93958,6931,78027,9000,8427,303,263,22152,1601,27762,2931,21710,3121,2738,254,121,17677,4703,26702,3968,17563,5171,4494,491,185,63139,13287,61316,7821,42837,10658,9553,591,501,108778,32097,107534,20056,62303,25175,23675,450,938,46772,1116,36964,3318,29638,4008,3717,148,142,20227,3684,13548,2049,9002,2497,2373,57,67,6619,5971,8534,1231,5536,1767,1539,137,91,89210,10524,94447,7098,75871,11478,10358,682,436,13554,2411,32247,2524,26425,3298,2857,200,241,70116,7966,58204,7448,42003,8753,7768,308,351,34481,2717,39736,2709,33344,3683,3282,96,302,15276,3661,16865,2143,12361,2361,2049,152,160,57228,2576,45434,3689,38155,3590,3338,138,114,27657,5995,29035,4883,18901,5251,3826,583,305,41388,4857,60412,5644,49334,5434,4287,58,171,76783,5766,47971,3529,41193,3249,3011,112,114,57400,1563,44784,3974,37283,3527,3314,97,114,22281,1015,11552,1591,8370,1591,1043,415,122,33098,6797,46134,7471,30172,8491,7554,617,319,36004,6377,28068,2988,22410,2670,2435,97,138,19007,3138,22848,2079,18593,2176,1783,311,79,2125584,266003,1667899,161683,1314977,191239,171081,8576,9586
2021-01-12,33664,7268,19434,1748,15222,2464,2280,24,159,25970,29305,39917,7140,26881,5896,5268,211,394,35564,928,20313,910,18292,1111,994,46,67,13095,4294,8147,1046,5979,1122,972,111,39,58738,8462,56669,5130,46399,5140,4890,119,131,8190,1780,8726,923,6519,1284,987,114,182,9023,30305,8481,1277,5678,1526,1367,72,87,26098,2819,40875,5956,29847,5072,4206,634,231,925517,42213,493315,30002,424052,39261,35402,889,2967,30185,1957,27536,1882,23878,1776,1616,79,73,99860,10070,95185,7016,79052,9117,8542,306,263,22314,1603,28091,2941,22005,3145,2759,254,124,17867,4753,26985,4004,17759,5222,4540,499,181,63701,13402,62144,7921,43470,10753,9642,591,508,109487,32168,108630,20210,63128,25292,23791,453,936,47316,1138,37375,3363,29964,4048,3751,152,143,20784,3690,13854,2065,9275,2514,2390,57,67,6663,6000,8626,1242,5604,1780,1553,137,90,90153,10530,95452,7156,76706,11590,10465,683,440,13744,2486,32509,2543,26654,3312,2871,202,239,70677,7993,58956,7515,42612,8829,7829,313,359,35000,2722,40405,2737,33954,3714,3308,96,306,15490,3662,17040,2145,12519,2376,2062,154,160,57672,2588,45870,3720,38538,3612,3366,136,110,27894,6014,29247,4905,19070,5272,3845,586,302,41681,4875,60741,5679,49607,5455,4302,58,177,77792,5782,48320,3542,41520,3258,3023,112,113,57757,1577,45185,3994,37600,3591,3371,102,116,22406,1015,11715,1607,8495,1613,1049,428,123,33376,6811,46438,7508,30387,8543,7604,617,321,36343,6395,28204,2995,22533,2676,2445,95,136,19209,3164,23007,2089,18727,2191,1793,315,80,2153230,267769,1687392,162911,1331926,192555,172283,8645,9624
2021-01-13,34026,7312,19590,1756,15355,2479,2296,24,158,26404,29406,40207,7185,27105,5917,5296,214,384,35944,939,20531,914,18495,1122,1002,48,68,13342,4294,8189,1049,6017,1123,972,111,40,59066,8506,57031,5154,46686,5191,4937,122,132,8260,1784,8790,928,6574,1288,990,114,183,9109,30430,8526,1280,5710,1536,1374,72,90,26247,2824,40998,5979,29944,5075,4208,636,230,942035,42548,501183,30265,431381,39537,35655,896,2983,30405,1972,27687,1891,24015,1781,1622,80,70,100566,10151,96354,7107,80012,9235,8655,311,259,22475,1613,28323,2960,22202,3161,2774,255,124,18101,4792,27304,4057,18009,5238,4548,503,185,64212,13469,63014,8015,44134,10865,9744,595,513,110179,32227,109638,20365,63845,25428,23922,453,941,47789,1166,37728,3408,30235,4085,3783,154,146,21235,3698,14103,2089,9486,2528,2404,57,67,6716,6029,8722,1248,5667,1807,1578,138,91,91029,10544,96335,7223,77438,11674,10546,683,443,13879,2547,32802,2560,26905,3337,2889,202,246,71240,8034,59614,7573,43140,8901,7896,320,359,35535,2725,41051,2758,34549,3744,3335,96,309,15645,3669,17154,2151,12612,2391,2072,155,164,58126,2601,46313,3752,38918,3643,3399,135,109,28113,6023,29439,4917,19220,5302,3863,594,305,42025,4881,61056,5716,49880,5460,4309,58,175,78740,5789,48646,3554,41828,3264,3027,112,115,58011,1585,45541,4017,37905,3619,3396,102,119,22549,1016,11853,1630,8594,1629,1057,434,122,33601,6831,46711,7548,30570,8593,7646,620,325,36642,6414,28307,3000,22617,2690,2458,95,137,19390,3176,23159,2102,18859,2198,1797,315,83,2180636,268995,1705899,164151,1347907,193841,173450,8704,9675
2021-01-14,34308,7342,19731,1765,15467,2499,2312,25,161,26798,29462,40466,7224,27291,5951,5336,215,377,36342,944,20759,921,18704,1134,1011,49,70,13513,4302,8219,1051,6044,1124,973,111,40,59372,8551,57412,5206,46997,5209,4953,123,133,8309,1801,8839,931,6609,1299,996,115,188,9193,30546,8566,1288,5741,1537,1375,72,90,26384,2830,41088,6000,30003,5085,4216,639,229,959328,42779,508667,30548,438301,39818,35904,899,3011,30606,1976,27847,1902,24149,1796,1638,80,68,101355,10225,97581,7202,81002,9377,8791,316,262,22669,1614,28581,2978,22424,3179,2790,257,124,18304,4827,27598,4097,18221,5280,4583,513,182,64702,13518,63716,8109,44631,10976,9850,601,512,111067,32302,110838,20522,64730,25586,24073,453,948,48254,1183,37997,3440,30436,4121,3818,154,147,22126,3712,14525,2111,9857,2557,2423,64,70,6773,6062,8809,1255,5728,1826,1597,138,91,91878,10558,97308,7290,78223,11795,10660,686,447,14028,2610,33051,2579,27119,3353,2903,203,247,71778,8066,60269,7638,43639,8992,7973,327,363,36105,2731,41726,2794,35156,3776,3365,97,309,15764,3676,17249,2153,12688,2408,2083,157,168,58641,2612,46744,3779,39291,3674,3431,136,107,28377,6037,29600,4940,19347,5313,3868,593,311,42389,4884,61387,5736,50155,5496,4341,59,178,79592,5797,48978,3565,42144,3269,3028,113,119,58331,1594,45860,4042,38174,3644,3422,101,119,22702,1026,11996,1650,8702,1644,1068,438,121,33796,6846,47057,7579,30781,8697,7733,630,332,36898,6436,28424,3009,22719,2696,2465,93,138,19570,3250,23332,2113,19001,2218,1816,317,81,2209252,270099,1724220,165417,1363474,195329,174795,8774,9743
2021-01-15,34572,7380,19897,1779,15604,2514,2325,25,163,27181,29496,40715,7268,27471,5976,5351,214,388,36635,950,20945,933,18877,1135,1012,49,72,13695,4316,8251,1053,6073,1125,974,110,41,59712,8569,57813,5235,47330,5248,4990,124,134,8376,1816,8893,935,6648,1310,1005,114,190,9296,30660,8608,1291,5767,1550,1388,71,91,26499,2839,41179,6018,30068,5093,4225,640,227,976048,43062,515900,30829,444961,40110,36181,892,3033,30793,1980,27971,1909,24257,1805,1645,79,70,102130,10293,98759,7290,81967,9502,8905,317,270,22840,1615,28824,2996,22615,3213,2825,258,122,18495,4854,27839,4149,18366,5324,4625,509,187,65176,13588,64468,8218,45181,11069,9934,601,521,111906,32386,111826,20696,65407,25723,24200,453,958,48611,1187,38230,3474,30588,4168,3861,155,150,23178,3722,14905,2134,10184,2587,2453,64,70,6823,6109,8881,1271,5772,1838,1609,137,92,92746,10568,98328,7346,79076,11906,10763,691,450,14159,2615,33344,2590,27381,3373,2919,204,250,72206,8107,60876,7708,44128,9040,8013,330,369,36564,2742,42242,2823,35619,3800,3384,97,314,15892,3688,17349,2158,12772,2419,2091,158,170,59135,2619,47170,3808,39659,3703,3459,136,108,28605,6050,29799,4958,19496,5345,3897,597,309,42630,4889,61654,5765,50359,5530,4370,61,181,80449,5817,49294,3578,42436,3280,3038,113,120,58594,1601,46158,4074,38438,3646,3426,99,119,22955,1030,12125,1669,8791,1665,1083,441,122,33999,6860,47372,7622,30992,8758,7776,640,340,37152,6453,28573,3016,22846,2711,2476,96,139,19668,3258,23454,2132,19100,2222,1826,313,81,2236720,271119,1741642,166725,1378229,196688,176029,8788,9851
2021-01-16,34629,7393,19948,1791,15630,2527,2340,25,161,27269,29526,40806,7304,27507,5995,5365,215,393,36746,954,21058,943,18970,1145,1019,50,74,13714,4316,8260,1056,6078,1126,975,110,41,59875,8582,57958,5271,47424,5263,5005,122,136,8417,1818,8934,938,6672,1324,1016,115,191,9375,30722,8622,1294,5772,1556,1393,71,92,26548,2844,41240,6029,30094,5117,4244,643,229,985437,43226,520139,31108,448727,40304,36363,895,3042,30830,1981,28006,1921,24281,1804,1644,79,70,102376,10343,99197,7372,82260,9565,8956,318,280,22896,1619,28918,3022,22662,3234,2839,265,121,18563,4878,27980,4202,18426,5352,4654,508,188,65342,13598,64798,8316,45319,11163,10027,602,520,112061,32426,112193,20845,65519,25829,24303,451,963,48822,1191,38348,3517,30637,4194,3882,158,152,23968,3727,15203,2162,10435,2606,2472,64,70,6856,6148,8947,1291,5807,1849,1619,135,95,93107,10572,98831,7402,79445,11984,10826,701,455,14215,2619,33532,2607,27538,3387,2929,206,252,72490,8133,61343,7786,44455,9102,8074,329,370,36767,2744,42557,2859,35877,3821,3404,97,316,15928,3690,17390,2167,12799,2424,2094,158,172,59393,2620,47439,3850,39879,3710,3458,140,112,28717,6060,29898,4975,19555,5368,3917,599,309,42768,4897,61841,5798,50504,5539,4380,63,178,80859,5824,49477,3583,42591,3303,3057,113,124,58675,1604,46343,4095,38582,3666,3446,99,119,23077,1032,12183,1683,8822,1678,1095,440,124,34100,6874,47563,7660,31092,8811,7826,641,341,37237,6456,28618,3020,22882,2716,2482,94,140,19711,3260,23506,2141,19136,2229,1832,315,79,2250768,271677,1751076,168008,1385377,197691,176936,8821,9909
2021-01-17,34686,7400,20000,1806,15660,2534,2342,25,166,27316,29539,40888,7338,27539,6011,5386,215,389,36813,954,21127,950,19022,1155,1027,52,74,13731,4316,8270,1059,6084,1127,976,110,41,59988,8587,58129,5307,47527,5295,5038,120,137,8450,1820,8970,945,6696,1329,1021,115,191,9393,30833,8649,1298,5786,1565,1402,71,92,26597,2848,41283,6041,30112,5130,4256,643,230,987422,43347,521498,31403,449648,40447,36509,896,3038,30842,1986,28032,1934,24296,1802,1640,80,72,102530,10387,99508,7493,82397,9618,9004,319,283,22938,1623,29004,3033,22709,3262,2861,268,124,18618,4902,28098,4251,18475,5372,4674,509,188,65485,13622,65110,8436,45429,11245,10108,604,520,112204,32459,112571,21014,65618,25939,24410,451,966,48997,1199,38479,3556,30683,4240,3924,160,154,23983,3734,15267,2184,10456,2627,2485,69,73,6867,6153,8990,1302,5824,1864,1633,135,96,93436,10574,99191,7481,79666,12044,10880,706,456,14248,2624,33630,2627,27603,3400,2939,207,254,72646,8154,61605,7870,44584,9151,8124,330,368,36987,2747,42827,2889,36088,3850,3430,97,319,15967,3692,17431,2175,12827,2429,2098,159,172,59527,2623,47667,3884,40054,3729,3472,141,116,28790,6077,29972,4998,19590,5384,3933,602,306,42827,4900,61990,5843,50609,5538,4383,64,172,80926,5828,49520,3591,42621,3308,3064,113,123,58752,1605,46467,4121,38668,3678,3459,98,119,23160,1033,12246,1693,8847,1706,1119,443,126,34186,6878,47735,7698,31184,8853,7855,644,350,37324,6478,28673,3021,22920,2732,2494,96,142,19752,3261,23548,2155,19154,2239,1841,317,78,2255388,272183,1756375,169396,1388376,198603,177787,8859,9935
2021-01-18,35044,7448,20209,1812,15841,2556,2364,25,166,27728,29578,41200,7384,27786,6030,5414,216,381,37123,957,21361,957,19239,1165,1035,53,75,13848,4324,8301,1063,6110,1128,976,110,42,60389,8607,58555,5365,47878,5312,5060,119,133,8530,1843,9032,950,6749,1333,1024,115,192,9487,31053,8697,1307,5820,1570,1408,71,91,26798,2855,41446,6058,30234,5154,4278,644,231,1004705,43762,529040,31699,456659,40682,36713,902,3063,31061,2045,28172,1945,24415,1812,1649,80,71,103306,10537,100643,7592,83307,9744,9119,323,287,23221,1625,29301,3050,22965,3286,2885,272,120,18831,4938,28357,4297,18653,5407,4708,513,185,66073,13689,65965,8568,46044,11353,10202,614,522,113110,32528,113753,21164,66471,26118,24585,451,970,49514,1215,38836,3593,30936,4307,3985,166,154,24844,3758,15654,2214,10799,2641,2499,69,73,6913,6192,9074,1315,5880,1879,1648,135,95,94534,10579,100289,7558,80602,12129,10956,712,459,14332,2634,33906,2642,27843,3421,2953,210,258,73117,8217,62322,7942,45159,9221,8188,339,365,37493,2759,43648,2927,36835,3886,3465,98,320,16146,3697,17522,2187,12905,2430,2102,160,168,60147,2630,48193,3908,40519,3766,3505,143,118,29047,6094,30196,5015,19759,5422,3955,613,311,43320,4904,62463,5883,51016,5564,4405,66,173,81933,5843,49969,3601,43039,3329,3083,113,126,59110,1613,46835,4142,38992,3701,3481,97,121,23381,1040,12420,1712,8973,1735,1137,454,125,34502,6906,48073,7737,31417,8919,7911,647,356,37634,6486,28770,3037,23001,2732,2495,95,142,19891,3264,23706,2173,19283,2250,1852,318,78,2285112,273620,1775908,170797,1405129,199982,179040,8943,9971
2021-01-19,35347,7485,20435,1827,16034,2574,2383,25,165,28132,29617,41405,7423,27949,6033,5418,216,382,37665,957,21629,970,19482,1177,1042,55,77,13977,4330,8327,1065,6133,1129,976,110,43,60794,8651,59009,5404,48265,5340,5091,117,132,8613,1852,9109,961,6812,1336,1027,116,191,9587,31186,8728,1318,5843,1567,1408,71,88,26981,2862,41578,6079,30327,5172,4288,646,236,1022517,44135,536355,32008,463401,40946,36955,908,3077,31309,2087,28333,1954,24570,1809,1648,80,70,103900,10701,101741,7686,84181,9874,9242,326,284,23474,1630,29620,3076,23222,3322,2916,274,121,19017,4966,28607,4335,18819,5453,4739,518,194,66588,13774,66713,8682,46580,11451,10295,622,518,114005,32585,114898,21356,67312,26230,24688,452,978,49970,1224,39151,3635,31169,4347,4022,166,157,25877,3776,16081,2238,11167,2676,2535,71,70,6973,6229,9187,1328,5951,1908,1674,136,97,95601,10584,101428,7637,81554,12237,11064,711,460,14482,2636,34257,2664,28166,3427,2962,213,252,73619,8257,62989,8019,45684,9286,8257,341,360,38107,2766,44326,2962,37448,3916,3494,98,321,16326,3706,17638,2191,13011,2436,2102,160,174,60758,2630,48767,3945,41002,3820,3558,146,116,29283,6108,30380,5038,19900,5442,3969,615,314,43611,4913,62764,5920,51259,5585,4429,65,171,82743,5859,50332,3611,43382,3339,3091,114,127,59521,1618,47217,4165,39321,3731,3510,97,122,23894,1049,12549,1725,9066,1758,1154,459,126,34773,6929,48427,7782,31641,9004,7980,656,363,37940,6501,28924,3045,23139,2740,2502,97,141,20156,3280,23895,2184,19448,2263,1865,319,79,2315540,274883,1794799,172233,1421238,201328,180284,9000,10006
2021-01-20,35621,7512,20628,1841,16195,2592,2397,25,169,28539,29670,41613,7467,28099,6047,5445,218,370,38047,970,21862,981,19696,1185,1052,55,75,14163,4337,8360,1066,6165,1129,976,110,43,61245,8666,59390,5450,48581,5359,5113,117,129,8685,1866,9198,964,6884,1350,1038,117,192,9657,31313,8770,1324,5877,1569,1412,71,86,27188,2871,41702,6087,30430,5185,4301,646,236,1039338,44552,542893,32331,469412,41150,37158,911,3075,31487,2119,28471,1960,24694,1817,1656,81,67,104498,10909,102763,7798,85020,9945,9300,333,287,23716,1633,29920,3100,23477,3343,2935,275,121,19194,4997,28853,4383,18992,5478,4762,521,193,67116,13819,67469,8803,47112,11554,10386,630,521,114934,32656,116027,21531,68166,26330,24790,451,977,50489,1232,39442,3693,31379,4370,4047,168,153,27228,3789,16628,2265,11667,2696,2556,70,70,7030,6261,9295,1340,6021,1934,1698,137,98,96515,10593,102340,7718,82311,12311,11137,714,460,14610,2646,34511,2676,28377,3458,2988,216,254,74103,8292,63553,8105,46119,9329,8306,342,352,38696,2779,44986,3002,38037,3947,3528,98,319,16509,3718,17737,2199,13096,2442,2105,160,177,61272,2636,49337,3982,41511,3844,3580,145,119,29472,6119,30565,5058,20040,5467,3987,618,316,43862,4918,63049,5946,51496,5607,4452,65,170,83577,5871,50649,3621,43685,3343,3098,114,123,59808,1626,47543,4187,39592,3764,3542,98,122,24314,1054,12708,1751,9180,1777,1173,462,126,35033,6959,48732,7832,31826,9074,8038,667,362,38214,6524,29100,3057,23295,2748,2509,97,142,20351,3297,24050,2196,19571,2283,1881,321,81,2344511,276204,1812144,173714,1436003,202427,181346,9053,9985
2021-01-21,35854,7539,20814,1850,16346,2618,2427,25,165,29057,29707,41829,7514,28260,6055,5458,222,363,38387,977,22083,988,19908,1187,1053,56,75,14269,4341,8390,1069,6191,1130,976,110,44,61682,8685,59795,5479,48930,5386,5141,116,129,8768,1871,9270,969,6945,1356,1042,117,193,9742,31433,8802,1331,5899,1572,1414,71,87,27345,2873,41816,6100,30516,5200,4316,650,232,1056573,44944,549271,32629,475268,41374,37366,915,3085,31692,2139,28600,1969,24807,1824,1660,82,66,105064,11044,103767,7889,85794,10084,9431,339,291,23952,1635,30184,3119,23686,3379,2971,276,120,19368,5020,29102,4424,19148,5530,4800,530,199,67593,13878,68157,8918,47606,11633,10457,634,523,115868,32714,117149,21694,69002,26453,24904,451,986,50949,1245,39711,3750,31560,4401,4080,164,155,28503,3798,17075,2296,12072,2707,2569,70,68,7102,6295,9407,1352,6093,1962,1726,137,98,97242,10602,103198,7802,83017,12379,11202,716,461,14709,2660,34753,2702,28588,3463,2999,214,250,74579,8342,64151,8197,46572,9382,8359,345,349,39311,2800,45651,3036,38639,3976,3558,98,317,16637,3732,17855,2206,13200,2449,2113,162,174,61826,2646,49855,4023,41973,3859,3596,144,119,29692,6134,30751,5084,20178,5489,4002,624,317,44126,4922,63368,5974,51772,5622,4469,65,169,84413,5882,50991,3635,44005,3351,3106,114,123,60084,1634,47859,4207,39864,3788,3565,98,123,24573,1060,12821,1769,9255,1797,1188,467,126,35283,6989,49055,7884,32050,9121,8078,669,367,38516,6545,29226,3067,23406,2753,2518,97,138,20536,3308,24232,2206,19719,2307,1899,323,83,2373295,277394,1828988,175132,1450269,203587,182443,9101,9995
2021-01-22,36090,7551,20976,1862,16493,2621,2430,25,165,29378,29743,42032,7547,28421,6064,5469,222,361,38769,981,22346,1003,20152,1191,1056,57,75,14454,4347,8429,1070,6227,1132,978,110,44,62064,8700,60164,5524,49236,5404,5160,116,128,8841,1884,9338,975,7003,1360,1046,118,193,9831,31501,8832,1335,5916,1581,1420,71,90,27481,2876,41912,6105,30574,5233,4340,652,239,1074811,45277,555615,32927,481103,41585,37564,913,3102,31901,2154,28723,1980,24921,1822,1661,83,64,105572,11174,104610,7983,86471,10156,9502,339,295,24193,1635,30389,3147,23845,3397,2984,279,122,19615,5052,29357,4478,19317,5562,4828,535,198,68028,13916,68765,9027,48049,11689,10513,636,521,116816,32778,118163,21865,69733,26565,25001,454,998,51535,1268,39981,3808,31729,4444,4124,167,152,30146,3809,17543,2323,12505,2715,2578,67,70,7168,6316,9504,1368,6158,1978,1743,136,98,97973,10612,104120,7862,83791,12467,11282,718,467,14819,2674,34980,2723,28774,3483,3015,217,251,75066,8390,64743,8273,47011,9459,8434,344,350,39958,2803,46292,3067,39205,4020,3600,97,321,16809,3734,17984,2207,13314,2463,2118,163,182,62374,2656,50353,4043,42429,3881,3615,145,121,29913,6155,30958,5104,20348,5506,4016,627,314,44369,4927,63651,5999,52029,5623,4468,66,170,85248,5901,51345,3648,44343,3354,3112,114,120,60354,1645,48209,4230,40163,3816,3590,99,125,24832,1060,12930,1788,9333,1809,1195,473,125,35551,7011,49385,7946,32270,9169,8118,671,373,38764,6557,29352,3081,23513,2758,2526,97,135,20685,3330,24371,2221,19832,2318,1913,322,81,2403408,278417,1845352,176519,1464208,204625,183399,9133,10050
2021-01-23,36192,7571,21047,1874,16538,2635,2443,25,166,29436,29763,42116,7571,28469,6076,5474,222,368,38868,983,22461,1007,20261,1193,1059,57,74,14471,4348,8446,1073,6238,1135,982,110,43,62229,8713,60305,5555,49317,5433,5191,116,126,8859,1884,9366,977,7019,1370,1053,119,194,9854,31580,8840,1341,5918,1581,1420,71,90,27535,2885,41967,6118,30614,5235,4345,650,238,1084574,45771,559194,33218,484252,41724,37702,916,3100,31934,2157,28754,1991,24942,1821,1659,84,65,105787,11216,105043,8090,86755,10198,9553,339,285,24228,1638,30472,3164,23897,3411,2999,281,119,19664,5060,29479,4524,19380,5575,4840,533,201,68186,13929,69063,9138,48160,11765,10578,642,526,116989,32822,118536,22049,69829,26658,25090,455,1001,51846,1273,40103,3856,31764,4483,4163,167,152,31458,3834,18011,2355,12936,2720,2581,66,73,7197,6342,9566,1388,6194,1984,1748,133,102,98374,10616,104575,7915,84106,12554,11356,727,471,14868,2675,35120,2749,28888,3483,3022,214,247,75351,8422,65155,8353,47322,9480,8455,348,346,40178,2807,46577,3104,39415,4058,3637,97,322,16915,3738,18093,2210,13412,2471,2126,163,182,62780,2656,50608,4072,42633,3903,3636,146,121,30010,6165,31036,5126,20392,5518,4030,626,312,44522,4930,63818,6022,52154,5642,4485,64,175,85687,5913,51585,3656,44564,3365,3121,115,120,60470,1656,48367,4251,40286,3830,3605,98,125,24886,1064,12986,1807,9361,1818,1199,480,125,35672,7026,49560,7984,32357,9219,8173,667,372,38876,6566,29418,3088,23559,2771,2538,97,136,20733,3331,24448,2232,19880,2336,1925,327,83,2418629,279334,1854115,177858,1470812,205445,184188,9155,10060
2021-01-24,36261,7577,21101,1887,16570,2644,2446,26,171,29469,29774,42182,7611,28493,6078,5483,223,361,38920,984,22515,1016,20299,1200,1066,57,75,14482,4349,8458,1075,6245,1138,983,110,45,62369,8722,60429,5588,49394,5447,5204,117,126,8882,1907,9405,984,7049,1372,1054,118,195,9908,31648,8856,1349,5927,1580,1421,71,88,27575,2887,42004,6127,30629,5248,4357,649,240,1086845,45874,560457,33508,485070,41879,37837,923,3111,31961,2160,28775,1998,24952,1825,1660,86,67,105913,11238,105337,8196,86890,10251,9598,341,291,24261,1642,30543,3196,23943,3404,2994,280,118,19729,5086,29638,4575,19452,5611,4870,540,200,68306,13943,69351,9261,48271,11819,10626,647,528,117129,32849,118830,22223,69898,26709,25143,455,999,51974,1277,40205,3912,31798,4495,4174,170,150,31484,3839,18064,2389,12956,2719,2583,62,74,7208,6346,9604,1407,6208,1989,1754,133,101,98660,10620,104863,7989,84281,12593,11392,726,475,14900,2681,35233,2768,28972,3493,3031,211,251,75476,8435,65424,8420,47462,9542,8516,348,348,40355,2808,46782,3131,39571,4080,3659,96,322,16969,3740,18131,2219,13438,2474,2130,163,181,62917,2659,50780,4101,42769,3910,3640,148,122,30063,6170,31121,5150,20443,5528,4031,627,318,44634,4935,63911,6047,52218,5646,4491,64,173,85791,5917,51662,3664,44627,3371,3126,115,121,60537,1659,48482,4279,40363,3840,3611,100,127,25004,1066,13046,1824,9395,1827,1206,482,125,35753,7037,49696,8024,32413,9259,8217,665,372,38964,6581,29478,3096,23599,2783,2548,98,137,20784,3332,24479,2252,19896,2331,1918,329,83,2423483,279742,1858842,179266,1473491,206085,184769,9180,10095
2021-01-25,36585,7623,21303,1905,16742,2656,2459,26,170,29850,29800,42366,7645,28632,6089,5490,224,364,39155,991,22802,1023,20557,1222,1084,57,79,14558,4350,8502,1075,6281,1146,989,110,47,62781,8891,60797,5640,49706,5451,5206,119,126,8952,1915,9464,990,7097,1377,1061,118,193,10001,31810,8897,1353,5957,1587,1428,72,87,27708,2892,42141,6144,30737,5260,4369,648,241,1104262,46057,567156,33838,491285,42033,37998,926,3101,32219,2172,28938,2005,25089,1844,1679,87,65,106541,11406,106336,8296,87700,10340,9673,352,292,24563,1648,30854,3217,24190,3447,3029,282,124,19962,5121,29902,4620,19635,5647,4893,548,205,68829,14010,70124,9374,48828,11922,10719,654,534,118102,32924,119968,22381,70771,26816,25249,458,997,52578,1288,40542,3964,32044,4534,4206,172,155,33055,3868,18778,2429,13612,2737,2600,63,74,7263,6369,9704,1428,6273,2003,1764,133,105,99574,10628,105819,8075,85086,12658,11461,723,474,15038,2694,35503,2794,29208,3501,3040,209,252,76032,8481,66031,8488,47924,9619,8584,351,352,41007,2819,47426,3162,40140,4124,3701,96,324,17159,3749,18261,2229,13542,2490,2142,164,184,63528,2671,51358,4137,43280,3941,3671,147,123,30267,6184,31333,5180,20607,5546,4042,633,316,44942,4944,64247,6072,52508,5667,4513,64,172,86760,5930,52086,3672,45024,3390,3145,115,121,60954,1674,48838,4303,40675,3860,3629,101,128,25249,1078,13149,1841,9465,1843,1219,483,126,36011,7068,50013,8080,32624,9309,8259,668,376,39254,6600,29620,3105,23723,2792,2559,97,136,20910,3340,24637,2269,20020,2348,1931,331,85,2453649,280995,1876895,180734,1488962,207199,185792,9231,10128
2021-01-26,36898,7664,21466,1919,16882,2665,2468,26,170,30265,29839,42603,7672,28817,6114,5514,224,364,39558,996,23046,1033,20783,1230,1089,59,80,14652,4359,8535,1076,6313,1146,989,110,47,63332,8913,61231,5678,50092,5461,5216,120,125,9012,1920,9505,998,7131,1376,1061,118,192,10113,31917,8945,1365,5992,1588,1431,73,84,27865,2899,42258,6155,30835,5268,4377,648,241,1121970,46385,573797,34183,497449,42165,38153,929,3075,32463,2187,29083,2016,25220,1847,1681,87,68,107032,11679,107281,8411,88479,10391,9722,349,299,24824,1649,31079,3246,24377,3456,3041,282,121,20165,5150,30124,4661,19781,5682,4924,554,203,69339,14079,70769,9468,49268,12033,10817,666,535,119153,32984,120955,22536,71496,26923,25347,461,1003,53129,1290,40828,4026,32223,4579,4256,169,152,34827,3937,19368,2466,14154,2748,2609,66,73,7319,6408,9796,1440,6326,2030,1788,133,108,100426,10644,106747,8143,85862,12742,11537,727,478,15265,2705,35776,2807,29440,3529,3064,210,255,76607,8518,66636,8548,48367,9721,8677,354,358,41649,2875,48065,3187,40738,4140,3712,97,329,17338,3759,18380,2235,13645,2500,2152,164,184,64174,2675,51927,4174,43787,3966,3694,148,124,30513,6200,31515,5213,20747,5555,4045,636,317,45164,4949,64459,6090,52687,5682,4529,63,172,87798,5950,52396,3686,45320,3390,3145,115,122,61336,1683,49148,4325,40954,3869,3638,100,129,25546,1080,13241,1859,9531,1851,1225,486,126,36334,7112,50326,8131,32833,9362,8313,670,374,39601,6617,29768,3117,23853,2798,2564,99,135,21142,3340,24826,2280,20190,2356,1937,334,84,2484809,282362,1893879,182144,1503572,208163,186715,9277,10127
2021-01-27,37239,7699,21591,1933,16986,2672,2474,25,172,30694,29874,42774,7703,28957,6114,5518,224,360,39893,999,23260,1037,20976,1247,1102,62,81,14781,4375,8569,1078,6342,1149,992,110,47,63816,8936,61560,5701,50373,5486,5234,126,126,9063,1925,9567,1002,7183,1382,1065,118,194,10239,32021,8989,1372,6027,1590,1433,73,84,28037,2908,42363,6172,30911,5280,4388,650,240,1139961,46599,579491,34451,502680,42360,38335,934,3085,32711,2271,29193,2031,25321,1841,1679,87,66,107623,11857,108021,8512,89082,10427,9765,348,294,25065,1653,31308,3275,24561,3472,3056,284,119,20395,5180,30390,4711,19971,5708,4942,558,207,69795,14191,71387,9577,49710,12100,10880,675,529,120202,33032,121974,22681,72238,27055,25472,462,1009,53597,1296,41031,4085,32355,4591,4270,170,148,36939,3979,19855,2491,14602,2762,2624,66,72,7377,6466,9892,1457,6388,2047,1806,132,108,101315,10654,107520,8210,86538,12772,11569,728,475,15385,2715,36024,2828,29640,3556,3089,212,255,77158,8562,67174,8623,48766,9785,8731,358,364,42249,2897,48631,3211,41246,4174,3746,97,329,17511,3763,18471,2240,13724,2507,2159,165,183,64808,2686,52412,4208,44211,3993,3718,149,126,30716,6210,31693,5228,20886,5579,4064,637,321,45407,4953,64677,6118,52855,5704,4553,63,170,88852,5955,52673,3698,45581,3394,3149,115,122,61655,1707,49404,4344,41171,3889,3656,101,130,25836,1083,13371,1881,9618,1872,1237,490,128,36936,7141,50576,8177,32993,9406,8357,672,372,39911,6637,29917,3129,23981,2807,2574,99,134,21351,3348,24994,2293,20320,2381,1956,335,88,2516517,283572,1908752,183457,1516193,209102,187593,9325,10138
2021-01-28,37548,7736,21725,1948,17099,2678,2483,25,169,31044,29903,42953,7722,29091,6140,5539,224,365,40246,1008,23448,1043,21154,1251,1106,62,80,14840,4382,8592,1079,6364,1149,992,110,47,64227,8949,61915,5724,50685,5506,5254,126,126,9108,1927,9620,1010,7224,1386,1070,118,192,10386,32142,9032,1379,6063,1590,1434,73,83,28169,2911,42465,6185,30992,5288,4398,651,237,1156974,46785,584755,34707,507518,42530,38490,939,3095,32945,2281,29297,2040,25410,1847,1683,89,68,108211,11999,108873,8591,89788,10494,9830,349,297,25387,1657,31572,3298,24783,3491,3072,287,119,20573,5203,30566,4747,20081,5738,4971,561,204,70212,14306,71918,9675,50080,12163,10932,676,537,121107,33083,122947,22825,72967,27155,25572,464,1007,54254,1310,41258,4141,32493,4624,4300,170,151,39267,4027,20337,2522,15029,2786,2648,65,73,7441,6516,9971,1466,6431,2074,1833,131,109,102126,10657,108268,8290,87163,12815,11613,731,471,15501,2730,36246,2857,29835,3554,3089,215,250,77702,8603,67631,8689,49118,9824,8768,361,363,42803,2927,49164,3245,41720,4199,3768,97,332,17680,3776,18589,2247,13825,2517,2168,165,184,65344,2689,52822,4246,44566,4010,3738,149,123,30942,6221,31843,5256,20999,5588,4069,641,321,45682,4958,64883,6142,53031,5710,4559,62,170,89854,5968,52923,3708,45824,3391,3146,115,122,61964,1719,49673,4360,41410,3903,3667,100,134,26005,1086,13479,1897,9695,1887,1253,489,128,37228,7158,50817,8214,33155,9448,8394,674,376,40198,6653,30070,3140,24109,2821,2589,100,132,21516,3354,25142,2306,20436,2400,1973,336,89,2546484,284624,1922794,184699,1528138,209957,188401,9355,10154
2021-01-29,37759,7762,21828,1962,17184,2682,2488,25,168,31363,29929,43072,7754,29181,6137,5543,223,358,40498,1008,23615,1057,21304,1254,1111,62,78,14999,4389,8640,1082,6408,1150,992,110,48,64650,8961,62201,5757,50926,5518,5266,126,126,9149,1929,9682,1016,7273,1393,1075,118,194,10506,32244,9086,1386,6111,1589,1434,73,82,28315,2915,42534,6199,31042,5293,4403,652,235,1173346,47074,589662,34966,511959,42737,38688,940,3105,33104,2282,29382,2050,25485,1847,1685,90,67,108747,12140,109652,8667,90431,10554,9889,352,293,25635,1660,31797,3321,24963,3513,3087,291,120,20741,5228,30752,4784,20214,5754,4995,558,200,70553,14391,72379,9798,50349,12232,10992,680,544,121891,33131,123726,22983,73530,27213,25624,464,1013,54735,1314,41430,4186,32589,4655,4331,170,151,41437,4053,20735,2549,15386,2800,2661,66,73,7502,6563,10014,1482,6456,2076,1835,131,109,102919,10660,108830,8333,87616,12881,11676,733,472,15578,2737,36417,2870,29981,3566,3101,215,250,78218,8635,68070,8760,49459,9851,8798,362,359,43218,2935,49551,3279,42059,4213,3791,97,324,17810,3781,18699,2255,13918,2526,2180,165,181,65892,2691,53219,4274,44908,4037,3762,149,126,31115,6234,31984,5285,21108,5591,4071,645,318,45924,4971,65118,6166,53224,5728,4574,63,172,90783,5975,53144,3715,46027,3402,3155,114,125,62301,1730,49864,4385,41572,3907,3671,100,134,26232,1093,13561,1907,9765,1889,1257,489,128,37564,7168,51046,8246,33295,9505,8437,679,384,40474,6676,30183,3150,24211,2822,2592,99,131,21658,3361,25253,2317,20531,2405,1977,338,88,2574616,285620,1935126,185941,1538465,210720,189141,9379,10156
2021-01-30,37813,7767,21862,1977,17208,2677,2483,26,167,31441,29934,43132,7784,29221,6127,5537,225,354,40553,1009,23681,1062,21364,1255,1110,62,80,15020,4389,8648,1084,6415,1149,992,110,47,64790,8967,62316,5787,50996,5533,5281,126,126,9185,1933,9706,1023,7291,1392,1075,118,194,10534,32313,9117,1390,6134,1593,1440,73,80,28365,2915,42584,6211,31063,5310,4417,654,237,1181974,47273,592491,35264,514402,42825,38781,942,3098,33127,2282,29393,2058,25489,1846,1684,90,67,108941,12153,109991,8752,90656,10583,9920,349,295,25690,1661,31864,3341,25006,3517,3095,289,118,20794,5235,30858,4827,20265,5766,5004,559,202,70687,14405,72586,9905,50405,12276,11035,681,544,122105,33163,124016,23117,73620,27279,25677,469,1021,54866,1319,41506,4229,32608,4669,4347,168,151,43362,4063,21171,2569,15776,2826,2687,66,73,7528,6597,10054,1494,6472,2088,1849,131,107,103302,10661,109220,8377,87909,12934,11732,731,471,15606,2737,36555,2877,30091,3587,3116,219,252,78526,8648,68421,8822,49697,9902,8849,363,359,43468,2952,49779,3314,42242,4223,3804,97,321,17884,3784,18762,2265,13969,2528,2183,165,180,66158,2692,53423,4307,45075,4041,3769,148,124,31172,6245,32052,5309,21139,5604,4076,650,321,46038,4972,65229,6183,53324,5722,4572,63,169,91224,5985,53273,3727,46146,3400,3157,114,120,62404,1734,49970,4407,41646,3917,3684,99,132,26349,1095,13594,1923,9780,1891,1258,491,129,37665,7177,51154,8293,33336,9525,8450,684,386,40615,6689,30220,3163,24237,2820,2588,100,132,21716,3362,25302,2330,20561,2411,1981,339,89,2588902,286111,1941930,187171,1543543,211216,189633,9401,10146
2021-01-31,37855,7772,21896,1985,17222,2689,2494,26,168,31489,29939,43181,7806,29240,6135,5546,225,353,40580,1009,23723,1068,21392,1263,1116,62,82,15022,4389,8661,1086,6422,1153,995,110,48,64883,8971,62393,5804,51047,5542,5289,126,127,9199,1933,9722,1025,7298,1399,1081,118,195,10551,32394,9142,1394,6150,1598,1446,73,79,28403,2917,42623,6223,31081,5319,4423,654,240,1183722,47389,593446,35529,515030,42887,38846,949,3086,33157,2283,29422,2070,25507,1845,1685,90,64,109045,12174,110291,8836,90842,10613,9950,347,299,25737,1663,31946,3368,25060,3518,3096,290,117,20819,5242,30962,4864,20303,5795,5029,560,205,70776,14437,72759,9987,50461,12311,11075,682,537,122274,33188,124323,23280,73696,27347,25743,471,1021,55012,1320,41588,4272,32627,4689,4368,166,152,43368,4068,21208,2587,15777,2844,2705,66,73,7541,6603,10083,1505,6481,2097,1860,130,106,103472,10661,109412,8432,87998,12982,11783,731,468,15626,2744,36635,2890,30135,3610,3134,221,255,78638,8657,68636,8874,49813,9949,8889,365,363,43630,2954,49979,3345,42408,4226,3809,97,319,17913,3789,18787,2272,13984,2531,2188,167,176,66241,2692,53531,4340,45145,4046,3775,149,122,31214,6252,32110,5338,21164,5608,4077,654,320,46155,4975,65308,6206,53385,5717,4569,63,167,91275,6017,53320,3737,46179,3404,3162,114,119,62521,1744,50054,4424,41706,3924,3690,99,133,26379,1097,13637,1936,9792,1909,1274,494,131,37726,7181,51264,8346,33363,9555,8479,684,388,40700,6702,30255,3174,24262,2819,2588,100,131,21748,3364,25330,2339,20577,2414,1984,341,87,2592671,286520,1945627,188342,1545547,211738,190148,9424,10131
2021-02-01,38171,7783,21951,2005,17249,2697,2504,26,166,31578,29949,43239,7833,29276,6130,5550,225,345,40621,1010,23785,1080,21435,1270,1122,62,83,15032,4390,8667,1087,6426,1154,996,110,48,65016,8979,62491,5831,51109,5551,5299,125,127,9226,1937,9753,1031,7322,1400,1084,117,194,10568,32489,9163,1398,6160,1605,1452,73,80,28447,2918,42669,6232,31110,5327,4430,655,240,1187212,47479,594796,35809,516022,42965,38915,954,3091,33162,2284,29432,2074,25510,1848,1689,90,64,109200,12197,110658,8938,91095,10625,9968,349,294,25804,1667,32021,3388,25112,3521,3098,290,118,20864,5250,31037,4901,20332,5804,5041,557,205,70907,14497,73016,10075,50583,12358,11107,694,543,122453,33210,124582,23443,73778,27361,25765,470,1014,55212,1324,41700,4314,32659,4727,4396,176,152,43392,4073,21252,2621,15787,2844,2708,65,71,7550,6605,10108,1516,6487,2105,1866,130,108,103712,10662,109658,8502,88175,12981,11784,730,467,15663,2751,36773,2915,30253,3605,3132,220,253,78848,8679,68886,8946,49965,9975,8917,366,362,43798,2979,50158,3383,42541,4234,3819,98,316,17949,3793,18824,2278,14006,2540,2197,167,176,66433,2695,53717,4386,45280,4051,3780,149,122,31241,6265,32160,5360,21173,5627,4090,657,322,46226,4977,65417,6230,53462,5725,4576,63,168,91729,6025,53499,3746,46350,3403,3162,115,117,62621,1752,50157,4435,41793,3929,3695,99,133,26431,1099,13699,1953,9824,1922,1279,500,133,37787,7188,51387,8378,33408,9601,8517,685,395,40783,6707,30299,3184,24292,2823,2595,99,129,21808,3366,25394,2353,20622,2419,1985,344,88,2599444,286979,1950348,189625,1548596,212127,190518,9460,10124
2021-02-02,38421,7842,22098,2021,17378,2699,2506,26,166,31963,29984,43407,7862,29416,6129,5547,225,347,40905,1013,24023,1087,21659,1277,1128,63,83,15138,4396,8692,1088,6447,1157,1000,110,47,65492,8996,62776,5863,51344,5569,5317,125,127,9276,1943,9819,1036,7372,1411,1095,117,195,10686,32605,9198,1401,6185,1612,1459,73,80,28667,2922,42786,6249,31194,5343,4445,655,240,1202995,47733,599931,36056,520752,43123,39064,950,3103,33375,2294,29586,2079,25643,1864,1703,90,65,109805,12269,111481,9014,91767,10700,10041,350,294,26184,1669,32291,3406,25342,3543,3110,294,122,21013,5268,31198,4946,20442,5810,5044,558,207,71294,14598,73457,10174,50881,12402,11149,694,545,123294,33252,125546,23591,74512,27443,25844,472,1015,55771,1324,41904,4370,32783,4751,4415,175,158,45076,4327,21767,2642,16265,2860,2724,65,71,7604,6645,10149,1537,6511,2101,1867,130,103,104537,10671,110228,8559,88642,13027,11833,731,463,15765,2756,36991,2939,30439,3613,3141,218,254,79246,8707,69328,9012,50275,10041,8969,370,372,44256,3017,50591,3414,42933,4244,3830,98,315,18076,3802,18918,2287,14084,2547,2204,169,174,66957,2702,54115,4419,45616,4080,3804,149,127,31437,6276,32295,5376,21277,5642,4102,658,321,46496,4983,65675,6260,53686,5729,4582,64,165,92509,6043,53744,3757,46580,3407,3166,116,115,62983,1764,50345,4459,41949,3937,3703,97,134,26597,1114,13816,1967,9914,1935,1286,503,134,38153,7213,51647,8436,33576,9635,8549,687,396,41046,6741,30465,3192,24441,2832,2603,99,130,21978,3368,25533,2373,20739,2421,1992,341,87,2626995,288237,1963800,190872,1560044,212884,191222,9472,10155
2021-02-03,38598,7875,22210,2026,17468,2716,2521,26,168,32310,30012,43546,7886,29529,6131,5552,225,347,41165,1015,24241,1102,21860,1279,1130,65,81,15252,4407,8720,1089,6474,1157,999,110,48,65928,9004,62995,5881,51526,5588,5334,126,128,9325,1945,9872,1042,7415,1415,1099,117,195,10774,32692,9225,1407,6206,1612,1460,73,79,28844,2930,42882,6265,31269,5348,4449,655,240,1217618,47903,604382,36311,524824,43247,39174,957,3109,33607,2303,29707,2090,25751,1866,1704,91,65,110355,12353,112240,9085,92393,10762,10095,352,298,26514,1674,32458,3433,25466,3559,3125,296,121,21139,5279,31345,4986,20526,5833,5066,562,205,71641,14686,73929,10261,51186,12482,11212,693,563,123901,33305,126285,23727,75041,27517,25917,474,1014,56314,1329,42081,4410,32901,4770,4431,175,162,46686,4612,22203,2664,16667,2872,2737,65,70,7650,6673,10210,1547,6541,2122,1890,130,101,105325,10680,110735,8614,89043,13078,11887,731,460,15895,2765,37210,2956,30623,3631,3153,220,258,79660,8729,69759,9080,50605,10074,8990,375,379,44662,3028,51039,3446,43325,4268,3853,97,317,18187,3811,18993,2294,14149,2550,2202,170,178,67549,2704,54456,4446,45913,4097,3817,148,132,31591,6285,32432,5395,21383,5654,4111,661,321,46770,4986,65882,6287,53863,5732,4587,64,163,93348,6057,54013,3763,46836,3414,3172,116,116,63205,1772,50550,4478,42129,3943,3712,97,131,26727,1117,13916,1978,9991,1947,1298,505,132,38400,7236,51863,8478,33711,9674,8585,686,400,41292,6767,30586,3200,24543,2843,2612,99,132,22154,3370,25679,2393,20862,2424,1995,342,86,2652386,289304,1975644,192020,1570019,213605,191869,9503,10199
2021-02-04,38806,7896,22309,2043,17553,2713,2520,26,166,32644,30022,43668,7902,29623,6143,5560,225,350,41454,1017,24431,1111,22039,1281,1134,65,79,15315,4411,8735,1093,6484,1158,1002,110,46,66315,9016,63212,5906,51710,5596,5341,126,129,9387,1948,9917,1051,7453,1413,1101,117,192,10862,32803,9234,1410,6213,1611,1459,73,79,29045,2939,42960,6276,31328,5356,4458,655,239,1231874,48094,608569,36529,528684,43356,39295,956,3099,33837,2311,29795,2100,25831,1864,1703,89,66,110973,12387,112980,9164,93001,10815,10153,358,290,26947,1675,32688,3450,25656,3582,3144,299,122,21293,5292,31474,5020,20614,5840,5074,563,203,71935,14764,74289,10345,51420,12524,11244,699,566,124481,33352,126939,23834,75497,27608,26007,476,1013,56753,1333,42234,4453,32994,4787,4447,176,162,48526,4656,22649,2689,17076,2884,2749,65,70,7684,6707,10249,1561,6559,2129,1900,130,98,106070,10689,111224,8671,89439,13114,11921,731,462,15998,2766,37411,2971,30791,3649,3170,222,257,80051,8753,70118,9139,50868,10111,9029,376,378,45093,3032,51458,3474,43700,4284,3868,97,318,18280,3820,19073,2296,14215,2562,2210,172,180,68211,2705,54750,4474,46165,4111,3823,151,137,31770,6299,32548,5406,21468,5674,4127,665,319,47154,4987,66062,6317,54015,5730,4587,64,162,94120,6072,54235,3768,47050,3417,3174,116,117,63480,1783,50715,4508,42271,3936,3703,96,133,26816,1119,14030,2003,10083,1944,1295,507,132,38624,7258,52049,8524,33830,9695,8611,686,396,41526,6786,30679,3207,24619,2853,2624,98,131,22352,3372,25820,2405,20985,2430,2000,343,87,2677676,290064,1986504,193100,1579234,214170,192433,9532,10178
2021-02-05,38980,7915,22405,2060,17634,2711,2520,26,164,32935,30038,43766,7925,29699,6142,5565,225,344,41693,1019,24597,1120,22197,1280,1135,64,78,15504,4424,8753,1094,6496,1163,1008,110,45,66654,9025,63431,5928,51899,5604,5350,126,128,9427,1948,9975,1058,7504,1413,1099,117,194,10952,32993,9257,1411,6227,1619,1464,73,82,29162,2947,43042,6289,31387,5366,4471,655,236,1246324,48413,612544,36738,532308,43498,39427,963,3102,34006,2314,29865,2108,25883,1874,1712,89,67,111629,12431,113747,9241,93651,10855,10199,360,283,27313,1677,32866,3466,25796,3604,3161,300,126,21418,5306,31587,5063,20687,5837,5067,562,208,72209,14799,74588,10416,51622,12550,11275,696,564,125023,33407,127550,23941,75927,27682,26075,476,1019,57256,1334,42366,4496,33058,4812,4474,174,162,50469,4684,23076,2708,17470,2898,2763,65,70,7718,6749,10291,1579,6583,2129,1902,130,96,106766,10699,111641,8730,89767,13144,11951,734,459,16069,2766,37612,2990,30950,3672,3194,222,256,80428,8773,70478,9201,51139,10138,9052,377,381,45506,3056,51831,3499,44037,4295,3881,97,316,18392,3829,19146,2303,14281,2562,2214,172,176,68740,2709,54984,4507,46351,4126,3837,151,138,31936,6312,32663,5422,21557,5684,4140,663,317,47457,4989,66252,6330,54181,5741,4597,65,162,94941,6077,54457,3776,47256,3425,3179,116,119,63719,1789,50876,4519,42409,3948,3714,98,132,27024,1120,14154,2014,10183,1957,1307,508,131,38863,7267,52196,8565,33917,9714,8627,687,398,41766,6812,30753,3222,24673,2858,2630,98,130,22480,3376,25936,2416,21083,2437,2003,347,86,2702759,290997,1996685,194135,1587812,214738,192993,9546,10169
2021-02-06,39065,7919,22438,2076,17648,2714,2526,26,161,33005,30042,43807,7948,29726,6133,5565,225,338,41778,1021,24668,1131,22259,1278,1135,64,76,15516,4427,8757,1098,6497,1162,1006,110,46,66773,9032,63487,5958,51938,5591,5337,126,128,9451,1948,10003,1065,7523,1415,1098,117,197,11012,33091,9263,1413,6229,1621,1466,73,82,29218,2949,43087,6304,31417,5366,4469,655,238,1253428,48547,614815,36946,534255,43614,39544,965,3099,34031,2314,29882,2110,25896,1876,1714,89,67,111809,12452,114095,9315,93895,10885,10231,363,279,27404,1681,32935,3480,25840,3615,3172,300,126,21453,5318,31653,5102,20712,5839,5061,566,212,72295,14822,74737,10479,51673,12585,11306,697,567,125160,33438,127756,24064,75988,27704,26102,475,1015,57413,1339,42445,4534,33080,4831,4496,174,159,51885,4686,23343,2728,17706,2909,2773,65,71,7744,6768,10319,1593,6598,2128,1902,131,94,107080,10699,111866,8776,89931,13159,11971,733,455,16103,2766,37753,3008,31071,3674,3195,223,256,80647,8785,70732,9266,51292,10174,9089,378,379,45724,3060,52047,3524,44213,4310,3901,97,311,18427,3833,19169,2312,14296,2561,2214,172,175,69116,2710,55129,4538,46456,4135,3848,150,136,31982,6321,32722,5441,21588,5693,4150,668,311,47580,4989,66339,6344,54249,5746,4603,65,162,95332,6081,54577,3778,47366,3433,3187,116,119,63793,1791,50940,4536,42459,3945,3714,98,129,27103,1121,14211,2027,10216,1968,1310,512,136,38939,7272,52285,8616,33947,9722,8644,689,387,41869,6817,30788,3236,24697,2855,2628,98,129,22516,3377,25972,2432,21103,2437,2004,346,87,2714651,291416,2002020,195178,1591764,215078,193361,9566,10127
2021-02-07,39121,7923,22474,2085,17664,2725,2538,26,160,33059,30047,43853,7963,29746,6144,5575,226,338,41808,1021,24712,1137,22294,1281,1132,66,79,15520,4429,8760,1101,6497,1162,1007,110,45,66864,9036,63533,5969,51963,5601,5346,128,127,9471,1950,10022,1072,7536,1414,1097,117,197,11068,33175,9271,1416,6233,1622,1467,73,82,29280,2949,43120,6313,31435,5372,4473,658,237,1254813,48621,615493,37161,534669,43663,39577,967,3114,34059,2319,29901,2120,25897,1884,1725,88,68,111944,12470,114368,9385,94073,10910,10256,367,277,27430,1682,32977,3504,25855,3618,3179,299,123,21491,5322,31727,5133,20750,5844,5062,567,215,72384,14864,74869,10547,51724,12598,11326,699,558,125293,33454,127963,24181,76044,27738,26139,475,1012,57500,1339,42489,4564,33088,4837,4505,174,156,51897,4690,23388,2747,17711,2930,2792,65,73,7759,6771,10338,1600,6602,2136,1909,130,96,107290,10701,111980,8821,90008,13151,11963,732,456,16130,2770,37816,3023,31117,3676,3199,222,255,80746,8793,70885,9319,51374,10192,9108,380,376,45844,3061,52177,3552,44313,4312,3904,97,310,18457,3834,19185,2317,14302,2566,2220,173,173,69258,2711,55208,4555,46515,4138,3851,149,137,32023,6324,32776,5455,21617,5704,4162,665,312,47693,4996,66387,6360,54285,5742,4599,65,162,95407,6084,54604,3787,47387,3430,3187,115,117,63856,1793,51012,4559,42515,3938,3709,98,127,27166,1124,14277,2037,10258,1982,1318,516,139,39021,7277,52371,8658,33985,9728,8655,685,386,41943,6826,30841,3243,24730,2868,2640,98,130,22552,3377,26004,2443,21121,2440,2003,350,87,2718147,291733,2004781,196127,1593308,215346,193623,9580,10124
2021-02-08,39499,7966,22591,2092,17759,2740,2548,27,163,33449,30065,43993,7985,29866,6142,5580,226,332,42079,1025,24909,1144,22483,1282,1136,66,77,15646,4440,8787,1101,6519,1167,1012,110,45,67291,9053,63783,5983,52197,5603,5349,128,126,9542,1950,10085,1077,7587,1421,1101,119,197,11186,33354,9291,1422,6248,1621,1467,73,81,29509,2956,43240,6328,31522,5390,4486,660,238,1268317,48858,620104,37377,538934,43793,39726,966,3096,34287,2324,30022,2131,26002,1889,1728,89,70,112799,12511,115125,9449,94729,10947,10297,370,271,27728,1684,33147,3526,25983,3638,3199,301,121,21623,5333,31878,5171,20847,5860,5081,571,208,72800,14938,75217,10632,51971,12614,11349,704,547,125921,33514,128680,24312,76562,27806,26207,476,1011,57958,1344,42621,4621,33170,4830,4495,172,161,53886,4786,23782,2772,18076,2934,2795,65,74,7828,6803,10379,1613,6638,2128,1903,129,95,107996,10709,112503,8865,90433,13205,12016,731,458,16223,2778,38048,3035,31328,3685,3208,222,255,81202,8843,71332,9378,51717,10237,9138,385,386,46288,3064,52564,3564,44667,4333,3921,97,314,18532,3843,19256,2329,14363,2564,2224,173,167,69892,2713,55538,4583,46803,4152,3861,150,140,32222,6344,32949,5477,21759,5713,4169,668,310,47962,5002,66554,6376,54435,5743,4599,65,163,96257,6100,54850,3800,47628,3422,3181,116,113,64102,1796,51196,4578,42664,3954,3727,97,126,27356,1128,14373,2051,10325,1997,1324,520,142,39294,7293,52566,8701,34119,9746,8677,683,384,42232,6849,30969,3258,24835,2876,2645,99,132,22704,3386,26110,2460,21205,2445,2014,349,82,2743610,292752,2016442,197191,1603374,215877,194163,9607,10085
2021-02-09,39802,7979,22681,2105,17831,2745,2551,27,165,33841,30084,44094,8006,29945,6143,5584,226,329,42335,1028,25060,1154,22615,1291,1144,69,75,15766,4448,8804,1104,6536,1164,1010,110,44,67680,9086,63995,6003,52387,5605,5352,128,125,9603,1953,10137,1079,7633,1425,1104,119,198,11290,33501,9314,1422,6263,1629,1474,73,82,29698,2964,43332,6335,31597,5400,4490,660,239,1281487,49069,623684,37594,542180,43910,39846,966,3093,34539,2331,30108,2141,26080,1887,1727,89,70,113527,12535,115776,9511,95283,10982,10335,371,267,28043,1692,33278,3541,26083,3654,3213,301,123,21788,5354,31987,5197,20924,5866,5083,573,210,73165,14984,75531,10704,52200,12627,11367,705,545,126506,33554,129315,24418,77057,27840,26244,476,1008,58368,1347,42733,4651,33237,4845,4505,171,167,56131,4817,23961,2799,18216,2946,2807,66,73,7879,6829,10421,1627,6663,2131,1907,128,95,108670,10725,112931,8909,90779,13243,12053,734,456,16305,2783,38220,3055,31476,3689,3211,221,257,81558,8864,71656,9437,51938,10281,9174,390,391,46721,3070,52932,3590,44996,4346,3937,97,311,18638,3855,19318,2333,14418,2567,2226,173,168,70525,2715,55742,4609,46984,4149,3860,150,138,32382,6360,33069,5500,21849,5720,4174,672,308,48311,5003,66715,6386,54567,5762,4622,65,159,97042,6103,55086,3807,47853,3426,3184,116,114,64356,1804,51362,4592,42810,3960,3732,96,128,27503,1130,14449,2061,10382,2006,1336,517,143,39542,7305,52764,8743,34237,9784,8714,685,381,42498,6871,31086,3272,24927,2887,2651,101,135,22908,3394,26239,2468,21316,2455,2024,348,82,2768407,293537,2025780,198153,1611262,216365,194641,9623,10079
2021-02-10,40023,8005,22763,2122,17890,2751,2559,27,163,34149,30100,44187,8030,30018,6139,5581,226,328,42558,1028,25157,1159,22702,1296,1153,67,75,15840,4458,8826,1109,6551,1166,1012,110,44,67967,9098,64157,6019,52518,5620,5365,128,127,9680,1954,10171,1086,7660,1425,1106,119,196,11391,33642,9337,1424,6278,1635,1479,73,83,29889,2972,43408,6343,31653,5412,4501,660,239,1293941,49235,627102,37774,545298,44030,39952,970,3104,34741,2333,30196,2148,26151,1897,1740,89,68,114217,12565,116287,9569,95714,11004,10358,369,269,28286,1695,33404,3551,26166,3687,3243,301,126,21932,5365,32072,5235,20975,5862,5086,574,202,73601,15031,75837,10774,52403,12660,11400,706,544,126974,33590,129881,24505,77459,27917,26326,476,1003,58799,1349,42821,4682,33291,4848,4508,171,167,58441,4877,24200,2814,18430,2956,2817,67,72,7921,6847,10458,1639,6686,2133,1912,128,92,109299,10733,113325,8941,91098,13286,12093,737,456,16420,2787,38433,3069,31657,3707,3229,220,258,81918,8878,71960,9496,52151,10313,9203,391,393,47093,3088,53224,3614,45254,4356,3947,97,311,18717,3858,19359,2344,14451,2564,2229,170,165,71043,2715,55916,4628,47126,4162,3868,150,143,32529,6370,33168,5515,21931,5722,4177,671,307,48624,5005,66900,6403,54732,5765,4625,65,159,97739,6120,55293,3815,48046,3432,3190,115,115,64621,1813,51491,4603,42923,3965,3736,96,129,27690,1132,14517,2076,10435,2006,1337,515,143,39711,7315,52906,8781,34314,9811,8740,690,377,42735,6887,31207,3283,25022,2902,2661,103,138,23067,3403,26340,2479,21402,2459,2029,347,83,2791556,294248,2034303,199030,1618385,216888,195162,9628,10079
2021-02-11,40206,8029,22853,2134,17962,2757,2565,26,164,34451,30112,44296,8055,30106,6135,5584,228,320,42774,1028,25283,1164,22816,1303,1162,66,74,16056,4464,8838,1114,6561,1163,1009,110,44,68302,9108,64308,6041,52638,5629,5376,127,126,9740,1956,10198,1093,7682,1423,1103,119,197,11509,33773,9366,1425,6304,1637,1479,73,85,30060,2980,43497,6352,31721,5424,4511,661,238,1305935,49420,630170,37956,548110,44104,40021,974,3105,34944,2338,30257,2155,26201,1901,1746,87,68,114893,12590,116734,9625,96101,11008,10360,375,265,28632,1696,33552,3577,26272,3703,3252,306,127,22076,5379,32181,5267,21044,5870,5097,574,199,74036,15056,76140,10834,52625,12681,11420,712,539,127542,33620,130432,24617,77851,27964,26368,478,1005,59188,1353,42912,4714,33337,4861,4525,170,165,60373,4905,24302,2845,18498,2959,2818,69,72,7961,6882,10484,1646,6704,2134,1914,128,91,109872,10744,113610,8984,91335,13291,12096,738,457,16475,2794,38593,3086,31788,3719,3242,220,257,82275,8896,72305,9558,52405,10342,9236,392,388,47450,3101,53509,3632,45508,4369,3962,98,308,18775,3865,19400,2352,14484,2564,2232,169,163,71597,2716,56107,4652,47289,4166,3871,151,143,32666,6383,33279,5535,22021,5723,4182,671,303,48889,5009,67043,6411,54859,5773,4635,65,157,98463,6128,55483,3820,48225,3438,3196,115,115,64837,1819,51639,4614,43050,3975,3745,97,129,27818,1133,14590,2084,10493,2013,1344,516,144,39887,7340,53048,8821,34401,9826,8759,691,372,43020,6896,31305,3291,25102,2912,2672,103,137,23204,3408,26441,2490,21485,2466,2035,348,82,2813906,294921,2042155,199944,1624978,217233,195517,9657,10039
2021-02-12,40377,8050,22909,2138,18006,2765,2572,26,165,34683,30131,44380,8074,30172,6134,5587,228,316,42960,1030,25366,1171,22886,1309,1164,68,76,16191,4470,8858,1114,6579,1165,1010,110,45,68576,9121,64434,6057,52750,5627,5374,128,125,9786,1956,10224,1103,7702,1419,1098,119,198,11587,33923,9391,1427,6325,1639,1481,73,85,30199,2984,43582,6367,31788,5427,4514,661,238,1319585,49987,633493,38139,551130,44224,40165,970,3086,35096,2339,30305,2163,26243,1899,1745,87,67,115500,12633,117188,9684,96507,10997,10348,375,266,28985,1697,33666,3601,26368,3697,3246,308,125,22190,5387,32254,5292,21092,5870,5098,574,198,74436,15077,76418,10898,52822,12698,11431,714,543,128082,33647,130939,24724,78227,27988,26389,482,1004,59513,1354,42998,4733,33385,4880,4541,171,167,62313,4919,24379,2866,18539,2974,2832,71,71,8022,6884,10520,1649,6731,2140,1919,128,92,110286,10748,113891,9020,91566,13305,12105,739,461,16535,2805,38759,3097,31919,3743,3261,219,263,82624,8917,72622,9615,52642,10365,9261,394,385,47770,3105,53781,3653,45743,4385,3982,98,304,18874,3868,19432,2358,14512,2562,2233,170,159,72108,2718,56282,4674,47441,4167,3872,150,144,32821,6391,33404,5553,22116,5735,4192,675,300,49151,5011,67154,6433,54950,5771,4633,66,156,99213,6136,55636,3822,48368,3446,3204,115,115,65059,1826,51762,4624,43148,3990,3758,99,129,27912,1135,14676,2089,10560,2027,1351,522,145,40098,7353,53184,8856,34490,9838,8770,695,369,43248,6921,31401,3304,25178,2919,2676,106,137,23289,3414,26521,2500,21552,2469,2038,348,82,2837069,295937,2049809,200798,1631437,217574,195850,9689,10016
2021-02-13,40418,8052,22926,2148,18018,2760,2569,26,163,34757,30134,44412,8086,30194,6132,5588,228,313,43013,1031,25417,1177,22936,1304,1160,68,75,16197,4471,8862,1116,6580,1166,1012,110,44,68673,9123,64477,6066,52780,5631,5378,128,125,9808,1956,10249,1107,7713,1429,1107,120,198,11631,33992,9399,1431,6332,1636,1478,73,85,30253,2984,43614,6375,31800,5439,4522,665,238,1325186,50084,635467,38313,552859,44295,40232,976,3084,35161,2339,30325,2166,26256,1903,1749,87,67,115745,12650,117364,9735,96630,10999,10355,374,262,29031,1698,33697,3616,26386,3695,3245,308,123,22228,5390,32314,5312,21121,5881,5106,575,200,74568,15085,76508,10954,52863,12691,11433,714,534,128215,33660,131118,24811,78263,28044,26443,484,1004,59617,1354,43053,4759,33401,4893,4552,173,167,63841,4924,24433,2883,18564,2986,2842,72,72,8056,6886,10539,1657,6741,2141,1920,128,92,110454,10749,113995,9049,91633,13313,12109,741,463,16561,2805,38874,3117,32020,3737,3261,219,257,82801,8920,72787,9669,52744,10374,9273,398,379,47884,3106,53928,3675,45860,4393,3991,98,303,18918,3869,19470,2362,14542,2566,2239,169,158,72474,2719,56407,4694,47544,4169,3875,151,142,32886,6394,33447,5569,22142,5736,4196,673,299,49216,5013,67221,6446,55003,5772,4631,66,159,99507,6141,55712,3831,48436,3445,3206,114,112,65102,1830,51802,4640,43174,3988,3757,99,128,27965,1136,14708,2094,10584,2030,1351,525,145,40174,7356,53267,8893,34520,9854,8788,698,364,43343,6936,31451,3311,25209,2931,2689,105,137,23329,3414,26565,2506,21588,2471,2038,349,83,2847012,296201,2053808,201568,1634436,217804,196095,9714,9975
2021-02-14,40461,8055,22947,2157,18030,2760,2565,26,167,34801,30143,44445,8098,30209,6138,5592,228,315,43050,1032,25449,1184,22954,1311,1164,69,77,16204,4471,8872,1117,6583,1172,1018,110,44,68737,9134,64511,6082,52795,5634,5378,131,125,9827,1958,10267,1113,7721,1433,1110,120,199,11657,34094,9403,1433,6334,1636,1478,73,85,30294,2987,43639,6385,31807,5447,4533,666,234,1326435,50167,636067,38508,553223,44336,40279,976,3078,35202,2344,30355,2174,26271,1910,1759,87,64,115903,12666,117516,9774,96717,11025,10376,376,264,29067,1701,33738,3636,26402,3700,3247,312,122,22254,5396,32369,5337,21143,5889,5115,575,199,74672,15097,76601,11003,52903,12695,11438,715,532,128329,33671,131267,24896,78301,28070,26467,484,1006,59694,1359,43093,4792,33409,4892,4553,174,164,63863,4925,24468,2899,18571,2998,2854,73,71,8070,6886,10552,1663,6746,2143,1923,128,91,110565,10749,114058,9075,91650,13333,12132,740,461,16586,2807,38930,3131,32055,3744,3268,220,256,82896,8932,72946,9712,52816,10418,9311,401,382,47995,3107,54046,3697,45948,4401,4002,98,300,18938,3872,19489,2365,14554,2570,2244,168,158,72624,2721,56488,4715,47601,4172,3881,151,139,32943,6397,33490,5587,22157,5746,4205,674,299,49334,5015,67258,6459,55031,5768,4629,65,158,99565,6146,55745,3840,48459,3446,3210,114,109,65136,1830,51829,4649,43184,3996,3764,99,129,27994,1136,14740,2105,10596,2039,1362,522,147,40222,7364,53325,8925,34541,9859,8790,701,365,43428,6946,31494,3321,25237,2936,2693,106,137,23352,3414,26578,2518,21596,2464,2035,347,81,2850098,296522,2055975,202350,1635544,218081,196375,9729,9958
2021-02-15,40758,8090,23043,2168,18112,2763,2568,26,167,35165,30156,44543,8111,30288,6144,5599,229,313,43279,1034,25555,1188,23056,1311,1164,69,77,16245,4477,8887,1118,6593,1176,1020,110,46,68934,9155,64603,6094,52859,5650,5391,131,128,9902,1958,10305,1119,7747,1439,1113,121,200,11736,34258,9415,1436,6345,1634,1477,73,84,30380,2990,43701,6391,31855,5455,4541,666,235,1338537,50375,639412,38678,556303,44431,40366,979,3083,35430,2353,30433,2178,26340,1915,1764,87,64,116744,12706,118001,9829,97127,11045,10392,379,264,29376,1702,33878,3658,26512,3708,3256,313,120,22393,5404,32461,5366,21204,5891,5118,579,194,75275,15117,76940,11051,53159,12730,11471,721,528,129081,33698,131876,25013,78755,28108,26514,484,997,60058,1361,43186,4818,33459,4909,4566,176,166,64898,4931,24710,2913,18783,3014,2867,76,71,8135,6893,10577,1676,6765,2136,1918,127,90,110967,10751,114229,9106,91759,13364,12163,740,461,16658,2811,39119,3146,32214,3759,3280,221,258,83341,8965,73313,9762,53073,10478,9359,407,388,48374,3118,54400,3713,46263,4424,4024,98,300,19040,3874,19555,2373,14603,2579,2253,168,158,73052,2722,56652,4727,47744,4181,3886,151,143,33152,6407,33624,5604,22257,5763,4217,678,299,49610,5015,67387,6468,55137,5782,4644,65,157,100332,6152,55950,3849,48654,3447,3213,114,107,65258,1834,51876,4667,43227,3982,3751,99,128,28147,1140,14807,2118,10646,2043,1368,524,146,40496,7377,53472,8963,34642,9867,8803,702,359,43683,6970,31608,3332,25334,2942,2699,106,137,23506,3421,26691,2528,21691,2472,2044,346,80,2871942,297215,2064209,203161,1642506,218542,196809,9765,9948
2021-02-16,40984,8108,23122,2176,18171,2775,2578,26,169,35425,30171,44604,8129,30334,6141,5594,229,315,43479,1037,25642,1194,23138,1310,1162,69,77,16345,4486,8896,1122,6597,1177,1020,110,47,69184,9197,64741,6110,52972,5659,5401,130,128,9949,1960,10334,1124,7765,1445,1117,122,199,11838,34361,9432,1439,6353,1640,1483,73,84,30505,2998,43813,6399,31942,5472,4555,669,235,1349754,50544,642552,38872,559141,44539,40483,981,3072,35619,2364,30477,2184,26381,1912,1763,87,62,117390,12739,118424,9862,97488,11074,10415,382,267,29653,1704,34011,3678,26626,3707,3260,312,116,22553,5419,32542,5386,21259,5897,5125,579,193,75715,15133,77184,11108,53341,12735,11476,721,528,129800,33738,132476,25101,79216,28159,26564,483,999,60382,1362,43271,4844,33509,4918,4579,177,161,66241,4939,24994,2933,19022,3039,2890,76,73,8191,6899,10602,1685,6780,2137,1919,127,90,111414,10755,114449,9147,91922,13380,12179,740,461,16763,2813,39294,3158,32361,3775,3289,224,262,83671,8991,73616,9812,53303,10501,9379,409,389,48714,3127,54716,3724,46547,4445,4041,98,304,19179,3876,19623,2377,14659,2587,2259,169,159,73453,2725,56792,4750,47858,4184,3889,151,144,33347,6420,33741,5616,22349,5776,4225,681,301,49864,5016,67497,6482,55236,5779,4641,65,157,100931,6162,56128,3852,48824,3452,3216,114,109,65430,1839,51950,4679,43288,3983,3751,100,128,28278,1142,14860,2129,10690,2041,1370,523,143,40790,7389,53613,8992,34735,9886,8822,702,358,43855,6986,31695,3340,25403,2952,2710,105,137,23679,3428,26815,2535,21801,2479,2047,350,80,2892375,297828,2071906,203939,1649011,218956,197202,9784,9947
2021-02-17,41196,8129,23194,2180,18233,2781,2582,26,171,35705,30181,44655,8141,30374,6140,5598,230,309,43665,1041,25743,1199,23230,1314,1164,71,77,16440,4488,8909,1124,6606,1179,1022,110,47,69445,9208,64848,6122,53061,5665,5405,131,129,9990,1961,10360,1127,7786,1447,1120,122,198,11932,34491,9445,1440,6362,1643,1487,73,83,30631,3002,43899,6416,32003,5480,4559,669,239,1360417,50685,645359,39040,561682,44637,40564,982,3088,35792,2366,30545,2187,26438,1920,1769,87,64,118009,12768,118827,9903,97841,11083,10425,383,268,29835,1704,34108,3691,26698,3719,3273,311,116,22692,5431,32630,5408,21314,5908,5135,581,192,76147,15152,77428,11162,53530,12736,11479,721,527,130472,33768,132989,25190,79580,28219,26625,484,997,60661,1368,43358,4871,33550,4937,4598,178,160,67678,4958,25179,2949,19184,3046,2897,77,72,8261,6902,10630,1690,6802,2138,1920,127,90,111941,10761,114670,9196,92082,13392,12190,743,459,16877,2815,39456,3179,32495,3782,3299,224,259,84016,9018,73876,9864,53485,10527,9397,412,394,49046,3146,55038,3742,46840,4456,4050,99,304,19284,3881,19671,2385,14697,2589,2264,169,156,73820,2727,56950,4764,47989,4197,3900,153,144,33579,6429,33828,5624,22413,5791,4238,685,299,50141,5018,67600,6492,55334,5774,4638,65,156,101644,6170,56290,3853,48976,3461,3224,114,109,65617,1843,52028,4695,43351,3982,3753,98,127,28413,1144,14913,2135,10729,2049,1377,525,142,41080,7399,53743,9024,34821,9898,8836,699,359,44056,6991,31806,3351,25492,2963,2721,105,137,23775,3432,26888,2542,21860,2486,2056,348,80,2912257,298377,2078863,204686,1654838,219339,197565,9802,9952
2021-02-18,41353,8149,23279,2190,18299,2790,2588,26,174,35996,30189,44713,8153,30419,6141,5599,231,307,43836,1042,25860,1203,23336,1321,1169,72,78,16483,4491,8927,1128,6622,1177,1021,110,46,69670,9214,64956,6131,53156,5669,5410,131,128,10032,1961,10385,1139,7803,1443,1120,122,196,12020,34643,9470,1441,6380,1649,1491,73,85,30747,3005,43985,6428,32069,5488,4564,670,241,1371136,50885,648139,39178,564207,44754,40671,992,3088,35944,2368,30596,2194,26485,1917,1766,87,64,118671,12798,119276,9938,98224,11114,10453,386,269,30025,1705,34205,3703,26779,3723,3278,311,115,22829,5447,32719,5427,21379,5913,5140,583,190,76652,15165,77671,11215,53717,12739,11489,719,523,131085,33794,133520,25270,79964,28286,26693,488,992,60984,1372,43423,4889,33591,4943,4604,178,160,68986,4978,25277,2965,19255,3057,2905,78,74,8314,6906,10657,1695,6816,2146,1928,127,90,112407,10772,114866,9228,92241,13397,12196,741,460,16946,2822,39603,3193,32612,3798,3313,225,260,84350,9065,74159,9916,53683,10560,9431,414,392,49377,3175,55361,3761,47140,4460,4054,99,304,19391,3888,19713,2389,14735,2589,2262,169,158,74227,2729,57116,4777,48129,4210,3914,153,143,33782,6435,33924,5645,22478,5801,4248,686,297,50451,5019,67717,6502,55439,5776,4639,64,157,102473,6181,56438,3855,49120,3463,3225,114,110,65809,1848,52103,4710,43412,3981,3753,97,127,28569,1147,14953,2142,10755,2056,1378,528,143,41389,7405,53874,9050,34907,9917,8857,698,358,44352,7010,31917,3362,25591,2964,2723,105,136,23898,3438,26975,2550,21932,2493,2063,348,80,2932184,299046,2085777,205367,1660675,219735,197945,9825,9945
2021-02-19,41515,8161,23340,2200,18352,2788,2588,26,172,36306,30202,44760,8159,30460,6141,5601,231,305,44006,1043,25937,1211,23406,1320,1170,73,75,16559,4495,8940,1131,6631,1178,1023,110,45,69907,9228,65102,6143,53284,5675,5416,132,127,10073,1962,10414,1144,7822,1448,1122,124,197,12080,34738,9482,1444,6389,1649,1491,73,85,30859,3009,44079,6430,32145,5504,4577,670,244,1382999,51060,650872,39330,566700,44842,40767,991,3080,36081,2370,30636,2197,26514,1925,1772,87,66,119216,12815,119697,9977,98602,11118,10459,389,264,30207,1707,34294,3725,26850,3719,3275,311,114,22937,5451,32801,5443,21430,5928,5154,587,187,77017,15182,77884,11256,53869,12759,11514,721,516,131618,33820,134015,25354,80330,28331,26736,488,994,61384,1376,43497,4916,33627,4954,4613,179,161,70598,4993,25481,2988,19424,3069,2918,78,73,8378,6907,10687,1696,6840,2151,1933,127,90,112879,10777,115089,9270,92407,13412,12209,742,461,17048,2826,39743,3214,32722,3807,3324,225,258,84664,9096,74432,9976,53870,10586,9465,415,383,49657,3182,55670,3781,47407,4482,4072,99,308,19481,3893,19768,2398,14786,2584,2257,168,159,74737,2732,57271,4792,48268,4211,3916,153,142,33991,6438,34006,5665,22542,5799,4245,687,297,50748,5020,67823,6510,55538,5775,4640,64,155,103035,6184,56590,3860,49258,3472,3230,114,114,65970,1853,52177,4723,43467,3987,3760,97,126,28681,1151,15000,2148,10787,2065,1385,528,143,41560,7409,53978,9073,34971,9934,8871,700,359,44571,7021,32012,3371,25667,2974,2732,105,137,24022,3449,27035,2560,21987,2488,2056,348,82,2952784,299550,2092512,206085,1666352,220075,198291,9842,9919
2021-02-20,41614,8167,23367,2208,18370,2789,2590,26,170,36380,30206,44792,8171,30477,6144,5601,231,307,44070,1043,25976,1217,23437,1322,1172,73,74,16583,4495,8953,1133,6639,1181,1027,110,44,70024,9237,65151,6148,53317,5686,5425,132,129,10091,1963,10429,1144,7829,1456,1127,125,199,12118,34806,9487,1444,6390,1653,1494,73,86,30918,3014,44125,6434,32171,5520,4590,672,245,1388412,51137,652453,39462,568033,44958,40856,1000,3098,36101,2371,30646,2202,26521,1923,1771,87,65,119454,12819,119848,10006,98724,11118,10460,390,262,30255,1708,34336,3737,26875,3724,3281,311,113,22969,5459,32847,5470,21456,5921,5147,587,187,77129,15190,77958,11293,53898,12767,11519,725,515,131800,33835,134185,25450,80381,28354,26763,489,989,61477,1378,43545,4937,33643,4965,4625,179,160,70699,5001,25515,3006,19436,3073,2921,79,73,8405,6907,10699,1699,6848,2152,1934,127,90,113102,10777,115199,9297,92476,13426,12223,742,461,17093,2834,39850,3226,32807,3817,3332,226,259,84817,9104,74616,10018,53989,10609,9487,415,384,49829,3191,55859,3790,47564,4505,4091,100,311,19515,3896,19797,2404,14809,2584,2258,169,157,75014,2734,57346,4812,48320,4214,3919,154,141,34050,6440,34038,5674,22557,5807,4250,689,297,50825,5021,67865,6520,55575,5770,4634,64,156,103315,6189,56658,3864,49316,3478,3237,114,113,66045,1855,52220,4732,43502,3986,3760,97,126,28713,1152,15025,2154,10800,2071,1393,527,142,41629,7411,54034,9101,34987,9946,8885,700,357,44644,7030,32057,3382,25695,2980,2736,107,137,24059,3450,27068,2565,22012,2491,2058,349,82,2961149,299820,2095944,206700,1668854,220390,198566,9869,9929
2021-02-21,41805,8178,23387,2213,18382,2792,2595,26,168,36431,30212,44815,8179,30489,6147,5604,231,307,44107,1044,25988,1223,23446,1319,1170,74,72,16601,4497,8961,1134,6644,1183,1027,110,46,70099,9239,65188,6161,53336,5691,5430,133,128,10110,1963,10442,1149,7835,1458,1130,125,198,12143,34891,9493,1444,6392,1657,1498,73,86,30949,3016,44164,6447,32194,5523,4594,673,244,1389905,51207,653040,39632,568377,45031,40931,1008,3088,36139,2378,30671,2212,26537,1922,1771,86,65,119627,12835,119961,10037,98803,11121,10466,388,261,30312,1708,34373,3752,26900,3721,3281,310,111,22996,5467,32890,5490,21478,5922,5145,589,188,77258,15198,78039,11338,53923,12778,11532,728,510,131922,33854,134340,25540,80424,28376,26792,489,982,61563,1380,43582,4963,33654,4965,4624,178,162,70717,5013,25548,3027,19442,3079,2927,79,73,8427,6907,10705,1708,6853,2144,1928,127,88,113284,10782,115298,9327,92528,13443,12236,744,463,17128,2835,39910,3245,32845,3820,3336,226,258,84909,9112,74762,10063,54065,10634,9503,419,389,49935,3191,55980,3812,47664,4504,4095,101,306,19567,3899,19815,2407,14819,2589,2264,169,156,75095,2736,57403,4824,48355,4224,3929,153,142,34103,6442,34074,5689,22573,5812,4253,690,298,50919,5021,67912,6533,55614,5765,4631,64,154,103378,6193,56695,3868,49345,3482,3240,115,113,66110,1859,52251,4744,43524,3983,3756,98,126,28760,1154,15044,2161,10812,2071,1396,526,142,41691,7414,54077,9131,34999,9947,8884,700,359,44723,7036,32093,3392,25716,2985,2742,107,136,24076,3450,27083,2575,22020,2488,2056,350,80,2964789,300111,2097984,207420,1669988,220576,198766,9889,9899
2021-02-22,42069,8202,23487,2222,18469,2796,2602,26,165,36862,30238,44895,8194,30557,6144,5603,231,304,44282,1045,26115,1227,23559,1329,1177,76,73,16659,4500,8993,1135,6672,1186,1028,110,48,70423,9263,65310,6177,53442,5691,5429,134,128,10170,1963,10482,1154,7871,1457,1133,125,194,12208,35010,9512,1445,6410,1657,1497,73,87,31151,3017,44321,6458,32329,5534,4604,675,243,1402367,51393,656522,39799,571593,45130,41027,1013,3086,36293,2383,30762,2218,26621,1923,1772,86,65,120375,12871,120464,10082,99248,11134,10478,390,261,30581,1709,34496,3772,26996,3728,3289,311,109,23139,5485,32996,5510,21565,5921,5145,588,188,77805,15215,78320,11382,54147,12791,11546,727,510,132681,33878,134961,25615,80935,28411,26827,488,983,61921,1382,43681,4990,33715,4976,4635,179,161,72497,5044,25765,3042,19619,3104,2951,80,73,8510,6907,10732,1711,6871,2150,1933,128,88,113959,10785,115577,9359,92745,13473,12264,745,464,17305,2843,40125,3265,33023,3837,3353,226,258,85353,9139,75094,10104,54320,10670,9533,421,391,50298,3211,56333,3833,47981,4519,4109,101,307,19678,3902,19880,2414,14876,2590,2265,170,155,75578,2738,57570,4845,48503,4222,3928,153,141,34326,6448,34183,5697,22662,5824,4263,691,299,51260,5025,68039,6543,55731,5765,4632,64,153,104014,6201,56904,3875,49545,3484,3244,115,111,66371,1865,52357,4755,43618,3984,3758,97,126,29079,1155,15112,2171,10858,2083,1404,531,142,41933,7421,54220,9162,35106,9952,8893,699,356,44984,7048,32217,3404,25817,2996,2749,107,140,24208,3455,27145,2584,22072,2489,2058,348,82,2988339,300741,2106570,208144,1677476,220950,199129,9908,9891
2021-02-23,42284,8219,23562,2228,18526,2808,2612,26,167,37330,30247,44956,8201,30610,6145,5603,231,305,44592,1047,26221,1236,23660,1325,1173,77,73,16782,4501,9005,1135,6684,1186,1028,110,48,70769,9272,65427,6185,53541,5701,5438,135,128,10230,1964,10500,1163,7886,1451,1129,126,193,12272,35137,9528,1447,6424,1657,1495,73,89,31324,3019,44418,6466,32406,5546,4613,677,244,1413482,51603,659617,39929,574445,45243,41132,1015,3093,36478,2395,30824,2219,26678,1927,1776,86,65,121093,12890,120819,10115,99552,11152,10495,390,262,30832,1710,34593,3788,27080,3725,3289,311,106,23239,5504,33103,5525,21647,5931,5151,591,189,78375,15233,78591,11425,54349,12817,11571,729,509,133394,33903,135424,25672,81271,28481,26899,489,980,62262,1387,43761,5005,33765,4991,4652,180,158,74296,5050,25952,3055,19786,3111,2952,82,77,8573,6910,10765,1718,6894,2153,1936,128,88,114608,10799,115847,9390,92942,13515,12305,746,464,17433,2849,40284,3280,33159,3845,3361,226,258,85657,9161,75442,10156,54585,10701,9564,422,389,50691,3221,56727,3857,48346,4524,4120,100,302,19795,3907,19922,2416,14911,2595,2271,170,154,76020,2739,57726,4863,48635,4228,3939,153,136,34530,6458,34274,5709,22728,5837,4272,693,301,51588,5026,68134,6553,55820,5761,4629,64,152,104719,6206,57064,3880,49697,3487,3244,115,114,66658,1869,52450,4762,43699,3989,3764,96,126,29326,1158,15154,2179,10887,2088,1407,532,142,42132,7431,54340,9186,35187,9967,8911,700,352,45240,7060,32356,3414,25939,3003,2756,107,140,24329,3456,27226,2592,22141,2493,2061,348,83,3010333,301331,2114012,208749,1683880,221383,199548,9928,9887
2021-02-24,42500,8234,23643,2233,18591,2819,2620,26,170,37714,30256,45029,8212,30672,6145,5609,232,298,44782,1048,26300,1238,23733,1329,1176,78,74,17138,4512,9028,1136,6705,1187,1029,110,48,71064,9280,65533,6195,53624,5714,5450,136,128,10275,1966,10525,1170,7907,1448,1131,125,189,12349,35208,9546,1447,6439,1660,1498,73,89,31527,3024,44498,6474,32468,5556,4620,681,243,1424473,51784,662421,40074,576985,45362,41261,1013,3084,36651,2397,30881,2225,26729,1927,1775,86,66,121785,12902,121138,10146,99829,11163,10505,391,262,31062,1711,34693,3806,27164,3723,3287,312,106,23350,5518,33202,5540,21715,5947,5165,594,188,78960,15244,78846,11460,54547,12839,11596,730,505,133991,33936,135853,25741,81597,28515,26940,487,975,62595,1390,43829,5023,33810,4996,4653,181,161,76031,5065,26153,3071,19962,3120,2957,86,77,8646,6911,10797,1730,6918,2149,1934,128,86,115266,10806,116080,9415,93127,13538,12328,746,464,17566,2853,40503,3291,33352,3860,3379,225,256,85957,9182,75708,10194,54772,10742,9596,426,395,51017,3224,57043,3867,48632,4544,4138,100,304,19897,3912,19951,2418,14935,2598,2271,170,157,76378,2740,57880,4880,48768,4232,3943,154,135,34711,6467,34351,5726,22784,5841,4278,692,300,51898,5028,68224,6559,55900,5765,4633,64,152,105398,6212,57208,3885,49834,3489,3247,115,113,66922,1874,52558,4768,43792,3998,3772,97,126,29602,1160,15196,2184,10922,2090,1409,534,141,42304,7438,54440,9218,35254,9968,8913,700,351,45487,7072,32458,3422,26025,3011,2761,107,143,24447,3460,27304,2599,22208,2497,2065,348,83,3031743,301814,2120819,209347,1689700,221772,199939,9947,9869
2021-02-25,42715,8254,23714,2240,18652,2822,2626,26,167,38065,30264,45091,8225,30724,6142,5607,232,297,44964,1051,26387,1242,23810,1335,1179,79,76,17293,4518,9041,1138,6718,1185,1028,110,47,71371,9285,65630,6205,53698,5727,5463,136,128,10322,1966,10545,1171,7923,1451,1134,125,189,12417,35301,9558,1448,6447,1663,1501,73,89,31753,3028,44610,6485,32557,5568,4629,683,244,1435609,51957,665157,40206,579493,45458,41341,1019,3094,36797,2398,30927,2229,26770,1928,1777,86,65,122470,12915,121508,10169,100145,11194,10533,392,264,31346,1711,34792,3814,27243,3735,3298,312,107,23448,5533,33296,5557,21780,5959,5180,594,185,79410,15257,79071,11503,54726,12842,11603,732,499,134574,33965,136262,25798,81911,28553,26981,486,973,62908,1390,43902,5043,33857,5002,4663,180,158,77804,5075,26354,3085,20134,3135,2967,88,80,8717,6913,10832,1732,6941,2159,1945,128,85,115866,10809,116326,9443,93314,13569,12358,747,464,17667,2855,40655,3306,33484,3865,3388,225,252,86287,9195,76010,10236,54965,10809,9659,427,398,51331,3237,57391,3886,48942,4563,4156,100,305,19978,3918,19993,2419,14969,2605,2276,171,158,76850,2744,58032,4899,48896,4237,3951,154,132,34887,6471,34437,5737,22853,5847,4284,691,300,52194,5029,68306,6565,55975,5766,4633,65,152,105923,6217,57372,3890,49989,3493,3250,115,114,67162,1875,52652,4773,43870,4009,3783,98,126,29715,1161,15243,2188,10955,2100,1416,537,142,42477,7449,54537,9253,35317,9967,8919,700,344,45732,7081,32550,3433,26099,3018,2768,108,142,24570,3464,27367,2607,22263,2497,2067,347,82,3052622,302286,2127548,209925,1695420,222203,200363,9966,9858
2021-02-26,42978,8276,23784,2245,18709,2830,2630,26,171,38425,30270,45154,8233,30775,6146,5610,232,297,45127,1052,26456,1245,23876,1335,1181,79,74,17369,4524,9062,1140,6736,1186,1027,110,49,71622,9289,65727,6214,53777,5736,5473,136,127,10365,1967,10570,1175,7939,1456,1135,125,194,12486,35376,9572,1448,6460,1664,1502,73,89,31926,3032,44725,6500,32649,5576,4635,687,242,1447420,52124,668070,40348,582181,45541,41421,1023,3090,36966,2408,30976,2234,26816,1926,1775,86,65,123183,12936,121861,10190,100449,11222,10556,395,266,31649,1712,34893,3827,27326,3740,3304,312,106,23539,5543,33382,5572,21849,5961,5184,591,186,79844,15262,79265,11534,54870,12861,11625,730,498,135190,33998,136706,25855,82230,28621,27046,491,971,63293,1392,43987,5054,33911,5022,4682,179,159,79901,5086,26566,3104,20307,3155,2992,87,76,8773,6918,10850,1737,6954,2159,1944,129,85,116424,10815,116537,9469,93477,13591,12380,747,464,17782,2857,40859,3320,33663,3876,3398,225,253,86585,9214,76303,10278,55166,10859,9708,430,396,51663,3250,57683,3908,49193,4582,4175,100,305,20065,3920,20031,2422,15002,2607,2279,171,157,77279,2747,58160,4907,49005,4248,3960,156,132,35075,6484,34524,5753,22915,5856,4290,692,302,52443,5030,68392,6572,56055,5765,4633,66,150,106459,6221,57493,3896,50101,3496,3252,115,115,67400,1881,52734,4779,43942,4013,3787,98,126,29824,1162,15295,2196,10994,2105,1424,535,141,42652,7454,54643,9275,35380,9988,8938,703,343,45934,7091,32697,3448,26228,3021,2771,107,143,24690,3467,27428,2612,22322,2494,2064,348,81,3074331,302758,2134385,210490,1701257,222638,200781,9984,9853
2021-02-27,43013,8276,23799,2253,18720,2826,2630,26,167,38493,30271,45178,8238,30795,6145,5609,231,299,45190,1055,26489,1248,23904,1337,1183,79,74,17377,4525,9066,1142,6737,1187,1028,110,49,71724,9289,65763,6228,53803,5732,5470,136,126,10401,1968,10583,1179,7947,1457,1136,125,194,12523,35414,9575,1450,6460,1665,1502,73,90,32005,3034,44762,6509,32669,5584,4639,690,243,1453130,52230,669803,40478,583685,45640,41518,1030,3085,37002,2408,30987,2237,26826,1924,1773,86,65,123426,12942,122029,10217,100580,11232,10568,393,266,31699,1715,34929,3836,27342,3751,3316,313,104,23575,5550,33434,5580,21878,5976,5197,592,187,79939,15269,79329,11572,54894,12863,11634,727,494,135382,34014,136859,25913,82280,28666,27090,491,972,63434,1392,44042,5070,33931,5041,4703,179,157,79969,5087,26618,3132,20318,3168,3004,87,77,8804,6920,10859,1739,6958,2162,1947,129,85,116683,10815,116628,9493,93548,13587,12375,747,465,17838,2858,40963,3333,33750,3880,3400,225,255,86751,9218,76511,10339,55310,10862,9716,433,388,51840,3255,57845,3926,49323,4596,4187,100,308,20108,3924,20048,2424,15017,2607,2279,171,157,77533,2750,58250,4920,49077,4253,3968,156,129,35126,6487,34564,5772,22932,5860,4298,690,300,52545,5030,68440,6580,56100,5760,4628,66,150,106750,6224,57557,3904,50151,3502,3261,115,112,67477,1887,52775,4788,43976,4011,3786,98,125,29864,1162,15312,2200,11000,2112,1432,535,141,42713,7459,54699,9293,35404,10002,8952,704,342,46006,7100,32751,3461,26258,3032,2780,109,143,24726,3469,27452,2616,22340,2496,2066,348,81,3083046,302997,2137899,211070,1703913,222916,201075,9994,9830
2021-02-28,43048,8285,23817,2261,18729,2827,2635,26,163,38558,30275,45202,8245,30810,6147,5611,231,300,45229,1055,26512,1251,23926,1335,1182,79,73,17390,4528,9075,1144,6742,1189,1031,110,48,71835,9292,65800,6237,53820,5743,5481,136,126,10428,1968,10593,1184,7952,1457,1135,125,195,12547,35473,9579,1453,6461,1665,1502,73,90,32036,3035,44804,6517,32692,5595,4650,693,240,1454601,52302,670471,40619,584123,45729,41618,1034,3070,37028,2411,30997,2240,26829,1928,1776,87,65,123610,12956,122139,10246,100650,11243,10579,394,265,31755,1716,34968,3853,27362,3753,3318,313,104,23604,5553,33484,5602,21907,5975,5197,590,188,80029,15278,79406,11601,54928,12877,11649,725,495,135535,34024,137009,25977,82330,28702,27126,493,970,63535,1392,44090,5088,33948,5054,4716,179,157,79986,5088,26674,3153,20335,3186,3017,92,77,8824,6921,10866,1743,6960,2163,1948,129,85,116848,10817,116694,9523,93578,13593,12384,747,462,17867,2859,41015,3345,33783,3887,3405,225,257,86857,9225,76660,10384,55396,10880,9733,434,388,51943,3257,57996,3937,49451,4608,4199,101,307,20138,3925,20069,2428,15033,2608,2281,171,156,77610,2753,58285,4938,49097,4250,3967,156,127,35163,6492,34592,5780,22944,5868,4306,692,298,52635,5030,68482,6590,56134,5758,4630,65,147,106816,6227,57576,3909,50163,3504,3266,115,109,67552,1892,52806,4796,43998,4012,3787,98,125,29878,1162,15328,2207,11008,2113,1436,533,140,42792,7464,54757,9314,35439,10004,8959,701,340,46061,7109,32795,3470,26285,3040,2785,109,146,24760,3471,27465,2620,22348,2497,2068,347,81,3086498,303235,2140006,211655,1705161,223190,201377,10003,9794
2021-03-01,43373,8305,23913,2268,18811,2834,2642,26,163,39114,30281,45280,8251,30883,6146,5609,231,301,45478,1055,26605,1259,24013,1333,1180,79,73,17448,4535,9101,1145,6763,1193,1036,110,47,72183,9299,65907,6248,53905,5754,5492,137,125,10498,1968,10611,1188,7963,1460,1135,127,196,12622,35532,9601,1455,6476,1670,1507,73,90,32244,3037,44952,6530,32809,5613,4665,696,240,1465932,52517,673900,40755,587315,45830,41712,1038,3074,37214,2413,31081,2243,26905,1933,1779,87,65,124510,12988,122525,10275,100986,11264,10596,395,269,32008,1717,35096,3861,27473,3762,3326,314,104,23730,5563,33595,5614,21993,5988,5211,590,187,80607,15289,79672,11630,55145,12897,11665,729,495,136417,34047,137661,26045,82852,28764,27191,493,967,63870,1396,44167,5106,33995,5066,4727,180,157,81568,5094,27023,3171,20646,3206,3035,92,79,8898,6922,10890,1746,6977,2167,1953,129,84,117568,10818,116950,9547,93782,13621,12409,749,463,17981,2865,41250,3359,33992,3899,3412,226,260,87221,9272,77024,10435,55669,10920,9774,435,386,52326,3260,58442,3952,49848,4642,4230,102,309,20241,3935,20123,2429,15082,2612,2284,172,156,78069,2756,58502,4957,49292,4253,3974,157,122,35379,6498,34685,5793,23015,5877,4311,694,300,52950,5034,68587,6601,56230,5756,4631,65,145,107551,6231,57803,3914,50372,3517,3278,117,108,67877,1899,52915,4799,44097,4019,3794,98,125,29965,1163,15371,2219,11039,2113,1431,536,140,43109,7477,54909,9336,35539,10034,8991,699,341,46346,7118,32935,3478,26405,3052,2796,110,146,24877,3474,27555,2627,22424,2504,2074,348,80,3109174,303758,2148631,212236,1712696,223699,201850,10034,9797
2021-03-02,43600,8325,23990,2270,18869,2851,2657,26,165,39583,30290,45357,8259,30945,6153,5616,231,301,45697,1057,26675,1263,24078,1334,1182,78,73,17494,4537,9120,1147,6782,1191,1035,110,46,72574,9305,65997,6252,53976,5769,5505,138,126,10553,1969,10629,1192,7977,1460,1138,128,192,12694,35639,9616,1458,6487,1671,1509,73,89,32451,3040,45034,6538,32869,5627,4678,698,239,1476795,52843,676938,40886,590073,45979,41842,1042,3088,37386,2418,31142,2249,26960,1933,1779,87,65,125170,13005,122829,10312,101248,11269,10604,395,265,32213,1717,35213,3868,27566,3779,3341,315,105,23831,5571,33692,5625,22066,6001,5219,592,190,81066,15301,79855,11654,55278,12923,11691,733,491,137034,34060,138093,26109,83188,28796,27224,493,967,64238,1397,44258,5131,34046,5081,4745,181,152,83160,5102,27184,3189,20780,3215,3043,94,78,8972,6923,10914,1751,6996,2167,1953,129,84,118188,10822,117159,9562,93934,13663,12449,750,464,18109,2867,41455,3369,34174,3912,3422,226,263,87566,9291,77278,10487,55857,10934,9794,436,379,52699,3262,58741,3968,50109,4664,4255,103,305,20328,3939,20167,2431,15119,2617,2289,173,155,78465,2757,58676,4967,49447,4262,3981,157,124,35577,6501,34761,5806,23073,5882,4315,696,299,53287,5035,68695,6609,56327,5759,4635,64,145,108245,6235,57944,3919,50502,3523,3283,117,109,68111,1905,53016,4809,44182,4025,3798,97,128,30044,1164,15419,2226,11072,2121,1439,535,140,43408,7488,55002,9362,35596,10044,9000,699,342,46665,7130,33062,3489,26513,3060,2804,111,145,25022,3482,27633,2634,22494,2505,2075,347,80,3130225,304377,2155544,212791,1718583,224170,202300,10054,9794
2021-03-03,43811,8341,24052,2274,18923,2855,2659,26,167,39958,30301,45428,8266,31002,6160,5627,231,297,45898,1058,26737,1265,24132,1340,1187,78,74,17602,4547,9140,1149,6797,1194,1038,110,46,72894,9311,66101,6255,54061,5785,5520,138,127,10614,1970,10650,1192,7994,1464,1141,128,193,12744,35716,9642,1459,6509,1674,1512,73,89,32671,3044,45156,6546,32961,5649,4694,699,244,1487206,53056,679772,41009,592611,46152,42001,1046,3098,37536,2419,31195,2253,27009,1933,1778,88,65,125890,13015,123088,10341,101476,11271,10610,395,262,32420,1718,35318,3881,27650,3787,3352,315,102,23935,5583,33783,5640,22135,6008,5221,597,190,81555,15307,80054,11679,55414,12961,11720,739,494,137818,34092,138554,26164,83519,28871,27300,493,966,64613,1403,44330,5143,34087,5100,4764,182,151,84688,5114,27292,3206,20851,3235,3062,96,77,9044,6928,10927,1757,7006,2164,1950,129,84,118799,10826,117348,9579,94079,13690,12477,749,464,18223,2872,41605,3379,34289,3937,3439,229,268,87916,9304,77550,10520,56038,10992,9848,440,379,53060,3268,59060,3992,50386,4682,4279,103,299,20416,3941,20200,2434,15144,2622,2291,174,157,78887,2759,58822,4977,49569,4276,3992,157,127,35751,6509,34833,5825,23124,5884,4317,699,296,53653,5037,68786,6618,56412,5756,4634,63,144,108796,6238,58105,3922,50653,3530,3291,117,108,68374,1911,53110,4814,44269,4027,3799,99,127,30120,1165,15470,2230,11109,2131,1445,538,140,43673,7491,55100,9383,35660,10057,9017,698,339,46885,7140,33172,3502,26601,3069,2814,111,144,25137,3493,27687,2642,22541,2504,2075,349,77,3150587,304877,2162067,213296,1724011,224760,202854,10089,9795
2021-03-04,44011,8368,24120,2280,18979,2861,2666,26,166,40297,30305,45495,8273,31056,6166,5632,231,298,46080,1058,26823,1265,24212,1346,1191,78,76,17659,4559,9162,1149,6814,1199,1042,110,47,73202,9320,66192,6264,54137,5791,5526,138,127,10671,1970,10667,1197,8007,1463,1142,127,192,12832,35790,9657,1460,6520,1677,1514,73,90,32882,3047,45251,6562,33033,5656,4704,697,243,1496879,53298,682377,41137,594967,46273,42114,1049,3103,37694,2420,31253,2257,27063,1933,1778,88,65,126560,13030,123335,10361,101694,11280,10618,393,265,32608,1719,35424,3895,27733,3796,3360,315,103,24021,5591,33849,5655,22178,6016,5232,595,189,81984,15320,80222,11706,55534,12982,11740,744,490,138508,34112,138967,26230,83834,28903,27335,492,964,64999,1406,44405,5167,34129,5109,4773,184,149,86335,5125,27513,3217,21038,3258,3084,96,78,9118,6933,10942,1760,7020,2162,1949,129,83,119345,10830,117529,9588,94202,13739,12526,749,464,18343,2875,41751,3389,34417,3945,3442,230,272,88214,9321,77830,10567,56244,11019,9874,441,379,53378,3272,59366,4000,50662,4704,4295,104,304,20509,3943,20242,2434,15182,2626,2293,174,159,79307,2760,58945,4985,49682,4278,3997,157,124,35935,6518,34901,5835,23179,5887,4317,703,295,53963,5037,68903,6622,56518,5763,4641,63,144,109299,6239,58252,3927,50786,3539,3301,117,107,68637,1918,53190,4818,44338,4034,3806,99,127,30259,1168,15509,2239,11132,2138,1448,541,143,43934,7503,55211,9400,35743,10068,9034,693,338,47149,7155,33299,3517,26706,3076,2818,113,145,25243,3499,27770,2649,22616,2505,2076,349,77,3169855,305409,2168352,213805,1729355,225192,203268,10098,9806
2021-03-05,44235,8385,24174,2286,19026,2862,2666,26,167,40621,30310,45556,8278,31110,6168,5632,233,298,46278,1058,26883,1265,24267,1351,1196,78,76,17732,4568,9193,1149,6840,1204,1046,111,47,73522,9322,66267,6268,54205,5794,5528,138,128,10730,1970,10680,1201,8016,1463,1141,127,193,12911,35822,9674,1462,6536,1676,1512,73,91,33052,3052,45355,6575,33125,5655,4704,697,242,1506920,53596,684901,41272,597261,46368,42213,1056,3091,37857,2426,31296,2263,27104,1929,1775,89,64,127235,13042,123611,10386,101939,11286,10632,392,258,32868,1719,35514,3902,27797,3815,3377,316,105,24127,5600,33939,5673,22246,6020,5237,595,188,82377,15341,80371,11732,55637,13002,11758,745,491,139200,34131,139395,26288,84153,28954,27382,492,968,65327,1410,44483,5185,34170,5128,4791,185,149,88370,5139,27652,3233,21138,3281,3107,96,78,9169,6935,10967,1763,7040,2164,1950,129,84,119910,10832,117709,9611,94328,13770,12556,748,466,18437,2879,41867,3405,34507,3955,3452,230,272,88538,9346,78063,10600,56419,11044,9902,441,375,53660,3277,59662,4012,50928,4722,4312,106,303,20595,3946,20275,2435,15211,2629,2296,175,158,79736,2761,59062,4996,49785,4281,4001,157,123,36126,6522,34981,5845,23238,5898,4324,703,298,54268,5037,69020,6625,56624,5771,4648,63,145,109829,6242,58436,3933,50961,3542,3305,117,106,68892,1920,53259,4825,44399,4035,3806,100,127,30422,1169,15555,2247,11174,2134,1446,542,141,44213,7511,55318,9420,35805,10093,9050,700,340,47398,7168,33397,3525,26787,3085,2826,113,146,25374,3501,27828,2658,22666,2504,2079,346,76,3189929,305937,2174343,214318,1734442,225583,203650,10119,9794
2021-03-06,44274,8386,24190,2292,19036,2862,2667,26,166,40696,30314,45574,8283,31121,6170,5631,233,301,46342,1058,26911,1267,24292,1352,1198,77,76,17756,4569,9200,1150,6845,1205,1047,111,47,73613,9324,66300,6276,54229,5795,5526,141,128,10749,1970,10694,1203,8026,1465,1142,127,194,12925,35845,9678,1463,6538,1677,1512,73,92,33110,3052,45408,6583,33153,5672,4718,698,244,1512298,53739,686358,41386,598517,46455,42312,1058,3078,37893,2427,31313,2265,27117,1931,1777,89,64,127440,13046,123728,10412,102040,11276,10621,392,259,32915,1720,35559,3911,27826,3822,3381,317,107,24148,5605,33979,5677,22268,6034,5248,595,190,82490,15346,80423,11755,55663,13005,11766,746,485,139379,34149,139519,26351,84195,28973,27398,494,969,65440,1411,44511,5207,34177,5127,4790,185,149,88412,5140,27709,3252,21169,3288,3113,96,79,9185,6936,10979,1766,7044,2169,1955,129,84,120117,10834,117800,9623,94386,13791,12574,750,467,18475,2885,41957,3419,34566,3972,3466,232,273,88730,9358,78228,10637,56523,11068,9931,442,370,53828,3281,59786,4030,51025,4731,4322,105,303,20647,3946,20294,2439,15228,2627,2294,176,157,79986,2764,59162,5008,49875,4279,4003,156,120,36201,6524,35028,5850,23264,5914,4341,701,299,54383,5037,69090,6626,56683,5781,4657,63,146,110082,6245,58504,3942,51021,3541,3308,117,102,68969,1925,53306,4829,44435,4042,3813,101,126,30454,1169,15577,2252,11187,2138,1452,542,139,44310,7515,55368,9442,35825,10101,9058,700,341,47466,7176,33435,3539,26811,3085,2825,115,145,25410,3501,27847,2661,22680,2506,2081,346,76,3198123,306197,2177415,214796,1736765,225854,203927,10133,9776
2021-03-07,44318,8388,24210,2297,19044,2869,2673,26,167,40768,30314,45597,8290,31131,6176,5637,233,301,46362,1058,26930,1269,24306,1355,1202,77,75,17782,4573,9207,1153,6851,1203,1046,111,46,73701,9325,66328,6285,54247,5796,5526,143,127,10763,1971,10704,1205,8032,1467,1143,128,194,12936,35870,9688,1463,6544,1681,1516,73,92,33163,3056,45443,6591,33174,5678,4725,698,243,1513815,53824,686991,41491,598940,46560,42416,1059,3079,37933,2428,31328,2268,27129,1931,1778,89,63,127565,13052,123811,10431,102095,11285,10626,395,260,32963,1721,35597,3923,27851,3823,3381,317,108,24176,5607,34017,5691,22290,6036,5248,598,190,82607,15356,80485,11781,55681,13023,11786,746,483,139512,34159,139642,26412,84231,28999,27426,494,967,65515,1414,44545,5225,34182,5138,4797,185,154,88437,5145,27783,3269,21198,3316,3137,102,77,9212,6936,10987,1771,7046,2170,1957,129,83,120291,10834,117863,9654,94413,13796,12581,750,465,18499,2887,42022,3434,34611,3977,3471,232,273,88817,9363,78346,10665,56585,11096,9955,445,372,53901,3282,59910,4043,51119,4748,4337,105,305,20686,3950,20308,2443,15239,2626,2293,175,158,80058,2764,59206,5013,49901,4292,4013,156,123,36261,6526,35063,5870,23279,5914,4339,701,301,54452,5039,69146,6630,56730,5786,4661,63,147,110217,6247,58531,3945,51044,3542,3308,117,103,69013,1926,53337,4832,44454,4051,3819,102,128,30512,1171,15586,2261,11192,2133,1451,541,138,44371,7519,55418,9457,35839,10122,9075,700,345,47530,7185,33475,3554,26833,3088,2831,115,142,25426,3501,27904,2663,22732,2509,2083,346,77,3201562,306391,2179408,215279,1737943,226186,204237,10151,9786
2021-03-08,44696,8405,24300,2302,19132,2866,2670,26,167,41306,30325,45664,8297,31188,6179,5641,233,301,46577,1058,27010,1270,24376,1364,1208,78,77,17827,4575,9236,1155,6871,1210,1052,111,47,74016,9343,66407,6289,54313,5805,5535,143,127,10840,1972,10731,1206,8053,1472,1149,128,193,13001,35916,9710,1464,6560,1686,1522,73,91,33415,3061,45598,6600,33293,5705,4747,701,245,1522789,53954,689769,41630,601467,46672,42519,1059,3088,38119,2432,31405,2271,27190,1944,1787,89,66,128293,13073,124097,10444,102362,11291,10637,395,255,33257,1722,35721,3937,27952,3832,3387,318,110,24274,5615,34107,5704,22349,6054,5262,601,191,83179,15369,80665,11809,55815,13041,11802,748,483,140310,34186,140176,26466,84650,29060,27483,494,971,65952,1415,44634,5246,34239,5149,4811,185,151,89868,5160,28069,3290,21440,3339,3159,102,78,9286,6941,11013,1777,7069,2167,1954,129,83,120990,10836,118053,9670,94571,13812,12595,750,467,18635,2887,42179,3450,34737,3992,3483,234,275,89178,9382,78647,10698,56809,11140,9995,446,375,54274,3284,60245,4063,51415,4767,4354,105,307,20806,3953,20345,2445,15273,2627,2294,175,158,80600,2766,59358,5026,50041,4291,4013,154,124,36516,6534,35159,5879,23359,5921,4345,702,301,54798,5045,69259,6636,56836,5787,4661,63,148,110980,6252,58709,3953,51212,3544,3312,116,102,69325,1927,53448,4840,44550,4058,3825,103,128,30673,1171,15640,2267,11235,2138,1452,546,137,44677,7527,55533,9470,35913,10150,9101,701,346,47800,7187,33581,3567,26912,3102,2843,115,144,25534,3506,27978,2670,22793,2515,2091,345,76,3221791,306779,2186446,215791,1743975,226680,204689,10168,9812
2021-03-09,44881,8422,24347,2305,19170,2872,2677,26,166,41680,30328,45723,8304,31240,6179,5643,232,300,46914,1059,27075,1275,24435,1365,1208,79,77,17937,4581,9253,1158,6886,1209,1052,111,46,74331,9350,66478,6296,54375,5807,5537,143,127,10894,1975,10754,1213,8073,1468,1146,128,192,13157,35950,9725,1466,6573,1686,1521,73,92,33640,3062,45714,6615,33391,5708,4749,703,244,1532111,54141,692159,41744,603635,46780,42605,1062,3107,38269,2434,31462,2273,27242,1947,1792,89,65,128956,13089,124304,10467,102535,11302,10648,396,254,33455,1724,35821,3946,28033,3842,3397,318,110,24360,5622,34169,5722,22394,6053,5265,601,187,83659,15377,80822,11831,55938,13053,11809,749,487,141006,34209,140620,26509,84992,29119,27535,496,976,66248,1417,44703,5252,34284,5167,4828,186,151,91136,5176,28313,3310,21648,3355,3173,102,80,9353,6945,11032,1777,7084,2171,1957,129,84,121615,10839,118220,9683,94701,13836,12619,750,467,18747,2893,42353,3462,34886,4005,3499,232,274,89474,9402,78906,10734,56974,11198,10050,450,374,54546,3286,60532,4079,51672,4781,4374,105,301,20912,3955,20376,2448,15299,2629,2297,175,157,81029,2771,59464,5042,50127,4295,4017,154,124,36722,6538,35233,5887,23421,5925,4347,701,304,55158,5048,69404,6641,56967,5796,4670,63,147,111517,6253,58871,3954,51359,3558,3326,116,102,69568,1932,53532,4846,44623,4063,3831,102,128,30872,1175,15663,2270,11249,2144,1457,545,139,44957,7539,55624,9492,35974,10158,9111,701,344,48067,7194,33677,3574,26988,3115,2853,116,146,25644,3512,28033,2672,22843,2518,2093,346,76,3240815,307198,2192362,216247,1749011,227104,205086,10179,9828
2021-03-10,45039,8443,24414,2310,19222,2882,2687,26,166,42038,30332,45764,8311,31273,6180,5647,232,297,47165,1060,27126,1278,24483,1365,1208,80,76,18079,4588,9271,1161,6903,1207,1052,111,44,74649,9368,66553,6300,54434,5819,5550,142,127,10958,1975,10770,1216,8085,1469,1147,128,192,13335,36009,9765,1468,6608,1689,1526,73,90,33852,3064,45838,6625,33499,5714,4757,704,241,1540779,54269,694189,41870,605460,46859,42693,1059,3102,38438,2440,31508,2274,27279,1955,1799,89,66,129634,13101,124533,10488,102725,11320,10665,395,256,33718,1725,35889,3954,28091,3844,3400,318,109,24463,5634,34248,5729,22446,6073,5276,607,190,84138,15383,80947,11867,56033,13047,11804,748,487,141699,34222,140976,26577,85266,29133,27550,496,975,66726,1417,44763,5273,34325,5165,4830,186,148,92377,5191,28536,3328,21842,3366,3184,102,80,9417,6951,11054,1782,7101,2171,1959,128,83,122167,10843,118378,9698,94827,13853,12637,749,467,18861,2894,42501,3475,35011,4015,3507,232,276,89752,9425,79126,10789,57130,11207,10065,451,367,54872,3290,60868,4096,51966,4806,4392,105,308,21016,3957,20415,2450,15334,2631,2300,176,155,81432,2772,59591,5054,50239,4298,4024,154,120,36922,6542,35313,5898,23487,5928,4347,703,305,55530,5050,69534,6644,57095,5795,4668,63,148,112257,6256,59031,3957,51507,3567,3334,116,103,69845,1942,53615,4849,44698,4068,3835,102,129,31063,1181,15709,2272,11289,2148,1462,545,139,45188,7549,55720,9519,36033,10168,9127,700,340,48297,7197,33784,3582,27074,3128,2864,116,148,25769,3518,28106,2680,22908,2518,2095,347,73,3259475,307588,2197835,216774,1753673,227388,205391,10183,9807
2021-03-11,45251,8462,24478,2317,19281,2880,2685,26,166,42335,30337,45813,8314,31313,6186,5653,231,298,47337,1060,27196,1279,24550,1367,1210,80,76,18144,4591,9287,1164,6916,1207,1051,112,44,74940,9371,66602,6308,54472,5822,5553,143,126,10994,1976,10780,1218,8093,1469,1147,128,192,13601,36055,9787,1469,6627,1691,1529,73,89,34030,3068,45943,6632,33585,5726,4766,705,243,1549257,54459,696283,41999,607374,46910,42740,1061,3104,38589,2446,31545,2277,27312,1956,1801,89,65,130300,13116,124779,10508,102942,11329,10678,396,251,33940,1726,35969,3965,28152,3852,3407,319,109,24565,5639,34322,5737,22498,6087,5292,608,187,84532,15389,81074,11897,56135,13042,11807,747,480,142405,34241,141340,26632,85539,29169,27587,496,974,67122,1418,44809,5289,34352,5168,4834,186,147,93879,5207,28703,3341,21974,3388,3203,102,83,9473,6953,11074,1788,7114,2172,1960,128,83,122729,10845,118566,9719,94972,13875,12656,750,469,18962,2899,42650,3483,35131,4036,3524,235,277,90005,9437,79365,10824,57297,11244,10095,455,370,55174,3294,61145,4126,52209,4810,4399,105,305,21117,3958,20449,2453,15362,2634,2304,177,153,81881,2773,59684,5060,50321,4303,4028,154,120,37096,6550,35380,5907,23538,5935,4350,705,307,55829,5051,69647,6650,57199,5798,4671,64,147,113029,6261,59171,3962,51644,3565,3334,116,101,70087,1945,53674,4857,44748,4069,3834,104,129,31220,1183,15771,2276,11343,2152,1468,545,138,45423,7556,55822,9533,36104,10185,9138,701,344,48561,7202,33881,3591,27153,3137,2870,116,151,25911,3524,28146,2683,22946,2517,2093,347,74,3277718,307992,2203135,217258,1758196,227681,205667,10204,9802
2021-03-12,45411,8465,24529,2320,19322,2887,2693,26,165,42607,30343,45840,8316,31333,6191,5658,231,298,47572,1061,27250,1282,24599,1369,1212,80,76,18247,4599,9300,1165,6927,1208,1052,112,44,75210,9381,66658,6313,54521,5824,5554,144,126,11040,1977,10798,1220,8107,1471,1147,130,192,13714,36091,9801,1472,6637,1692,1527,73,92,34167,3069,46034,6643,33656,5735,4774,707,242,1558596,54956,698409,42086,609305,47018,42834,1064,3114,38721,2448,31605,2283,27365,1957,1802,89,65,130896,13125,125007,10525,103144,11338,10687,396,252,34139,1726,36055,3977,28217,3861,3419,318,107,24703,5646,34387,5746,22544,6097,5299,609,189,84920,15392,81193,11922,56219,13052,11822,746,476,142987,34266,141682,26668,85811,29203,27619,496,976,67419,1419,44876,5303,34389,5184,4852,186,145,95519,5218,28909,3356,22145,3408,3223,102,83,9534,6956,11092,1791,7127,2174,1962,128,83,123294,10851,118706,9729,95078,13899,12678,750,471,19047,2904,42747,3497,35207,4043,3533,235,275,90340,9448,79631,10855,57499,11277,10126,458,369,55519,3298,61375,4152,52396,4827,4411,105,310,21205,3964,20489,2456,15399,2634,2305,177,152,82390,2773,59807,5072,50426,4309,4032,154,122,37282,6558,35435,5919,23577,5939,4352,707,306,56150,5056,69770,6654,57310,5806,4678,64,148,113751,6264,59307,3967,51771,3569,3335,117,102,70345,1950,53757,4862,44821,4074,3838,104,130,31437,1189,15827,2279,11392,2156,1470,544,140,45697,7561,55899,9546,36159,10194,9145,702,344,48814,7215,33971,3603,27230,3138,2871,118,149,26007,3524,28173,2690,22967,2516,2093,348,73,3296680,308693,2208319,217669,1762600,228050,206003,10220,9816
2021-03-13,45527,8470,24538,2323,19327,2888,2694,26,165,42708,30346,45851,8319,31340,6192,5660,231,297,47640,1063,27278,1282,24622,1374,1217,80,76,18254,4599,9309,1167,6932,1210,1055,111,44,75311,9381,66680,6318,54537,5825,5556,144,125,11065,1977,10805,1221,8113,1471,1148,130,191,13752,36117,9810,1473,6645,1692,1527,73,92,34223,3069,46087,6654,33686,5747,4786,707,242,1563563,55105,699623,42193,610350,47080,42884,1066,3124,38747,2452,31611,2287,27370,1954,1800,89,64,131108,13129,125130,10549,103245,11336,10688,395,251,34200,1727,36090,3982,28237,3871,3427,318,109,24740,5650,34418,5755,22564,6099,5302,608,189,85039,15392,81247,11941,56237,13069,11841,745,475,143130,34279,141796,26710,85852,29234,27649,497,976,67525,1420,44898,5317,34400,5181,4852,185,143,95570,5226,28954,3377,22156,3421,3233,103,85,9560,6957,11101,1793,7133,2175,1963,128,83,123550,10852,118768,9744,95116,13908,12685,751,472,19087,2905,42800,3510,35252,4038,3530,235,273,90545,9453,79805,10893,57612,11300,10143,461,372,55656,3299,61515,4174,52509,4832,4421,106,304,21266,3964,20513,2460,15420,2633,2305,177,151,82646,2777,59893,5078,50504,4311,4033,154,123,37342,6565,35474,5930,23602,5942,4356,705,305,56283,5056,69822,6656,57352,5814,4686,64,148,114020,6267,59377,3972,51831,3574,3342,116,101,70448,1955,53789,4864,44847,4078,3841,105,130,31538,1189,15862,2285,11414,2163,1477,542,142,45778,7561,55951,9563,36188,10200,9148,703,346,48884,7231,34013,3612,27254,3147,2878,118,151,26044,3526,28188,2694,22979,2515,2093,348,72,3304749,308959,2210996,218096,1764626,228274,206220,10221,9821
2021-03-14,45701,8475,24549,2326,19333,2890,2697,26,164,42752,30349,45861,8324,31343,6194,5664,231,295,47676,1063,27299,1285,24639,1375,1219,80,75,18268,4599,9312,1167,6934,1211,1056,111,44,75370,9381,66696,6321,54545,5830,5560,144,126,11091,1977,10815,1223,8119,1473,1150,130,191,13792,36157,9818,1473,6648,1697,1530,73,94,34253,3069,46132,6665,33708,5759,4792,710,245,1564898,55184,700164,42303,610716,47145,42957,1067,3115,38767,2453,31620,2292,27375,1953,1799,89,64,131224,13131,125188,10575,103279,11334,10687,394,251,34227,1727,36115,3992,28245,3878,3434,318,109,24768,5651,34437,5773,22576,6088,5295,607,186,85125,15394,81285,11961,56248,13076,11848,744,476,143250,34285,141876,26774,85874,29228,27642,496,978,67673,1421,44920,5331,34409,5180,4851,185,143,95607,5239,28991,3399,22166,3426,3237,103,86,9578,6957,11116,1797,7139,2180,1968,128,83,123731,10854,118816,9761,95139,13916,12693,751,472,19117,2907,42844,3522,35271,4051,3538,239,274,90642,9458,79910,10925,57668,11317,10159,461,373,55748,3301,61627,4186,52592,4849,4438,106,304,21319,3965,20530,2461,15433,2636,2309,177,150,82717,2777,59929,5088,50534,4307,4031,153,122,37389,6566,35496,5939,23609,5948,4366,704,302,56420,5058,69863,6658,57382,5823,4693,64,150,114142,6268,59406,3976,51856,3574,3344,116,99,70531,1956,53814,4871,44861,4082,3846,104,130,31591,1189,15887,2288,11430,2169,1483,542,142,45865,7561,55999,9582,36213,10204,9151,703,347,48946,7240,34042,3620,27269,3153,2882,118,153,26073,3526,28201,2697,22986,2518,2095,349,72,3308251,309138,2212558,218555,1765539,228464,206414,10223,9815
2021-03-15,45758,8478,24567,2332,19340,2895,2703,27,162,42810,30354,45878,8327,31355,6196,5667,231,294,47747,1064,27317,1288,24652,1377,1219,81,76,18296,4602,9320,1169,6941,1210,1056,111,43,75526,9385,66720,6326,54559,5835,5565,144,126,11113,1980,10829,1224,8132,1473,1151,130,190,13867,36215,9824,1475,6652,1697,1531,73,93,34297,3070,46178,6673,33731,5774,4806,711,245,1566284,55259,700803,42389,611176,47238,43044,1069,3119,38804,2458,31644,2293,27392,1959,1804,89,65,131418,13138,125303,10588,103364,11351,10706,393,249,34336,1730,36158,4006,28271,3881,3435,318,111,24807,5658,34479,5781,22597,6101,5310,608,183,85264,15398,81339,11980,56271,13088,11857,743,480,143408,34300,141975,26822,85907,29246,27660,496,978,68100,1423,44964,5343,34422,5199,4868,186,144,95715,5260,29058,3418,22202,3438,3248,105,85,9612,6958,11120,1799,7141,2180,1968,128,83,123976,10855,118884,9776,95181,13927,12703,751,473,19166,2914,42928,3535,35336,4057,3545,241,271,90848,9464,80051,10960,57753,11338,10175,461,378,55901,3302,61750,4208,52677,4865,4456,106,302,21379,3970,20564,2463,15457,2644,2316,178,150,82918,2780,60004,5104,50590,4310,4031,153,125,37470,6569,35539,5944,23632,5963,4377,706,303,56580,5060,69909,6660,57421,5828,4698,64,150,114367,6269,59454,3978,51891,3585,3355,116,99,70610,1958,53851,4880,44883,4088,3851,105,130,31682,1197,15926,2290,11457,2179,1493,542,142,45983,7567,56066,9598,36256,10212,9161,702,346,49020,7246,34076,3628,27288,3160,2889,118,153,26154,3527,28224,2701,23002,2521,2098,349,72,3313216,309408,2214702,218958,1766929,228815,206746,10235,9820
2021-03-16,46066,8492,24662,2333,19418,2911,2720,27,161,43240,30363,45926,8329,31397,6200,5670,231,295,47996,1065,27418,1292,24744,1382,1225,80,76,18389,4604,9344,1172,6963,1209,1053,111,45,75920,9390,66781,6333,54615,5833,5564,143,126,11168,1980,10853,1226,8152,1475,1152,131,190,14088,36282,9846,1476,6671,1699,1533,73,93,34565,3071,46327,6687,33859,5781,4815,710,244,1575948,55470,703481,42471,613647,47363,43160,1069,3128,38981,2464,31728,2295,27467,1966,1811,89,65,132193,13150,125632,10603,103666,11363,10715,392,253,34591,1735,36240,4017,28339,3884,3440,318,109,24950,5669,34563,5792,22668,6103,5314,607,182,85854,15406,81524,12001,56432,13091,11862,742,479,144258,34332,142481,26872,86329,29280,27683,497,988,68382,1426,45043,5358,34476,5209,4879,186,143,96140,5278,29219,3433,22333,3453,3260,105,88,9683,6964,11142,1803,7157,2182,1970,128,83,124757,10858,119076,9791,95335,13950,12725,752,473,19280,2914,43039,3544,35437,4058,3547,241,270,91159,9480,80318,10992,57948,11378,10211,462,381,56229,3304,62035,4221,52938,4876,4464,106,304,21490,3976,20626,2468,15512,2646,2320,178,148,83418,2781,60129,5109,50696,4324,4042,153,128,37703,6574,35634,5957,23706,5971,4377,712,304,56990,5060,70061,6661,57558,5842,4710,64,152,115059,6269,59625,3981,52051,3593,3363,116,98,70911,1966,53944,4884,44967,4093,3857,105,129,31875,1197,16005,2294,11523,2188,1498,544,144,46303,7570,56186,9613,36339,10234,9182,703,346,49305,7256,34190,3631,27383,3176,2903,118,155,26301,3532,28295,2707,23066,2522,2099,350,73,3333192,309878,2221373,219346,1772792,229235,207124,10243,9853
2021-03-17,46283,8506,24704,2336,19453,2915,2724,27,161,43624,30366,45957,8339,31427,6191,5666,231,290,48203,1067,27485,1296,24807,1382,1226,80,75,18619,4610,9371,1172,6989,1210,1054,111,45,76256,9393,66850,6340,54670,5840,5572,143,125,11221,1982,10869,1226,8165,1478,1154,132,190,14363,36360,9857,1478,6680,1699,1534,73,92,34812,3081,46441,6696,33956,5789,4821,710,246,1585072,55642,705671,42566,615634,47471,43254,1072,3139,39137,2467,31789,2298,27521,1970,1814,89,66,132810,13165,125858,10613,103863,11382,10729,397,253,34850,1738,36332,4028,28416,3888,3445,318,108,25049,5674,34628,5802,22711,6115,5326,608,181,86331,15414,81644,12014,56521,13109,11875,742,484,144990,34359,142843,26917,86618,29308,27711,497,988,68739,1426,45112,5373,34525,5214,4885,186,142,96774,5290,29343,3449,22428,3466,3275,106,85,9750,6969,11158,1803,7169,2186,1974,128,83,125394,10861,119214,9805,95434,13975,12748,753,474,19365,2916,43142,3555,35528,4059,3547,242,270,91470,9493,80539,11021,58111,11407,10232,463,386,56556,3308,62272,4239,53155,4878,4469,106,301,21629,3979,20661,2470,15541,2650,2322,179,149,83865,2781,60248,5123,50792,4333,4052,153,127,37910,6576,35718,5971,23773,5974,4383,711,302,57293,5061,70157,6665,57645,5847,4715,64,152,115777,6269,59754,3985,52171,3598,3368,116,98,71168,1969,54015,4891,45026,4098,3862,105,129,32126,1201,16040,2299,11551,2190,1502,543,143,46646,7574,56285,9627,36400,10258,9204,703,348,49561,7265,34298,3641,27468,3189,2915,120,154,26457,3536,28337,2708,23100,2529,2106,350,73,3352100,310298,2226592,219746,1777248,229598,207464,10258,9859
2021-03-18,46506,8516,24750,2337,19493,2920,2729,27,161,43991,30373,46003,8349,31466,6188,5666,232,286,48397,1068,27558,1298,24879,1381,1225,80,75,18734,4613,9382,1174,6997,1211,1056,112,43,76560,9397,66889,6344,54704,5841,5573,143,125,11279,1983,10886,1226,8180,1480,1156,132,190,14771,36407,9875,1478,6696,1701,1536,73,92,35035,3084,46564,6707,34060,5797,4831,710,244,1593163,55906,707713,42640,617493,47580,43352,1073,3150,39323,2476,31847,2307,27570,1970,1815,91,63,133562,13173,126066,10625,104051,11390,10738,397,252,35067,1740,36423,4040,28492,3891,3449,318,107,25164,5684,34697,5808,22763,6126,5339,608,179,86842,15417,81768,12029,56623,13116,11887,741,480,145691,34372,143181,26958,86875,29348,27746,497,993,69426,1427,45183,5384,34573,5226,4898,185,142,97294,5303,29467,3472,22518,3477,3286,106,85,9824,6970,11172,1806,7181,2185,1972,128,84,126043,10866,119311,9822,95514,13975,12749,753,473,19458,2921,43256,3568,35623,4065,3553,243,269,91823,9526,80781,11053,58291,11437,10265,461,385,56891,3313,62471,4251,53330,4890,4482,106,300,21743,3987,20704,2471,15576,2657,2327,179,151,84352,2781,60345,5133,50873,4339,4060,153,125,38144,6576,35799,5980,23842,5977,4384,710,304,57596,5064,70255,6671,57734,5850,4719,64,151,116443,6271,59898,3986,52306,3606,3372,116,102,71428,1971,54077,4894,45080,4103,3866,105,130,32338,1202,16081,2305,11586,2190,1502,541,145,46925,7576,56348,9639,36438,10271,9221,703,344,49850,7276,34394,3654,27545,3195,2920,120,155,26590,3539,28410,2710,23165,2535,2111,351,73,3370253,310778,2231554,220119,1781517,229918,207785,10258,9858
2021-03-19,46726,8532,24794,2340,19530,2924,2731,27,163,44308,30379,46024,8354,31482,6188,5666,232,286,48607,1070,27664,1300,24978,1386,1230,80,75,18824,4617,9394,1175,7007,1212,1058,111,43,76853,9403,66928,6351,54736,5841,5573,143,125,11343,1984,10909,1230,8192,1487,1163,132,190,15066,36448,9894,1479,6712,1703,1538,73,92,35213,3084,46686,6714,34164,5808,4840,711,245,1602099,56116,709540,42745,619135,47660,43436,1073,3145,39476,2481,31892,2311,27610,1971,1815,92,63,134357,13181,126269,10639,104228,11402,10751,398,250,35283,1742,36506,4048,28555,3903,3461,318,106,25257,5690,34778,5821,22824,6133,5347,608,178,87246,15430,81901,12036,56723,13142,11912,742,480,146382,34394,143504,27004,87128,29372,27763,498,999,69725,1427,45258,5389,34624,5245,4916,186,142,97959,5315,29589,3487,22609,3493,3301,106,86,9882,6973,11184,1806,7190,2188,1975,128,84,126614,10866,119413,9833,95590,13990,12760,756,474,19613,2923,43414,3580,35762,4072,3561,243,268,92112,9550,80989,11079,58449,11461,10294,461,380,57159,3320,62680,4267,53519,4894,4486,106,300,21859,3990,20740,2472,15606,2662,2328,181,153,84827,2785,60442,5140,50961,4341,4063,153,124,38338,6581,35877,5991,23901,5985,4393,709,304,57978,5067,70348,6677,57814,5857,4724,65,150,117056,6273,60029,3990,52426,3613,3379,117,101,71708,1976,54144,4902,45139,4103,3865,106,130,32541,1204,16126,2310,11625,2191,1505,541,144,47262,7579,56423,9650,36487,10286,9238,703,342,50141,7281,34480,3666,27619,3195,2922,120,153,26669,3544,28440,2713,23188,2539,2112,352,75,3388483,311205,2236259,220499,1785513,230247,208106,10271,9850
2021-03-20,46872,8540,24866,2343,19597,2926,2734,26,163,44388,30382,46042,8358,31495,6189,5668,232,285,48694,1071,27697,1301,25006,1390,1234,80,75,18855,4621,9397,1176,7010,1211,1057,111,43,76955,9403,66947,6355,54750,5842,5574,143,125,11374,1984,10917,1232,8197,1488,1162,133,191,15178,36476,9895,1479,6713,1703,1538,73,92,35282,3087,46754,6724,34198,5832,4862,712,246,1606394,56316,710645,42836,620096,47713,43487,1071,3149,39504,2483,31898,2313,27614,1971,1816,92,62,134567,13182,126347,10652,104282,11413,10767,397,246,35329,1742,36532,4056,28569,3907,3464,318,107,25300,5693,34805,5834,22840,6131,5349,606,176,87398,15432,81954,12057,56747,13150,11923,742,477,146543,34411,143585,27035,87162,29388,27779,498,999,69814,1427,45284,5395,34632,5257,4929,186,141,97996,5331,29640,3501,22631,3508,3315,105,88,9912,6975,11198,1806,7198,2194,1981,128,84,126858,10867,119463,9842,95629,13992,12761,758,473,19650,2923,43495,3591,35829,4075,3563,242,270,92310,9557,81136,11100,58551,11485,10312,463,384,57297,3322,62791,4278,53613,4900,4490,107,301,21922,3993,20770,2475,15629,2666,2331,181,154,85101,2786,60484,5149,50995,4340,4064,153,122,38428,6584,35911,6001,23925,5985,4398,708,300,58168,5069,70403,6681,57864,5858,4725,65,150,117273,6276,60074,3993,52463,3618,3385,117,100,71763,1976,54180,4911,45164,4105,3867,105,131,32651,1204,16146,2315,11636,2195,1509,541,145,47350,7581,56460,9666,36508,10286,9237,704,342,50228,7289,34523,3672,27650,3201,2925,121,155,26714,3545,28459,2722,23199,2538,2112,352,74,3396068,311528,2238698,220849,1787392,230457,208318,10270,9850
2021-03-21,46972,8544,24881,2348,19605,2928,2735,26,164,44445,30389,46053,8365,31503,6185,5667,232,282,48753,1071,27721,1301,25027,1393,1237,80,75,18872,4622,9403,1177,7015,1211,1057,111,43,77056,9403,66957,6358,54756,5843,5575,143,125,11394,1986,10924,1235,8202,1487,1162,133,190,15211,36490,9907,1481,6721,1705,1540,73,92,35323,3093,46810,6730,34230,5850,4879,712,247,1607830,56414,711089,42920,620386,47783,43566,1071,3140,39541,2485,31914,2315,27625,1974,1818,92,63,134733,13188,126416,10668,104320,11428,10777,402,246,35379,1742,36567,4066,28592,3909,3465,318,108,25324,5699,34831,5841,22854,6136,5354,607,175,87515,15434,81995,12070,56763,13162,11931,743,480,146687,34422,143688,27084,87183,29421,27815,499,995,69975,1429,45307,5408,34633,5266,4936,186,143,98018,5355,29673,3528,22628,3517,3326,105,86,9925,6977,11203,1809,7200,2194,1981,128,84,127042,10868,119490,9852,95645,13993,12763,758,472,19697,2923,43532,3604,35850,4078,3565,244,269,92417,9571,81263,11127,58622,11514,10337,463,389,57386,3324,62885,4288,53681,4916,4508,107,299,21985,3995,20792,2478,15646,2668,2329,181,158,85181,2786,60516,5156,51023,4337,4062,153,121,38499,6588,35940,6010,23942,5988,4400,708,301,58315,5069,70457,6685,57909,5863,4730,66,149,117405,6280,60103,3995,52484,3624,3391,117,100,71814,1977,54195,4917,45170,4108,3869,105,131,32695,1204,16171,2321,11654,2196,1510,541,145,47439,7583,56507,9683,36528,10296,9247,703,343,50291,7295,34561,3679,27671,3211,2934,121,156,26764,3545,28493,2728,23225,2540,2113,352,75,3399883,311751,2240244,221227,1788293,230724,208579,10280,9846
2021-03-22,47273,8553,24929,2352,19646,2931,2738,26,164,44960,30396,46126,8368,31566,6192,5674,232,282,48982,1071,27831,1306,25129,1396,1241,80,74,18918,4635,9417,1179,7028,1210,1055,111,44,77460,9413,67026,6362,54807,5857,5587,144,126,11465,1988,10936,1236,8212,1488,1162,133,191,15564,36519,9919,1484,6732,1703,1539,73,91,35572,3099,47017,6742,34398,5877,4903,713,249,1616496,56654,713317,43004,622429,47884,43667,1070,3141,39703,2491,31974,2321,27676,1977,1820,93,63,135559,13202,126718,10679,104598,11441,10791,402,245,35607,1744,36657,4068,28667,3922,3475,319,110,25457,5714,34917,5848,22913,6156,5371,607,178,88063,15439,82145,12083,56891,13171,11941,743,479,147469,34448,144111,27135,87526,29450,27839,500,999,70402,1430,45378,5428,34686,5264,4934,186,143,98530,5385,29827,3536,22763,3528,3338,105,85,10003,6980,11218,1810,7213,2195,1982,128,84,127751,10871,119601,9858,95725,14018,12789,758,471,19823,2923,43627,3616,35931,4080,3569,242,269,92785,9601,81516,11145,58800,11571,10386,463,397,57725,3330,63137,4301,53900,4936,4523,107,305,22135,3998,20854,2478,15701,2675,2331,181,163,85728,2787,60638,5158,51131,4349,4072,153,123,38722,6593,36045,6023,24024,5998,4406,710,303,58714,5085,70586,6688,58027,5871,4738,66,149,118155,6286,60295,4005,52663,3627,3392,117,102,72099,1986,54268,4925,45236,4107,3868,105,131,32843,1206,16243,2325,11716,2202,1514,544,144,47737,7589,56617,9704,36608,10305,9258,702,342,50560,7301,34657,3687,27742,3228,2951,119,157,26919,3548,28551,2732,23278,2541,2114,353,74,3419179,312265,2246098,221586,1793362,231150,208968,10285,9878
2021-03-23,47493,8561,24975,2354,19685,2936,2742,26,165,45411,30403,46180,8371,31614,6195,5679,232,280,49238,1071,27948,1306,25237,1405,1247,82,75,18966,4643,9435,1181,7046,1208,1054,111,43,77825,9428,67107,6367,54879,5861,5590,146,125,11517,1989,10948,1237,8221,1490,1165,133,190,15916,36566,9934,1486,6744,1704,1542,73,89,35792,3101,47186,6753,34531,5902,4927,714,249,1624932,56841,715388,43109,624305,47974,43755,1070,3143,39863,2495,32025,2323,27719,1983,1825,93,64,136400,13211,126942,10691,104797,11454,10805,402,244,35818,1745,36746,4078,28736,3932,3483,321,110,25572,5725,34980,5861,22954,6165,5378,609,178,88572,15447,82244,12095,56973,13176,11946,744,478,148165,34468,144446,27168,87797,29481,27873,500,996,71524,1432,45451,5438,34732,5281,4951,186,143,99048,5406,29925,3556,22825,3544,3355,105,84,10075,6982,11228,1813,7220,2195,1982,128,84,128389,10876,119706,9868,95795,14043,12814,758,471,19968,2928,43740,3630,36025,4085,3576,240,269,93152,9624,81723,11174,58959,11590,10409,463,393,58063,3332,63361,4318,54102,4941,4530,107,303,22234,4002,20909,2480,15750,2679,2333,180,166,86219,2789,60725,5170,51205,4350,4073,152,124,38938,6595,36120,6032,24083,6005,4413,707,306,59100,5091,70696,6693,58134,5869,4740,65,147,118848,6293,60429,4011,52790,3628,3394,117,101,72377,1992,54329,4930,45288,4111,3874,104,130,33055,1206,16314,2334,11774,2206,1517,548,141,47989,7593,56726,9730,36687,10309,9262,703,341,50837,7307,34738,3695,27805,3238,2958,121,159,27038,3552,28612,2734,23334,2544,2117,353,74,3438334,312694,2251216,221986,1797746,231484,209309,10293,9865
2021-03-24,47708,8569,25009,2355,19712,2942,2747,26,166,45793,30409,46230,8374,31656,6200,5683,232,281,49471,1071,28024,1309,25306,1409,1252,82,74,19092,4654,9460,1182,7070,1208,1054,111,43,78130,9436,67153,6368,54916,5869,5597,147,125,11574,1989,10960,1238,8233,1489,1165,132,190,16147,36607,9944,1486,6751,1707,1543,73,91,36029,3109,47363,6755,34674,5934,4955,714,253,1633228,57013,717139,43208,625884,48047,43838,1068,3135,40018,2496,32073,2325,27757,1991,1831,94,65,137391,13222,127143,10702,104970,11471,10823,402,243,36008,1745,36839,4084,28818,3937,3487,321,111,25678,5739,35049,5868,23000,6181,5393,609,179,89064,15453,82346,12109,57062,13175,11945,744,478,148921,34479,144751,27204,88036,29511,27897,502,1000,71866,1434,45534,5457,34790,5287,4960,186,140,99460,5418,30032,3574,22903,3555,3366,105,84,10153,6984,11245,1815,7233,2197,1984,128,84,129005,10883,119775,9879,95848,14048,12820,758,470,20074,2929,43830,3637,36101,4092,3581,239,272,93493,9642,81906,11206,59084,11616,10437,463,391,58363,3333,63541,4328,54261,4952,4540,107,304,22344,4005,20953,2484,15784,2685,2336,183,166,86680,2794,60815,5177,51283,4355,4078,152,124,39140,6601,36197,6037,24142,6018,4420,712,307,59414,5094,70823,6699,58249,5875,4745,65,148,119506,6297,60560,4015,52912,3633,3399,117,101,72648,1998,54393,4934,45345,4114,3877,104,130,33341,1206,16373,2337,11824,2212,1520,549,143,48331,7600,56818,9738,36752,10328,9279,703,343,51079,7312,34820,3703,27861,3256,2967,125,164,27125,3554,28656,2738,23371,2547,2119,353,75,3456274,313075,2255754,222325,1801588,231841,209638,10306,9880
2021-03-25,47914,8577,25052,2357,19748,2947,2753,25,166,46133,30414,46285,8379,31701,6205,5682,232,287,49813,1072,28124,1312,25404,1408,1251,81,75,19226,4661,9479,1184,7083,1212,1055,112,45,78381,9444,67197,6370,54953,5874,5602,147,125,11620,1990,10975,1240,8242,1493,1166,133,192,16528,36659,9955,1488,6761,1706,1544,73,89,36255,3111,47561,6771,34844,5946,4966,715,253,1641820,57188,718847,43289,627426,48132,43933,1068,3125,40185,2498,32116,2326,27791,1999,1838,94,66,138284,13234,127388,10711,105191,11486,10839,401,243,36196,1749,36908,4089,28879,3940,3490,321,111,25802,5749,35111,5871,23046,6194,5402,612,180,89492,15453,82455,12121,57139,13195,11966,745,476,149635,34497,145073,27229,88282,29562,27947,503,1000,72167,1435,45596,5470,34833,5293,4964,187,141,99966,5433,30111,3583,22965,3563,3374,105,84,10227,6991,11253,1816,7239,2198,1985,128,84,129597,10891,119866,9885,95913,14068,12839,758,471,20164,2930,43942,3643,36198,4101,3590,239,272,93803,9661,82083,11235,59212,11636,10466,463,382,58697,3336,63740,4339,54440,4961,4547,108,305,22454,4008,20989,2488,15817,2684,2336,183,165,87202,2795,60898,5185,51359,4354,4077,152,124,39341,6608,36265,6049,24197,6019,4423,710,307,59730,5096,70930,6702,58347,5881,4749,65,150,120080,6302,60670,4018,53010,3642,3408,117,101,72890,2006,54453,4936,45393,4124,3886,104,131,33611,1210,16430,2338,11873,2219,1524,551,144,48707,7603,56900,9751,36805,10344,9297,703,341,51344,7313,34905,3711,27935,3259,2970,125,164,27245,3558,28704,2738,23413,2553,2124,354,75,3474509,313472,2260261,222624,1805439,232198,209993,10314,9874
2021-03-26,48095,8584,25085,2360,19778,2947,2753,25,166,46429,30418,46328,8380,31732,6216,5690,232,290,50047,1074,28205,1314,25477,1414,1255,81,76,19253,4662,9489,1186,7091,1212,1057,112,43,78713,9450,67268,6372,55016,5880,5606,149,125,11670,1990,10981,1242,8246,1493,1166,133,192,16878,36693,9971,1491,6774,1706,1545,73,88,36488,3119,47737,6778,34996,5963,4974,718,258,1650028,57330,720410,43343,628828,48239,44027,1073,3133,40349,2501,32150,2330,27820,2000,1839,93,66,138936,13262,127607,10719,105380,11508,10862,399,244,36410,1749,36966,4095,28931,3940,3492,321,109,25908,5753,35163,5877,23079,6207,5412,615,180,89918,15460,82545,12132,57200,13213,11987,746,472,150433,34516,145324,27272,88468,29584,27973,504,995,72472,1436,45646,5478,34867,5301,4972,187,141,100557,5445,30204,3594,23033,3577,3388,105,84,10285,6991,11259,1818,7244,2197,1984,128,84,130148,10901,119976,9895,95995,14086,12855,759,472,20297,2934,44017,3650,36257,4110,3593,241,276,94031,9679,82268,11265,59343,11660,10487,463,384,58968,3341,63893,4348,54578,4967,4555,108,303,22558,4009,21038,2492,15857,2689,2340,183,166,87666,2797,60983,5191,51435,4357,4080,152,124,39507,6613,36339,6056,24253,6030,4431,712,306,60028,5098,71052,6707,58457,5888,4754,65,152,120621,6309,60803,4023,53139,3641,3408,117,100,73188,2018,54509,4939,45443,4127,3890,104,130,33856,1216,16461,2341,11903,2217,1524,551,142,48974,7604,56954,9761,36835,10358,9308,705,342,51577,7322,34980,3720,27990,3270,2978,124,168,27367,3562,28749,2743,23452,2554,2125,355,74,3491655,313836,2264360,222912,1808897,232551,210310,10333,9885
2021-03-27,48269,8585,25153,2361,19842,2950,2756,25,166,46499,30421,46342,8384,31741,6217,5690,232,292,50160,1074,28261,1315,25532,1414,1255,81,76,19268,4663,9500,1187,7100,1213,1059,112,42,78837,9452,67284,6375,55025,5884,5611,149,124,11710,1990,10989,1243,8253,1493,1166,133,192,16930,36728,9978,1491,6777,1710,1549,73,88,36539,3119,47802,6783,35035,5984,4991,719,261,1654296,57452,721443,43416,629721,48306,44086,1078,3137,40377,2502,32163,2334,27825,2004,1843,93,66,139152,13269,127666,10728,105426,11512,10868,398,243,36460,1749,36988,4097,28947,3944,3495,321,110,25962,5754,35184,5887,23094,6203,5411,615,177,90059,15467,82595,12161,57220,13214,11992,746,468,150688,34535,145407,27307,88501,29599,27991,504,992,73208,1442,45686,5485,34888,5313,4983,187,142,100623,5453,30241,3610,23050,3581,3394,105,82,10315,6993,11263,1819,7245,2199,1986,128,84,130331,10906,120014,9901,96015,14098,12867,760,471,20335,2934,44083,3656,36311,4116,3599,241,276,94168,9684,82396,11295,59422,11679,10508,463,382,59088,3341,63974,4362,54635,4977,4564,108,304,22627,4010,21067,2494,15879,2694,2344,184,166,87933,2799,61034,5201,51477,4356,4080,152,123,39581,6618,36369,6059,24273,6037,4440,713,303,60155,5098,71095,6714,58492,5889,4755,65,152,120903,6313,60851,4026,53183,3642,3409,117,100,73260,2021,54528,4945,45455,4128,3892,103,130,33913,1223,16472,2345,11911,2216,1523,552,141,49093,7608,56993,9772,36856,10365,9315,706,341,51628,7336,35006,3727,28001,3278,2982,126,170,27402,3562,28783,2747,23479,2557,2127,356,74,3499769,314101,2266610,223227,1810611,232772,210531,10345,9875
2021-03-28,48430,8587,25168,2363,19850,2955,2762,25,165,46563,30425,46352,8384,31743,6225,5696,232,294,50227,1074,28280,1316,25545,1419,1259,81,77,19287,4664,9503,1187,7102,1214,1060,112,42,78907,9452,67308,6378,55043,5887,5613,149,125,11731,1990,11000,1246,8260,1494,1169,133,190,16959,36749,9981,1492,6777,1712,1551,73,88,36573,3121,47849,6795,35060,5994,5001,719,261,1655929,57509,721825,43499,629964,48362,44132,1080,3145,40410,2503,32180,2338,27832,2010,1849,93,66,139346,13274,127749,10743,105477,11529,10884,399,243,36518,1750,37019,4105,28963,3951,3501,321,111,25990,5757,35210,5897,23110,6203,5412,615,176,90201,15474,82640,12179,57245,13216,11993,747,468,150843,34541,145485,27353,88524,29608,28006,504,986,73346,1442,45708,5495,34895,5318,4988,187,142,100661,5464,30269,3623,23057,3589,3401,105,83,10344,6993,11268,1819,7247,2202,1989,128,84,130522,10917,120046,9908,96033,14105,12874,760,471,20370,2935,44118,3663,36328,4127,3606,242,279,94268,9688,82489,11329,59465,11695,10529,464,376,59208,3341,64027,4372,54678,4977,4566,108,302,22700,4012,21090,2497,15898,2695,2346,184,165,88034,2800,61071,5208,51501,4362,4086,152,123,39622,6622,36394,6069,24285,6040,4447,711,301,60227,5099,71132,6722,58520,5890,4757,65,151,121049,6316,60872,4031,53203,3638,3405,117,100,73324,2025,54551,4952,45473,4126,3892,103,128,33960,1232,16485,2350,11919,2216,1526,551,139,49180,7611,57019,9780,36872,10367,9316,706,342,51695,7341,35033,3735,28014,3284,2986,126,172,27443,3562,28802,2753,23495,2554,2125,355,74,3503867,314270,2267923,223581,1811378,232964,210727,10347,9869
2021-03-29,48725,8596,25231,2367,19906,2958,2766,25,164,47108,30429,46414,8392,31790,6232,5707,232,290,50460,1076,28357,1318,25616,1423,1264,80,77,19419,4668,9535,1188,7130,1217,1061,113,43,79240,9461,67366,6381,55089,5896,5620,150,126,11792,1991,11019,1248,8275,1496,1171,133,190,17274,36804,9993,1493,6788,1712,1551,73,88,36875,3126,48079,6808,35242,6029,5031,721,264,1663986,57672,723748,43578,631716,48454,44213,1081,3155,40549,2505,32232,2345,27877,2010,1850,93,65,140135,13285,127983,10754,105688,11541,10895,401,241,36732,1752,37110,4116,29033,3961,3513,321,109,26109,5767,35295,5909,23170,6216,5421,619,176,90773,15485,82775,12187,57354,13234,12007,749,470,151705,34558,145826,27386,88789,29651,28055,503,981,73741,1446,45784,5506,34940,5338,5005,187,145,101191,5469,30386,3629,23154,3603,3414,106,83,10434,6995,11281,1822,7257,2202,1989,128,84,131219,10929,120191,9922,96135,14134,12901,760,473,20487,2941,44232,3672,36426,4134,3613,241,280,94537,9717,82704,11354,59612,11738,10568,464,380,59511,3342,64213,4380,54848,4985,4574,108,302,22808,4018,21129,2499,15932,2698,2350,184,164,88594,2803,61195,5220,51605,4370,4093,152,124,39845,6627,36499,6078,24368,6053,4457,712,303,60554,5102,71277,6725,58646,5906,4773,65,151,121709,6329,61039,4032,53363,3644,3408,117,103,73643,2033,54625,4958,45543,4124,3893,102,126,34081,1232,16523,2351,11950,2222,1530,552,140,49489,7614,57081,9798,36914,10369,9325,706,335,51938,7348,35124,3746,28087,3291,2996,126,169,27586,3563,28873,2753,23556,2564,2133,357,74,3522249,314683,2273119,223915,1815799,233405,211147,10361,9875
2021-03-30,48925,8606,25275,2369,19935,2971,2779,25,164,47549,30435,46457,8394,31819,6244,5719,232,290,50750,1076,28440,1320,25694,1426,1266,81,77,19518,4671,9557,1189,7148,1220,1063,114,43,79537,9466,67417,6385,55132,5900,5622,151,127,11870,1991,11030,1248,8284,1498,1171,134,191,17616,36831,10010,1495,6801,1714,1554,73,87,37198,3128,48277,6825,35408,6044,5048,723,261,1672406,57843,725508,43653,633326,48529,44283,1084,3157,40691,2508,32281,2349,27918,2014,1852,93,67,140881,13300,128099,10764,105789,11546,10899,402,241,36923,1752,37202,4126,29112,3964,3514,322,110,26214,5770,35355,5912,23214,6229,5434,619,176,91209,15488,82873,12198,57434,13241,12011,750,472,152529,34588,146096,27415,88991,29690,28089,505,984,74184,1450,45863,5518,35000,5345,5013,187,144,101858,5489,30502,3640,23246,3616,3427,106,83,10507,6996,11294,1823,7269,2202,1990,128,83,131963,10941,120299,9929,96214,14156,12921,761,474,20646,2945,44319,3684,36498,4137,3617,241,279,94769,9733,82892,11388,59742,11762,10594,463,380,59770,3342,64323,4392,54943,4988,4581,108,298,22928,4020,21176,2504,15973,2699,2351,184,164,89076,2804,61288,5227,51692,4369,4093,151,124,40040,6628,36561,6085,24417,6059,4463,712,303,60864,5106,71384,6735,58745,5904,4773,65,150,122334,6333,61204,4035,53516,3653,3415,118,104,73881,2041,54689,4961,45598,4130,3898,103,126,34234,1238,16552,2354,11973,2225,1535,551,139,49736,7616,57141,9807,36950,10384,9339,707,335,52171,7352,35200,3754,28149,3297,3003,125,169,27718,3570,28910,2755,23583,2572,2139,357,75,3540495,315057,2277474,224233,1819513,233728,211456,10375,9877
2021-03-31,49130,8616,25311,2372,19964,2975,2780,25,167,47917,30443,46505,8398,31855,6252,5726,232,291,50909,1080,28518,1320,25765,1433,1272,81,78,19618,4673,9568,1190,7156,1222,1065,114,43,79805,9469,67454,6388,55164,5902,5624,151,127,11913,1991,11035,1248,8288,1499,1172,134,191,18005,36865,10029,1495,6814,1720,1559,73,88,37437,3131,48463,6833,35567,6063,5063,724,264,1680478,57991,727094,43717,634783,48594,44347,1085,3157,40814,2510,32304,2351,27938,2015,1851,94,68,141452,13306,128203,10777,105876,11550,10901,402,243,37081,1755,37276,4136,29173,3967,3520,322,107,26306,5783,35405,5920,23247,6238,5442,620,176,91607,15495,82967,12209,57506,13252,12018,751,475,153215,34614,146339,27464,89165,29710,28111,506,981,74628,1451,45952,5531,35069,5352,5019,187,145,102539,5504,30569,3654,23290,3625,3437,106,82,10585,6996,11300,1827,7274,2199,1987,128,83,132552,10950,120408,9931,96294,14183,12947,762,474,20727,2948,44398,3689,36562,4147,3626,241,280,95027,9746,83035,11418,59843,11774,10606,465,378,60046,3345,64500,4402,55110,4988,4581,108,298,23041,4023,21222,2506,16009,2707,2356,184,167,89543,2807,61387,5231,51784,4372,4098,151,122,40246,6634,36640,6097,24478,6065,4468,716,300,61179,5107,71483,6738,58834,5911,4776,66,153,122846,6339,61314,4039,53619,3656,3418,118,104,74093,2054,54746,4966,45645,4135,3902,103,127,34354,1244,16580,2356,11996,2228,1538,551,139,50032,7622,57216,9818,37012,10386,9343,708,332,52406,7356,35274,3764,28213,3297,3003,125,169,27834,3577,28950,2760,23614,2576,2140,358,77,3557365,315425,2281445,224545,1822907,233993,211696,10391,9886
2021-04-01,49173,8616,25326,2380,19969,2977,2782,25,167,48068,30448,46537,8402,31876,6259,5735,232,289,51008,1080,28585,1320,25827,1438,1276,82,78,19631,4675,9577,1192,7161,1224,1067,114,43,79899,9469,67475,6391,55181,5903,5625,151,127,11949,1991,11044,1248,8293,1503,1175,134,192,18162,36902,10039,1496,6820,1723,1562,73,88,37524,3139,48545,6844,35627,6074,5075,723,264,1683457,58078,727782,43792,635354,48636,44397,1087,3147,40846,2513,32324,2352,27955,2017,1853,94,68,141744,13308,128290,10787,105945,11558,10908,403,243,37193,1756,37323,4140,29208,3975,3526,323,108,26403,5786,35446,5926,23271,6249,5446,625,178,91750,15497,83014,12222,57532,13260,12025,751,476,153426,34657,146427,27498,89204,29725,28122,509,982,74831,1452,45978,5541,35081,5356,5024,187,144,102586,5506,30603,3670,23308,3625,3437,106,82,10628,7000,11311,1829,7281,2201,1989,128,83,132860,10959,120461,9933,96329,14199,12962,762,475,20768,2949,44460,3694,36616,4150,3630,241,279,95167,9762,83162,11453,59927,11782,10614,465,378,60204,3350,64605,4407,55201,4997,4591,108,297,23091,4024,21251,2508,16034,2709,2358,184,167,89825,2807,61447,5235,51838,4374,4101,151,121,40349,6634,36670,6102,24489,6079,4480,718,300,61288,5110,71521,6742,58863,5916,4780,66,154,123059,6339,61372,4043,53671,3658,3418,118,106,74187,2055,54768,4971,45664,4133,3900,103,127,34628,1247,16599,2357,12010,2232,1541,551,140,50145,7623,57254,9827,37031,10396,9353,708,332,52584,7372,35348,3774,28272,3302,3011,126,165,27879,3580,28983,2763,23638,2582,2147,358,76,3564312,315684,2283527,224839,1824476,234212,211910,10406,9876
2021-04-02,49268,8618,25337,2383,19973,2981,2786,25,167,48178,30450,46557,8405,31890,6262,5738,233,288,51084,1081,28615,1322,25853,1440,1278,83,77,19645,4677,9584,1193,7165,1226,1068,114,44,79980,9469,67490,6395,55191,5904,5626,151,127,11980,1991,11053,1249,8299,1505,1177,134,192,18252,36924,10042,1498,6822,1722,1561,73,88,37586,3140,48630,6861,35683,6086,5085,727,262,1685642,58163,728319,43861,635748,48710,44455,1095,3155,40867,2518,32329,2356,27958,2015,1852,93,68,141950,13308,128355,10791,105991,11573,10923,403,243,37302,1756,37382,4146,29252,3984,3538,322,106,26449,5789,35472,5937,23284,6251,5450,621,180,91892,15501,83065,12236,57557,13272,12034,754,476,153611,34674,146516,27534,89230,29752,28150,508,982,75038,1453,46012,5553,35096,5363,5030,188,144,102643,5506,30652,3679,23334,3639,3451,106,82,10653,7001,11322,1832,7286,2204,1992,128,83,133124,10965,120500,9940,96357,14203,12965,762,476,20793,2949,44498,3701,36647,4150,3632,241,277,95272,9768,83259,11478,59985,11796,10629,466,376,60291,3350,64671,4419,55249,5003,4598,108,296,23155,4025,21276,2511,16053,2712,2362,185,165,90115,2812,61500,5242,51877,4381,4106,151,123,40442,6640,36699,6114,24503,6082,4482,719,299,61392,5112,71575,6747,58903,5925,4788,66,155,123166,6339,61412,4045,53707,3660,3420,118,106,74303,2059,54801,4973,45692,4136,3902,103,128,34815,1247,16638,2358,12043,2237,1543,551,141,50247,7625,57284,9834,37053,10397,9359,706,329,52651,7382,35378,3783,28289,3306,3018,126,162,27910,3582,28999,2765,23648,2586,2150,359,76,3569696,315874,2285222,225141,1825618,234463,212148,10419,9873
2021-04-03,49406,8620,25353,2385,19983,2985,2787,25,170,48246,30450,46568,8409,31894,6265,5739,233,290,51172,1081,28657,1326,25890,1441,1279,83,77,19667,4679,9593,1194,7171,1228,1069,114,45,80047,9469,67503,6399,55194,5910,5631,152,127,12004,1992,11058,1252,8303,1503,1177,134,190,18299,36951,10044,1499,6823,1722,1561,73,88,37652,3140,48753,6877,35765,6111,5106,731,262,1686910,58234,728720,43943,636041,48736,44489,1095,3148,40901,2518,32346,2359,27971,2016,1854,93,67,142078,13310,128438,10800,106053,11585,10933,403,245,37344,1758,37412,4149,29269,3994,3548,323,105,26474,5792,35495,5948,23291,6256,5459,619,178,92025,15503,83113,12251,57581,13281,12045,754,474,153755,34691,146610,27562,89265,29783,28182,508,981,75188,1456,46033,5564,35109,5360,5029,188,142,102686,5507,30677,3695,23349,3633,3444,107,82,10678,7002,11326,1832,7289,2205,1993,128,83,133359,10977,120547,9947,96386,14214,12974,764,476,20827,2952,44555,3708,36687,4160,3637,243,280,95376,9774,83357,11505,60036,11816,10647,467,377,60368,3350,64749,4426,55311,5012,4604,108,299,23214,4026,21305,2514,16071,2720,2370,185,165,90340,2813,61550,5246,51921,4383,4107,151,124,40488,6649,36730,6121,24509,6100,4495,720,302,61450,5112,71615,6751,58936,5928,4791,66,155,123343,6343,61474,4048,53763,3663,3422,118,107,74371,2060,54842,4977,45725,4140,3906,103,128,34853,1247,16656,2359,12054,2243,1548,551,141,50347,7626,57319,9845,37070,10404,9360,709,332,52717,7392,35419,3787,28314,3318,3030,126,162,27944,3582,29012,2768,23656,2588,2151,360,76,3573529,316056,2286829,225446,1826680,234703,212367,10434,9878
2021-04-04,49439,8620,25368,2391,19989,2988,2790,25,170,48298,30458,46582,8414,31903,6265,5738,233,291,51255,1081,28685,1327,25915,1443,1281,83,77,19687,4684,9603,1194,7176,1233,1072,115,46,80131,9469,67521,6401,55205,5915,5636,152,127,12034,1992,11062,1253,8307,1502,1176,134,190,18349,36966,10050,1500,6829,1721,1560,73,88,37699,3144,48853,6899,35821,6133,5124,732,265,1687984,58317,729073,44003,636295,48775,44526,1096,3149,40934,2518,32355,2361,27976,2018,1856,92,68,142246,13313,128501,10812,106104,11585,10933,403,245,37395,1758,37435,4158,29284,3993,3547,323,105,26507,5797,35529,5956,23312,6261,5463,620,178,92187,15503,83172,12263,57610,13299,12063,754,474,153896,34701,146688,27596,89288,29804,28203,510,979,75469,1458,46061,5570,35123,5368,5037,187,143,102730,5513,30702,3704,23355,3643,3454,107,82,10716,7002,11336,1833,7297,2206,1993,129,83,133575,10982,120571,9953,96403,14215,12973,766,476,20863,2952,44588,3712,36710,4166,3640,244,282,95488,9774,83453,11525,60084,11844,10670,469,380,60455,3354,64821,4431,55369,5021,4611,108,301,23281,4028,21340,2516,16104,2720,2371,184,165,90463,2814,61576,5250,51933,4393,4115,153,124,40531,6653,36760,6128,24524,6108,4503,719,303,61554,5115,71665,6752,58976,5937,4799,66,156,123495,6347,61535,4052,53812,3671,3430,118,107,74452,2062,54871,4981,45748,4142,3908,103,128,34937,1248,16670,2360,12066,2244,1548,551,142,50461,7629,57348,9854,37081,10413,9367,708,335,52769,7400,35448,3794,28330,3324,3040,125,159,27981,3585,29029,2771,23667,2591,2152,361,77,3577261,316237,2288251,225714,1827596,234941,212579,10443,9895
2021-04-05,49741,8625,25436,2394,20047,2995,2795,25,172,48807,30466,46647,8419,31963,6265,5739,233,290,51543,1084,28806,1333,26021,1452,1288,85,77,19735,4690,9613,1196,7184,1233,1073,115,45,80493,9473,67593,6406,55265,5922,5643,152,127,12121,1992,11081,1254,8321,1506,1177,136,191,18632,37015,10075,1502,6854,1719,1558,73,88,38018,3145,49173,6913,36106,6154,5143,733,266,1696085,58442,730944,44061,638030,48853,44600,1098,3151,41130,2522,32445,2363,28056,2026,1860,94,70,143020,13327,128687,10823,106276,11588,10938,401,245,37621,1760,37546,4167,29368,4011,3565,324,104,26649,5799,35620,5966,23385,6269,5472,621,176,92731,15506,83304,12276,57710,13318,12077,756,477,154900,34726,147095,27628,89631,29836,28238,510,976,76124,1458,46182,5581,35217,5384,5051,187,145,103266,5524,30810,3713,23443,3654,3465,107,82,10807,7006,11357,1833,7314,2210,1997,129,83,134195,10987,120704,9960,96512,14232,12988,767,477,20989,2957,44687,3717,36790,4180,3651,246,283,95737,9805,83659,11558,60223,11878,10695,472,386,60736,3355,65061,4443,55586,5032,4625,108,298,23409,4033,21409,2522,16169,2718,2372,184,162,91067,2818,61692,5253,52038,4401,4124,153,123,40749,6653,36856,6140,24601,6115,4508,719,303,61844,5116,71810,6759,59103,5948,4811,66,155,124220,6353,61729,4059,53997,3673,3435,118,104,74751,2070,54959,4985,45825,4149,3914,103,129,35129,1251,16723,2363,12114,2246,1547,552,143,50831,7637,57423,9862,37126,10435,9387,709,336,53084,7405,35555,3807,28425,3323,3040,126,157,28109,3589,29062,2772,23697,2593,2155,360,77,3596273,316589,2293743,226028,1832397,235318,212931,10462,9898
2021-04-06,49960,8629,25487,2397,20088,3002,2803,25,171,49231,30475,46681,8422,31988,6271,5745,233,290,51824,1089,28895,1337,26105,1453,1288,85,78,19815,4694,9625,1198,7192,1235,1077,114,44,80831,9480,67633,6411,55299,5923,5645,152,126,12194,1993,11092,1254,8328,1510,1178,139,191,18962,37060,10094,1503,6868,1723,1562,73,88,38343,3149,49484,6929,36381,6174,5161,734,267,1703762,58548,732531,44113,639506,48912,44660,1100,3148,41306,2525,32508,2369,28113,2026,1862,94,68,143698,13333,128814,10833,106380,11601,10947,403,247,37857,1760,37639,4175,29448,4016,3568,326,104,26759,5811,35697,5974,23446,6277,5481,621,175,93236,15510,83453,12283,57828,13342,12094,757,483,155795,34750,147388,27651,89868,29869,28270,510,977,76689,1459,46270,5595,35285,5390,5055,187,147,103792,5529,30901,3721,23515,3665,3476,107,82,10892,7007,11383,1833,7336,2214,2001,129,83,134854,10997,120810,9970,96599,14241,12997,768,476,21123,2962,44774,3724,36870,4180,3650,245,285,96008,9830,83823,11583,60336,11904,10719,473,387,61088,3356,65280,4447,55791,5042,4634,108,299,23501,4038,21470,2522,16220,2728,2378,184,166,91620,2818,61810,5258,52147,4405,4128,153,123,40980,6655,36940,6147,24660,6133,4522,722,304,62129,5119,71910,6765,59194,5951,4814,67,154,124778,6358,61870,4062,54130,3678,3439,118,105,75056,2074,55036,4990,45894,4152,3917,103,129,35289,1251,16774,2365,12157,2252,1551,554,142,51151,7642,57500,9879,37176,10445,9398,709,336,53360,7411,35658,3818,28504,3336,3057,124,155,28255,3590,29098,2776,23730,2592,2154,360,77,3614138,316902,2298328,226304,1836382,235642,213231,10477,9907
2021-04-07,50177,8634,25531,2401,20120,3010,2813,25,169,49631,30486,46722,8425,32021,6276,5749,233,291,52102,1090,28991,1337,26190,1464,1297,86,79,20009,4701,9649,1199,7212,1238,1081,113,44,81163,9482,67670,6413,55326,5931,5653,152,126,12256,1996,11118,1255,8352,1511,1178,140,191,19409,37098,10130,1503,6900,1727,1566,73,88,38671,3151,49786,6943,36649,6194,5171,739,272,1711327,58738,734064,44185,640892,48987,44734,1104,3145,41434,2528,32568,2371,28169,2028,1864,94,68,144320,13342,128956,10846,106496,11614,10961,403,248,38052,1761,37699,4179,29490,4030,3581,326,105,26863,5817,35774,5983,23503,6288,5489,622,177,93795,15515,83559,12304,57919,13336,12093,758,477,156623,34793,147620,27688,90049,29883,28288,509,974,77010,1460,46364,5600,35349,5415,5077,188,149,104356,5529,30993,3731,23585,3677,3487,107,83,10974,7011,11402,1834,7351,2217,2003,130,83,135460,11009,120913,9975,96684,14254,13009,769,476,21241,2966,44846,3729,36930,4187,3658,244,285,96268,9848,83987,11614,60449,11924,10743,473,382,61394,3357,65458,4454,55945,5059,4643,108,307,23641,4046,21527,2526,16273,2728,2379,184,165,92162,2820,61930,5262,52253,4415,4138,153,123,41198,6660,37028,6153,24726,6149,4532,727,305,62571,5120,72026,6770,59298,5958,4821,67,154,125460,6361,62005,4069,54257,3679,3438,118,107,75337,2081,55110,4995,45958,4157,3924,102,129,35545,1251,16814,2368,12189,2257,1553,557,141,51596,7647,57574,9896,37230,10448,9400,712,334,53635,7421,35724,3827,28558,3339,3059,124,156,28402,3595,29145,2776,23768,2601,2161,361,78,3632082,317314,2302683,226611,1840091,235981,213543,10501,9911
2021-04-08,50386,8641,25563,2404,20146,3013,2815,25,170,50022,30496,46765,8428,32056,6281,5753,233,292,52373,1094,29061,1337,26256,1468,1300,86,80,20093,4706,9658,1201,7220,1237,1080,113,44,81489,9490,67701,6414,55354,5933,5655,152,126,12326,1996,11135,1255,8368,1512,1179,140,191,19962,37129,10158,1504,6927,1727,1566,73,88,39001,3154,50062,6964,36899,6199,5176,742,269,1719469,58882,735507,44250,642214,49043,44794,1111,3135,41574,2532,32624,2376,28220,2028,1864,94,68,145133,13353,129065,10855,106592,11618,10964,403,249,38302,1762,37786,4183,29563,4040,3592,326,104,26962,5823,35828,5984,23544,6300,5499,623,178,94312,15524,83673,12321,58006,13346,12102,759,477,157359,34805,147861,27716,90229,29916,28315,509,980,77561,1462,46436,5607,35400,5429,5094,188,146,104908,5532,31085,3747,23658,3680,3490,107,83,11081,7017,11426,1834,7369,2223,2009,130,83,136049,11022,121031,9983,96789,14259,13015,769,475,21350,2970,44911,3734,36984,4193,3665,245,283,96504,9863,84157,11636,60557,11964,10778,476,384,61675,3357,65619,4462,56093,5064,4650,108,305,23787,4049,21589,2529,16328,2732,2383,184,165,92779,2823,62033,5266,52342,4425,4149,153,122,41413,6661,37099,6162,24788,6149,4528,730,306,62908,5123,72155,6779,59416,5960,4822,67,155,126187,6366,62159,4073,54407,3679,3437,118,108,75575,2090,55167,4997,46006,4164,3930,102,130,35845,1251,16854,2376,12220,2258,1552,560,141,51989,7651,57655,9905,37294,10456,9406,714,334,53860,7426,35822,3839,28639,3344,3065,124,155,28512,3597,29201,2781,23816,2604,2165,361,77,3650746,317647,2306846,226902,1843700,236244,213792,10525,9903
2021-04-09,50573,8645,25618,2408,20191,3019,2822,25,169,50314,30506,46806,8434,32088,6284,5755,233,293,52621,1094,29129,1340,26323,1466,1298,86,80,20132,4706,9669,1204,7228,1237,1080,113,44,81778,9492,67747,6417,55397,5933,5654,153,126,12390,1996,11152,1256,8382,1514,1181,140,191,20252,37165,10180,1509,6946,1725,1564,73,88,39282,3161,50298,6982,37103,6213,5190,743,268,1728085,59069,736993,44310,643566,49117,44867,1115,3132,41703,2536,32671,2380,28263,2028,1864,93,69,145770,13354,129172,10863,106685,11624,10971,403,248,38562,1762,37885,4185,29648,4052,3604,326,104,27087,5828,35880,5987,23585,6308,5508,622,178,94752,15528,83786,12333,58093,13360,12115,759,478,158090,34825,148109,27743,90420,29946,28342,509,983,78032,1463,46496,5612,35441,5443,5107,188,146,105652,5533,31144,3757,23701,3686,3497,107,82,11162,7019,11445,1834,7384,2227,2013,130,83,136597,11027,121110,9990,96859,14261,13017,768,476,21432,2971,44961,3743,37025,4193,3666,245,282,96745,9873,84322,11656,60675,11991,10802,475,388,61912,3359,65757,4469,56217,5071,4655,108,307,23918,4053,21657,2531,16385,2741,2390,184,167,93331,2824,62129,5275,52431,4423,4148,153,121,41627,6666,37165,6168,24841,6156,4533,731,305,63165,5124,72272,6782,59517,5973,4833,67,157,126993,6374,62293,4078,54536,3679,3438,118,107,75865,2095,55251,5002,46075,4174,3939,104,129,36050,1253,16873,2381,12232,2260,1555,560,141,52353,7651,57717,9920,37341,10456,9408,713,333,54134,7430,35877,3849,28684,3344,3067,124,153,28608,3600,29241,2783,23853,2605,2165,362,77,3668967,317982,2310805,227181,1847115,236509,214048,10530,9905
2021-04-10,50809,8650,25637,2412,20201,3024,2827,25,169,50377,30509,46825,8440,32102,6283,5752,233,295,52726,1094,29179,1340,26366,1473,1302,86,83,20146,4706,9672,1205,7230,1237,1081,113,43,81870,9494,67760,6417,55405,5938,5659,153,126,12413,1996,11163,1256,8390,1517,1183,140,192,20370,37196,10191,1510,6954,1727,1566,73,88,39354,3162,50387,6994,37162,6231,5204,746,269,1733244,59166,737945,44356,644404,49185,44939,1119,3124,41751,2537,32692,2382,28281,2029,1865,93,69,145971,13357,129223,10874,106724,11625,10972,403,248,38611,1762,37928,4193,29676,4059,3611,327,103,27127,5834,35921,5992,23616,6313,5513,622,178,94903,15531,83847,12336,58125,13386,12139,759,480,158392,34841,148206,27772,90454,29980,28380,509,979,78186,1465,46531,5628,35457,5446,5109,188,147,105689,5534,31174,3767,23712,3695,3508,107,80,11188,7019,11459,1838,7395,2226,2013,130,82,136837,11028,121144,9995,96885,14264,13020,768,476,21477,2972,44999,3750,37053,4196,3668,245,283,96876,9880,84421,11683,60733,12005,10818,474,386,62052,3361,65846,4484,56290,5072,4656,108,307,23987,4053,21699,2535,16415,2749,2398,186,165,93662,2825,62228,5282,52517,4429,4155,153,120,41696,6666,37207,6177,24873,6157,4534,731,305,63269,5127,72329,6790,59565,5974,4834,67,157,127287,6377,62342,4081,54579,3682,3440,118,108,75986,2098,55281,5004,46104,4173,3938,104,129,36252,1256,16881,2384,12238,2259,1554,560,142,52484,7652,57742,9933,37354,10455,9409,713,331,54204,7436,35908,3859,28704,3345,3068,125,152,28655,3601,29262,2787,23868,2607,2167,364,76,3677851,318185,2313029,227456,1848832,236741,214282,10542,9892
2021-04-11,50882,8652,25664,2415,20214,3035,2836,25,171,50444,30511,46831,8443,32104,6284,5753,233,295,52776,1095,29193,1342,26376,1475,1302,86,85,20161,4706,9679,1207,7235,1237,1081,113,43,81932,9495,67773,6418,55412,5943,5664,153,126,12446,1996,11171,1257,8397,1517,1184,140,191,20419,37241,10198,1512,6960,1726,1564,73,89,39422,3165,50466,7010,37205,6251,5217,749,273,1734928,59220,738259,44410,644618,49231,44989,1121,3118,41775,2538,32702,2383,28289,2030,1867,93,68,146125,13357,129261,10885,106751,11625,10970,405,248,38664,1762,37951,4200,29691,4060,3612,327,103,27172,5844,35954,5999,23629,6326,5524,623,179,95054,15533,83894,12343,58154,13397,12150,760,479,158598,34855,148278,27802,90472,30004,28406,509,977,78310,1465,46559,5637,35469,5453,5116,188,147,105727,5534,31199,3786,23712,3701,3513,107,81,11221,7019,11471,1840,7405,2226,2013,130,82,137021,11036,121170,10004,96900,14266,13022,767,477,21510,2973,45017,3752,37068,4197,3669,245,283,96962,9884,84498,11702,60776,12020,10827,475,390,62111,3362,65898,4492,56334,5072,4660,108,303,24058,4057,21730,2540,16440,2750,2401,185,164,93790,2825,62262,5286,52545,4431,4156,153,121,41752,6668,37237,6193,24887,6157,4533,730,307,63374,5127,72351,6795,59581,5975,4835,67,157,127460,6383,62381,4081,54610,3690,3446,118,110,76063,2100,55313,5007,46129,4177,3943,103,129,36312,1256,16896,2385,12247,2264,1558,561,142,52577,7654,57765,9940,37366,10459,9411,713,333,54279,7441,35931,3868,28717,3346,3068,125,152,28709,3603,29284,2791,23888,2605,2167,363,75,3682034,318357,2314236,227725,1849581,236930,214457,10548,9898
2021-04-12,51189,8654,25725,2418,20257,3050,2852,25,170,50914,30514,46884,8447,32152,6285,5757,233,292,53025,1099,29297,1343,26472,1482,1305,89,86,20256,4707,9698,1207,7250,1241,1085,113,43,82270,9500,67849,6420,55479,5950,5671,153,126,12533,1997,11190,1260,8413,1517,1184,140,191,20558,37326,10214,1513,6975,1726,1564,73,89,39818,3171,50776,7023,37471,6282,5238,752,280,1744134,59582,739922,44478,646145,49299,45057,1129,3110,41952,2544,32758,2384,28342,2032,1869,93,68,146927,13361,129431,10891,106909,11631,10976,406,247,38906,1763,38064,4206,29780,4078,3625,329,106,27337,5851,36021,6007,23675,6339,5534,625,180,95728,15539,84020,12362,58256,13402,12154,761,479,159526,34881,148591,27824,90711,30056,28453,509,982,78789,1470,46652,5646,35540,5466,5130,186,148,106387,5535,31333,3796,23826,3711,3524,107,80,11307,7026,11490,1844,7419,2227,2014,130,82,137724,11049,121294,10012,97001,14281,13035,767,479,21728,2975,45112,3755,37149,4208,3678,246,284,97262,9909,84681,11726,60903,12052,10857,476,394,62419,3362,66067,4495,56493,5079,4668,108,302,24225,4059,21810,2541,16509,2760,2407,189,164,94487,2825,62377,5288,52649,4440,4164,153,122,41991,6676,37323,6202,24963,6158,4535,729,307,63699,5129,72499,6797,59718,5984,4842,68,158,128230,6393,62585,4088,54802,3695,3453,118,108,76400,2105,55399,5010,46204,4185,3951,102,130,36601,1257,16934,2387,12283,2264,1558,562,141,53049,7660,57840,9948,37416,10476,9427,715,333,54508,7446,36019,3875,28786,3358,3080,125,152,28846,3604,29339,2792,23940,2607,2169,363,75,3702725,318969,2319194,227985,1853888,237321,214816,10574,9908
2021-04-13,51427,8660,25757,2423,20281,3053,2855,25,170,51265,30519,46926,8451,32185,6290,5760,233,294,53303,1101,29372,1346,26541,1485,1308,89,86,20469,4708,9713,1209,7263,1241,1085,113,43,82609,9501,67899,6424,55519,5956,5676,154,126,12598,1997,11210,1262,8431,1517,1184,140,191,20850,37410,10231,1514,6990,1727,1565,73,89,40157,3176,51087,7042,37748,6297,5251,754,280,1752909,59680,741389,44542,647503,49344,45104,1132,3105,42144,2547,32817,2386,28391,2040,1877,93,68,147629,13366,129544,10899,107008,11637,10981,406,248,39141,1767,38169,4219,29869,4081,3627,328,108,27457,5857,36093,6010,23731,6352,5544,626,182,96212,15542,84113,12376,58328,13409,12164,761,476,160305,34906,148855,27855,90906,30094,28493,509,980,79311,1472,46718,5655,35595,5468,5131,186,149,107035,5538,31393,3805,23865,3723,3536,107,80,11382,7030,11508,1845,7432,2231,2018,130,82,138341,11071,121405,10018,97087,14300,13053,767,480,21944,2975,45182,3758,37209,4215,3680,246,289,97533,9920,84831,11746,61016,12069,10866,478,400,62717,3362,66211,4502,56619,5090,4681,108,300,24362,4067,21870,2549,16558,2763,2411,188,164,95516,2825,62491,5293,52759,4439,4164,153,121,42216,6679,37390,6212,25015,6163,4538,732,306,63956,5131,72609,6804,59818,5987,4846,68,157,128752,6402,62697,4094,54908,3695,3454,118,107,76705,2109,55478,5017,46271,4190,3956,102,130,36895,1261,16967,2391,12311,2265,1558,564,140,53388,7664,57905,9959,37468,10478,9429,715,333,54732,7450,36113,3881,28862,3370,3092,125,152,28995,3607,29378,2794,23975,2609,2172,362,75,3722255,319300,2323321,228281,1857462,237578,215059,10585,9911
2021-04-14,51662,8667,25802,2425,20317,3060,2862,25,170,51579,30522,46971,8453,32222,6296,5766,234,293,53677,1101,29461,1347,26626,1488,1310,91,85,20642,4709,9722,1211,7271,1240,1084,113,43,82926,9504,67931,6427,55549,5955,5675,154,126,12673,1997,11230,1262,8450,1518,1185,140,191,21128,37460,10242,1514,6999,1729,1567,73,89,40477,3181,51367,7055,37987,6325,5277,756,280,1761348,59782,742710,44608,648715,49387,45152,1140,3092,42319,2556,32848,2387,28419,2042,1879,93,68,148321,13378,129644,10910,107101,11633,10976,406,249,39418,1769,38239,4229,29928,4082,3630,327,107,27580,5863,36175,6013,23799,6363,5554,627,182,96717,15548,84214,12396,58403,13415,12172,760,475,160965,34926,149057,27871,91055,30131,28526,509,984,80122,1483,46784,5664,35649,5471,5137,186,147,107704,5542,31487,3816,23943,3728,3541,107,80,11473,7031,11524,1847,7445,2232,2019,130,82,138928,11080,121485,10023,97156,14306,13058,768,480,22039,2977,45244,3760,37260,4224,3690,246,288,97804,9934,84977,11775,61116,12086,10882,478,401,62944,3364,66319,4512,56715,5092,4687,108,296,24507,4071,21953,2557,16630,2766,2414,189,163,96101,2825,62577,5296,52844,4437,4164,153,119,42407,6686,37444,6220,25055,6169,4544,733,305,64198,5132,72684,6809,59884,5991,4852,68,156,129652,6410,62874,4098,55079,3697,3457,118,106,76978,2117,55548,5023,46335,4190,3956,102,130,37077,1263,17004,2392,12344,2268,1559,564,142,53922,7671,57966,9969,37510,10487,9437,714,335,54967,7455,36184,3886,28918,3380,3100,125,154,29131,3611,29404,2795,23998,2611,2174,362,75,3741386,319615,2327071,228550,1860722,237799,215286,10599,9893
2021-04-15,51841,8669,25848,2434,20353,3061,2865,25,168,51895,30535,47007,8459,32249,6299,5771,234,291,53942,1103,29537,1350,26695,1492,1314,91,86,20860,4711,9736,1212,7282,1242,1086,113,43,83214,9506,67968,6431,55581,5956,5676,154,126,12752,1997,11255,1262,8473,1520,1186,140,192,21407,37508,10260,1515,7016,1729,1566,73,90,40773,3184,51593,7078,38180,6335,5293,755,275,1769479,59877,744040,44668,649942,49430,45201,1145,3081,42473,2564,32903,2388,28468,2047,1883,93,69,148965,13384,129725,10917,107167,11641,10984,406,249,39674,1771,38315,4235,29997,4083,3635,327,103,27718,5876,36224,6026,23836,6362,5556,626,180,97131,15553,84305,12405,58465,13435,12189,761,477,161595,34959,149272,27894,91205,30173,28570,509,982,80784,1485,46852,5674,35701,5477,5143,186,147,108480,5552,31559,3825,23995,3739,3551,107,81,11563,7035,11539,1848,7458,2233,2020,130,82,139443,11091,121577,10035,97232,14310,13062,768,480,22143,2984,45310,3764,37312,4234,3700,246,288,98037,9943,85123,11791,61231,12101,10890,479,407,63236,3367,66437,4521,56825,5091,4691,108,291,24624,4073,22024,2560,16695,2769,2417,190,162,96585,2829,62673,5302,52930,4441,4168,153,119,42548,6691,37483,6228,25087,6168,4544,734,303,64434,5135,72788,6813,59973,6002,4862,68,157,130306,6415,63002,4101,55200,3701,3461,119,105,77225,2123,55633,5027,46411,4195,3962,101,130,37301,1266,17027,2396,12365,2266,1559,565,140,54388,7674,58035,9976,37560,10499,9447,715,336,55207,7462,36262,3896,28974,3392,3112,126,153,29290,3612,29450,2798,24040,2612,2175,362,75,3759313,319934,2330762,228829,1863898,238035,215539,10609,9868
2021-04-16,52029,8671,25881,2441,20378,3062,2865,25,169,52219,30540,47040,8461,32274,6305,5775,234,293,54262,1104,29588,1355,26744,1489,1314,91,83,20939,4718,9749,1214,7294,1241,1086,113,42,83489,9513,68030,6432,55634,5964,5683,155,126,12803,1997,11275,1263,8491,1521,1188,140,191,21675,37548,10275,1515,7026,1734,1571,73,90,41049,3187,51821,7099,38373,6349,5308,756,273,1777861,60088,745183,44709,651010,49464,45226,1154,3081,42596,2566,32940,2393,28499,2048,1884,93,69,149430,13390,129781,10927,107218,11636,10981,404,249,39889,1772,38391,4241,30053,4097,3647,328,104,27828,5887,36300,6031,23897,6372,5568,626,178,97557,15563,84392,12415,58530,13447,12198,762,479,162226,34983,149441,27922,91323,30196,28594,509,981,81213,1488,46898,5681,35731,5486,5152,186,147,108928,5555,31657,3834,24071,3752,3564,107,81,11623,7036,11556,1851,7467,2238,2025,130,82,139987,11101,121660,10040,97291,14329,13075,771,483,22226,2986,45359,3773,37350,4236,3698,245,293,98244,9956,85235,11808,61305,12122,10911,479,407,63467,3367,66549,4531,56928,5090,4692,108,289,24738,4076,22091,2564,16754,2773,2420,190,163,97188,2830,62753,5308,53005,4440,4168,153,119,42674,6695,37524,6235,25118,6171,4546,736,302,64663,5135,72871,6815,60049,6007,4866,68,158,130994,6417,63115,4105,55300,3710,3471,119,104,77477,2129,55707,5032,46471,4204,3972,101,129,37551,1266,17062,2398,12394,2270,1561,568,140,54768,7676,58085,9985,37595,10505,9453,716,335,55453,7473,36331,3903,29034,3394,3114,127,152,29400,3613,29489,2799,24075,2615,2178,362,75,3776446,320326,2334029,229080,1866682,238267,215754,10629,9867
2021-04-17,52179,8679,25885,2446,20378,3061,2865,25,168,52278,30541,47048,8463,32276,6309,5777,235,294,54352,1105,29631,1361,26780,1490,1316,91,82,20949,4718,9751,1214,7295,1242,1087,113,42,83560,9513,68051,6434,55648,5969,5686,157,126,12842,1997,11289,1264,8503,1522,1188,140,192,21692,37608,10281,1516,7029,1736,1573,73,90,41137,3190,51899,7117,38425,6357,5318,756,271,1782312,60157,745873,44764,651621,49488,45252,1154,3079,42615,2568,32952,2396,28507,2049,1887,93,67,149582,13392,129807,10931,107235,11641,10982,406,251,39942,1772,38408,4248,30061,4099,3646,331,104,27863,5889,36334,6041,23919,6374,5572,625,177,97697,15566,84431,12427,58544,13460,12210,762,480,162463,35000,149517,27951,91355,30211,28608,509,982,81365,1490,46925,5687,35743,5495,5162,186,146,108966,5555,31679,3840,24084,3755,3567,107,81,11650,7042,11564,1852,7472,2240,2026,130,83,140170,11112,121696,10044,97314,14338,13081,773,484,22257,2988,45398,3783,37382,4233,3701,245,287,98345,9961,85321,11829,61356,12136,10921,480,410,63544,3367,66596,4539,56961,5096,4694,109,292,24813,4076,22151,2565,16802,2784,2428,191,165,97482,2832,62789,5312,53035,4442,4171,153,118,42724,6697,37546,6243,25132,6171,4547,736,301,64756,5135,72918,6820,60085,6013,4869,68,161,131288,6420,63165,4109,55347,3709,3472,118,103,77564,2133,55730,5043,46488,4199,3965,102,130,37649,1270,17069,2401,12399,2269,1561,567,139,54864,7678,58135,9992,37632,10511,9460,716,334,55529,7485,36358,3907,29053,3398,3119,127,151,29440,3613,29508,2801,24086,2621,2182,364,75,3783869,320549,2335705,229340,1867947,238418,215893,10642,9865
2021-04-18,52261,8680,25892,2452,20380,3060,2864,25,168,52331,30545,47062,8465,32282,6315,5781,236,295,54405,1105,29657,1361,26799,1497,1320,92,84,20961,4718,9754,1214,7295,1245,1090,113,42,83612,9513,68066,6434,55661,5971,5688,157,126,12861,1997,11300,1267,8511,1522,1189,139,192,21747,37672,10289,1516,7036,1737,1574,73,90,41188,3192,51958,7136,38459,6363,5319,758,274,1783586,60200,746142,44806,651799,49537,45292,1156,3086,42662,2569,32965,2400,28515,2050,1889,93,66,149715,13393,129832,10935,107251,11646,10985,409,250,39994,1772,38442,4253,30083,4106,3650,333,105,27896,5895,36358,6045,23936,6377,5575,625,177,97837,15569,84468,12435,58559,13474,12221,763,482,162623,35007,149576,27974,91375,30227,28626,508,981,81551,1492,46956,5692,35760,5504,5169,187,147,109006,5557,31702,3845,24095,3762,3573,107,82,11668,7043,11569,1854,7474,2241,2026,130,84,140323,11121,121712,10047,97322,14343,13086,773,484,22295,2988,45418,3787,37395,4236,3704,245,287,98433,9965,85387,11849,61401,12137,10926,480,406,63606,3367,66640,4544,56993,5103,4700,109,293,24886,4079,22208,2568,16851,2789,2432,191,166,97576,2833,62813,5315,53052,4446,4174,153,119,42771,6700,37570,6253,25142,6175,4549,737,302,64838,5135,72964,6823,60122,6019,4874,68,162,131447,6425,63197,4110,55376,3711,3474,118,103,77633,2133,55760,5044,46510,4206,3971,102,131,37700,1270,17073,2406,12400,2267,1560,567,138,54939,7681,58157,9998,37645,10514,9460,718,335,55599,7488,36394,3919,29072,3403,3125,126,151,29503,3613,29522,2803,24097,2622,2184,363,75,3787453,320717,2336803,229550,1868648,238605,216050,10654,9883
2021-04-19,52550,8683,25937,2457,20413,3067,2872,25,167,52866,30557,47131,8470,32340,6321,5787,237,294,54819,1110,29751,1362,26889,1500,1322,94,83,21047,4720,9804,1219,7342,1243,1088,113,42,83903,9517,68106,6435,55697,5974,5690,158,126,12925,1997,11315,1269,8521,1525,1191,138,194,21950,37743,10309,1518,7052,1739,1576,73,90,41513,3196,52250,7154,38710,6386,5337,760,277,1791781,60331,747461,44848,653015,49598,45335,1164,3096,42872,2572,33018,2403,28562,2053,1890,95,66,150499,13406,129946,10937,107354,11655,10994,409,250,40234,1772,38515,4261,30138,4116,3657,334,107,28038,5901,36432,6054,23993,6385,5584,627,174,98449,15573,84584,12446,58656,13482,12231,764,479,163580,35023,149818,27998,91575,30245,28644,508,981,82029,1495,47031,5699,35814,5518,5181,187,149,109611,5563,31829,3850,24209,3770,3582,107,81,11765,7045,11597,1855,7493,2249,2034,130,84,140935,11131,121796,10051,97393,14352,13096,773,483,22428,2990,45484,3795,37446,4243,3710,245,288,98708,9983,85530,11867,61498,12165,10950,482,407,63896,3370,66781,4551,57124,5106,4702,109,294,25031,4081,22302,2571,16927,2804,2445,191,168,98103,2837,62904,5321,53138,4445,4174,153,118,43005,6706,37643,6261,25204,6178,4554,736,301,65087,5137,73064,6827,60208,6029,4882,68,163,132121,6440,63427,4111,55592,3724,3486,118,104,77967,2141,55856,5046,46596,4214,3978,103,131,37778,1271,17110,2406,12429,2275,1565,568,139,55413,7686,58245,10006,37715,10524,9472,719,332,55807,7492,36481,3926,29143,3412,3135,126,150,29657,3619,29578,2805,24149,2624,2186,363,75,3806367,321088,2341035,229779,1872335,238921,216330,10677,9893
2021-04-20,52775,8683,25961,2466,20433,3062,2867,25,167,53321,30563,47176,8479,32370,6327,5794,238,292,55217,1113,29814,1362,26945,1507,1327,95,84,21099,4724,9810,1219,7346,1245,1090,113,42,84178,9520,68141,6438,55724,5979,5695,158,126,13000,1997,11326,1270,8531,1525,1192,138,193,22181,37800,10318,1519,7060,1739,1576,73,90,41904,3198,52538,7164,38965,6409,5347,767,283,1799564,60467,748674,44889,654144,49641,45374,1169,3095,43078,2579,33061,2404,28597,2060,1895,95,68,151101,13413,130029,10945,107428,11656,10995,409,250,40509,1772,38587,4270,30202,4115,3655,335,107,28175,5902,36485,6063,24036,6386,5589,626,171,98964,15589,84684,12459,58740,13485,12232,766,479,164425,35037,150028,28030,91748,30250,28651,509,978,82423,1498,47094,5709,35862,5523,5184,187,151,110375,5567,31935,3857,24297,3781,3593,107,81,11824,7050,11613,1856,7503,2254,2039,130,84,141546,11132,121883,10056,97463,14364,13108,773,483,22554,2991,45524,3799,37480,4245,3711,246,288,98989,9995,85652,11892,61591,12169,10955,483,405,64133,3373,66921,4557,57251,5113,4712,109,291,25192,4083,22387,2578,17005,2804,2445,191,168,98542,2840,62971,5323,53195,4453,4182,154,117,43194,6709,37700,6265,25247,6188,4561,740,300,65364,5140,73148,6838,60285,6025,4884,68,158,132920,6445,63559,4114,55712,3733,3495,118,104,78260,2145,55939,5049,46667,4223,3987,103,131,37854,1272,17140,2409,12452,2279,1563,572,141,55798,7691,58314,10015,37764,10535,9481,721,332,56061,7495,36561,3929,29210,3422,3145,126,150,29808,3623,29616,2805,24180,2631,2192,363,75,3824328,321406,2344589,230028,1875433,239128,216516,10707,9884
2021-04-21,52933,8684,25988,2469,20451,3068,2872,25,168,53694,30568,47202,8483,32388,6331,5797,238,293,55594,1119,29889,1365,27015,1509,1328,96,84,21192,4725,9824,1220,7358,1246,1090,113,43,84435,9525,68172,6440,55750,5982,5697,158,127,13073,1997,11347,1270,8548,1529,1195,138,194,22383,37849,10332,1520,7071,1741,1576,74,91,42227,3200,52797,7176,39190,6431,5370,769,280,1807313,60648,749888,44936,655271,49681,45414,1175,3089,43234,2581,33093,2407,28624,2062,1897,95,68,151681,13420,130125,10950,107514,11661,10999,409,250,40744,1774,38646,4277,30247,4122,3660,334,110,28324,5912,36539,6071,24081,6387,5590,627,170,99481,15594,84767,12470,58805,13492,12241,767,476,165206,35053,150194,28058,91882,30254,28658,509,975,82933,1509,47150,5717,35903,5530,5191,187,151,111188,5570,32017,3863,24368,3786,3597,108,81,11904,7053,11624,1858,7511,2255,2040,130,84,142094,11134,121944,10060,97506,14378,13121,772,485,22748,2992,45571,3804,37518,4249,3714,245,290,99263,10010,85786,11906,61678,12202,10986,485,405,64434,3373,67062,4561,57384,5117,4717,109,290,25349,4094,22488,2580,17093,2815,2454,192,169,99064,2841,63059,5327,53276,4456,4184,155,117,43387,6711,37754,6270,25285,6199,4572,739,301,65719,5146,73270,6844,60402,6024,4884,68,157,133697,6453,63736,4119,55878,3739,3499,119,105,78560,2151,56029,5055,46748,4226,3990,103,131,37925,1273,17172,2414,12476,2282,1569,572,138,56097,7697,58370,10027,37799,10544,9489,721,333,56329,7509,36634,3936,29265,3433,3154,127,151,29943,3627,29644,2805,24206,2633,2194,363,75,3842148,321792,2348113,230258,1878491,239364,216739,10722,9881
2021-04-22,53094,8687,26019,2472,20474,3073,2876,25,169,54023,30572,47248,8485,32425,6338,5797,238,300,55865,1123,29952,1368,27075,1509,1328,97,83,21251,4731,9844,1222,7377,1245,1088,113,44,84661,9531,68204,6440,55777,5987,5701,159,127,13158,1997,11360,1270,8560,1530,1195,138,195,22491,37888,10353,1520,7089,1744,1578,74,92,42540,3204,52992,7194,39343,6455,5392,771,280,1815537,60779,750895,44979,656214,49702,45439,1184,3076,43364,2589,33145,2407,28673,2065,1899,96,68,152226,13422,130212,10953,107590,11669,11005,410,251,40965,1775,38728,4280,30318,4130,3667,334,111,28455,5921,36583,6077,24113,6393,5596,626,171,99925,15598,84843,12476,58870,13497,12249,767,473,166070,35062,150357,28077,92002,30278,28684,509,973,83365,1511,47211,5722,35949,5540,5199,187,153,112047,5573,32123,3871,24462,3790,3601,108,81,11968,7057,11644,1860,7528,2256,2040,130,85,142592,11136,122017,10069,97566,14382,13125,772,485,22934,2995,45629,3808,37565,4256,3721,245,290,99539,10025,85899,11919,61764,12216,10995,487,408,64692,3373,67160,4567,57473,5120,4721,109,289,25461,4099,22559,2584,17152,2823,2461,192,170,99540,2842,63144,5328,53357,4459,4187,155,117,43557,6714,37823,6276,25339,6208,4580,740,301,65980,5147,73352,6846,60473,6033,4892,68,158,134472,6458,63880,4123,56018,3739,3499,119,105,78835,2156,56107,5059,46815,4233,3995,103,133,37987,1273,17196,2416,12498,2282,1569,573,138,56341,7699,58436,10035,37850,10551,9495,723,332,56556,7515,36699,3944,29311,3444,3162,127,154,30067,3630,29673,2809,24231,2633,2193,364,75,3859558,322082,2351287,230456,1881251,239580,216929,10743,9887
2021-04-23,53270,8695,26048,2473,20490,3085,2886,25,171,54327,30583,47289,8490,32457,6342,5803,238,298,56136,1124,30018,1371,27139,1508,1328,97,82,21286,4731,9857,1222,7387,1248,1090,113,45,84874,9535,68233,6445,55802,5986,5700,159,127,13229,1997,11371,1270,8570,1531,1195,139,195,22606,37930,10371,1521,7107,1743,1577,74,92,42818,3207,53191,7206,39517,6468,5397,774,285,1823214,60929,751841,45012,657102,49727,45457,1189,3078,43484,2590,33177,2409,28702,2066,1900,97,67,152787,13429,130292,10956,107665,11671,11008,409,251,41197,1777,38796,4286,30377,4133,3670,334,111,28590,5928,36630,6084,24152,6394,5597,626,171,100328,15601,84924,12486,58937,13501,12254,768,471,166943,35074,150501,28095,92123,30283,28690,509,972,83935,1511,47263,5727,35989,5547,5207,187,152,113006,5575,32232,3882,24557,3793,3605,107,81,12037,7057,11661,1862,7543,2256,2040,130,85,143091,11140,122120,10075,97654,14391,13134,772,485,23051,2999,45681,3818,37611,4252,3722,245,285,99765,10040,86006,11944,61832,12230,11009,489,406,64909,3373,67271,4571,57572,5128,4730,109,288,25580,4101,22639,2588,17220,2831,2465,192,174,100051,2842,63220,5330,53429,4461,4190,155,116,43704,6719,37873,6279,25376,6218,4587,742,302,66233,5148,73446,6851,60563,6032,4892,68,157,135116,6464,64029,4125,56159,3745,3504,118,107,79126,2165,56170,5062,46868,4240,4003,103,132,38064,1274,17220,2417,12522,2281,1569,572,138,56613,7701,58520,10041,37911,10568,9510,723,334,56745,7520,36784,3952,29387,3445,3164,126,154,30183,3632,29715,2810,24268,2637,2197,364,75,3876298,322391,2354389,230660,1883988,239741,217080,10753,9887
2021-04-24,53453,8696,26063,2475,20499,3089,2890,25,171,54387,30590,47310,8492,32470,6348,5810,238,297,56360,1124,30050,1373,27167,1510,1331,96,82,21301,4733,9863,1222,7392,1249,1090,113,46,84953,9535,68245,6446,55810,5989,5702,159,128,13250,1997,11395,1272,8590,1533,1197,139,195,22668,37961,10378,1522,7111,1745,1578,74,93,42890,3211,53280,7220,39575,6485,5412,774,287,1827401,61030,752503,45047,657710,49746,45482,1188,3073,43514,2590,33186,2412,28706,2068,1902,97,67,152979,13433,130339,10959,107704,11676,11012,409,252,41250,1777,38826,4288,30399,4139,3673,335,113,28622,5932,36648,6087,24164,6397,5598,627,172,100483,15604,84957,12499,58952,13506,12260,768,470,167291,35092,150574,28123,92153,30298,28704,509,973,84142,1513,47287,5736,36002,5549,5208,188,152,113104,5576,32255,3889,24570,3796,3607,107,82,12066,7058,11670,1863,7548,2259,2042,130,86,143282,11142,122160,10079,97679,14402,13145,772,485,23079,3004,45709,3822,37632,4255,3724,245,286,99880,10047,86076,11967,61872,12237,11015,489,407,65046,3373,67322,4579,57612,5131,4732,109,289,25661,4102,22701,2591,17273,2837,2469,193,175,100327,2844,63270,5331,53471,4468,4196,155,117,43752,6720,37908,6285,25398,6225,4593,742,302,66346,5149,73488,6853,60602,6033,4894,68,156,135376,6469,64109,4128,56232,3749,3508,118,107,79235,2169,56209,5064,46897,4248,4011,103,132,38084,1274,17238,2419,12534,2285,1574,572,137,56709,7706,58554,10052,37927,10575,9518,722,334,56815,7537,36813,3960,29404,3449,3169,126,153,30225,3633,29737,2814,24281,2642,2204,363,74,3883931,322621,2356123,230869,1885336,239918,217250,10753,9893
2021-04-25,53501,8701,26082,2480,20507,3095,2896,25,171,54440,30595,47333,8496,32481,6356,5818,239,296,56417,1124,30077,1374,27190,1513,1332,96,84,21313,4734,9870,1222,7396,1252,1093,113,46,85017,9535,68255,6446,55817,5992,5705,159,128,13273,1997,11417,1274,8609,1534,1198,138,196,22722,38016,10381,1522,7113,1746,1579,74,93,42964,3215,53366,7229,39627,6510,5431,780,287,1828564,61070,752722,45084,657879,49759,45492,1193,3071,43542,2594,33199,2413,28715,2071,1904,97,68,153120,13434,130375,10968,107732,11675,11012,409,251,41299,1777,38844,4295,30413,4136,3672,336,110,28661,5937,36667,6093,24179,6395,5596,628,171,100616,15605,84986,12508,58968,13510,12265,768,469,167518,35102,150632,28143,92181,30308,28711,509,976,84225,1513,47304,5745,36007,5552,5212,187,152,113151,5581,32279,3900,24581,3798,3609,107,82,12094,7058,11674,1863,7551,2260,2043,130,86,143465,11143,122185,10085,97687,14413,13154,773,486,23116,3005,45733,3827,37651,4255,3727,244,284,99954,10051,86132,11979,61903,12250,11026,489,410,65121,3374,67366,4583,57644,5139,4735,109,294,25732,4106,22744,2593,17308,2843,2475,193,175,100445,2844,63289,5333,53487,4469,4197,155,117,43804,6722,37927,6290,25409,6228,4598,741,301,66445,5149,73527,6857,60633,6037,4898,68,156,135554,6470,64162,4132,56284,3746,3508,118,104,79326,2171,56243,5071,46920,4252,4013,103,134,38106,1274,17242,2420,12536,2286,1575,572,137,56779,7707,58584,10062,37944,10578,9521,722,334,56876,7547,36838,3964,29419,3455,3174,126,154,30255,3633,29752,2816,24294,2642,2205,362,74,3887415,322784,2357187,231067,1886065,240055,217374,10763,9897
2021-04-26,53741,8704,26116,2483,20531,3102,2902,25,172,54884,30599,47403,8497,32537,6369,5824,241,301,56721,1128,30140,1374,27249,1517,1336,96,84,21369,4736,9883,1223,7409,1251,1093,113,45,85322,9538,68293,6448,55847,5998,5710,160,128,13366,1998,11434,1274,8626,1534,1198,138,196,22901,38082,10410,1523,7141,1746,1579,74,93,43333,3218,53665,7244,39882,6539,5457,782,288,1836285,61180,753848,45119,658951,49778,45517,1194,3064,43691,2604,33236,2415,28746,2075,1907,97,69,153772,13439,130513,10975,107856,11682,11019,410,250,41559,1780,38927,4303,30481,4143,3676,337,112,28801,5942,36718,6098,24222,6398,5598,628,172,101182,15620,85105,12518,59071,13516,12270,770,468,168462,35117,150866,28171,92375,30320,28725,509,974,84666,1515,47372,5748,36061,5563,5220,188,154,113944,5584,32413,3910,24698,3805,3615,108,82,12184,7059,11695,1864,7568,2263,2046,130,86,144160,11147,122276,10091,97755,14430,13168,775,487,23241,3008,45807,3830,37714,4263,3734,245,284,100207,10065,86260,12001,61992,12267,11041,489,412,65354,3378,67495,4586,57757,5152,4748,109,294,25889,4108,22851,2595,17401,2855,2485,194,176,100999,2846,63369,5338,53558,4473,4201,155,117,44032,6724,38001,6296,25471,6234,4604,741,300,66711,5153,73642,6858,60738,6046,4905,69,157,136248,6476,64340,4138,56457,3745,3506,117,106,79718,2182,56340,5078,47008,4254,4015,103,134,38207,1274,17265,2420,12550,2295,1580,575,138,57144,7710,58648,10068,37991,10589,9533,723,332,57157,7552,36916,3974,29485,3457,3177,126,153,30387,3640,29810,2819,24347,2644,2206,363,74,3905637,323106,2361057,231279,1889475,240303,217595,10784,9902
2021-04-27,53928,8708,26149,2487,20554,3108,2906,25,174,55275,30602,47440,8500,32569,6371,5829,241,298,57114,1139,30212,1379,27312,1521,1339,97,84,21439,4741,9905,1223,7428,1254,1096,113,45,85623,9544,68325,6448,55877,6000,5712,160,128,13432,1998,11461,1276,8651,1534,1196,138,197,23055,38151,10433,1523,7161,1749,1582,74,93,43672,3221,53876,7259,40066,6551,5465,787,287,1843281,61291,754935,45149,659967,49819,45551,1199,3065,43841,2609,33280,2418,28782,2080,1912,97,69,154312,13445,130602,10979,107933,11690,11027,410,249,41760,1782,38995,4305,30539,4151,3683,337,113,28919,5946,36756,6105,24252,6399,5600,628,171,101630,15622,85187,12527,59140,13520,12272,772,468,169213,35137,151032,28188,92497,30347,28750,509,976,85030,1516,47426,5756,36108,5562,5219,188,154,114666,5588,32560,3918,24835,3807,3615,110,82,12257,7067,11706,1865,7576,2265,2048,130,86,144775,11148,122365,10092,97827,14446,13182,776,488,23342,3012,45854,3836,37754,4264,3737,243,284,100414,10079,86361,12019,62064,12278,11049,493,411,65625,3378,67589,4594,57835,5160,4752,109,298,26081,4110,22972,2598,17509,2865,2493,194,178,101496,2849,63429,5343,53614,4472,4200,155,117,44200,6727,38049,6306,25512,6231,4600,741,300,67024,5154,73729,6862,60817,6050,4910,69,156,136938,6481,64531,4143,56640,3748,3510,117,105,80019,2189,56444,5081,47091,4272,4030,104,136,38294,1276,17290,2421,12571,2298,1582,576,138,57433,7712,58709,10077,38032,10600,9545,723,331,57400,7563,37001,3977,29554,3470,3188,126,155,30524,3642,29856,2820,24386,2650,2212,363,74,3922012,323427,2364459,231474,1892453,240532,217792,10804,9910
2021-04-28,54104,8712,26185,2489,20584,3112,2910,25,174,55657,30604,47478,8501,32598,6379,5836,241,299,57464,1143,30281,1380,27374,1527,1345,97,84,21494,4742,9941,1223,7462,1256,1098,113,45,85917,9545,68357,6449,55902,6006,5717,161,128,13496,1998,11481,1278,8670,1533,1197,138,196,23217,38224,10447,1523,7169,1755,1586,74,95,43975,3223,54062,7276,40222,6564,5474,789,288,1850336,61483,755936,45193,660893,49850,45581,1206,3059,44003,2634,33307,2418,28804,2085,1916,98,69,154895,13464,130682,10981,108007,11694,11031,410,249,41996,1784,39064,4309,30597,4158,3690,336,114,29020,5953,36794,6111,24283,6400,5599,629,172,102067,15625,85276,12532,59215,13529,12282,772,467,170108,35148,151167,28213,92599,30355,28758,509,976,85417,1516,47484,5762,36149,5573,5232,188,152,115304,5590,32675,3923,24938,3814,3622,110,82,12324,7070,11725,1867,7591,2267,2050,130,86,145345,11150,122438,10098,97888,14452,13186,776,490,23532,3016,45918,3843,37813,4262,3735,243,284,100661,10092,86459,12035,62136,12288,11060,497,406,65865,3378,67683,4599,57918,5166,4756,109,300,26198,4113,23076,2601,17601,2874,2498,194,182,101990,2851,63501,5346,53679,4476,4205,155,116,44342,6731,38093,6312,25545,6236,4605,741,300,67300,5154,73786,6867,60872,6047,4908,69,155,137678,6489,64668,4147,56767,3754,3519,117,102,80278,2193,56523,5086,47166,4271,4029,104,136,38359,1276,17314,2422,12591,2301,1584,576,139,57671,7715,58756,10082,38066,10608,9553,723,331,57634,7565,37103,3983,29642,3478,3194,127,156,30629,3645,29891,2821,24416,2654,2215,363,74,3938276,323826,2367551,231670,1895157,240724,217971,10820,9906
2021-04-29,54252,8712,26214,2492,20605,3117,2915,25,174,56005,30610,47515,8502,32627,6386,5844,241,298,57749,1153,30352,1382,27437,1533,1348,98,86,21621,4753,9972,1224,7492,1256,1098,113,45,86177,9548,68398,6454,55937,6007,5718,161,128,13556,1998,11500,1278,8689,1533,1197,138,196,23355,38273,10459,1523,7179,1757,1588,74,95,44221,3227,54228,7292,40358,6578,5491,789,285,1856468,61555,756824,45226,661713,49885,45610,1210,3061,44129,2641,33343,2419,28838,2086,1917,98,69,155430,13469,130744,10984,108063,11697,11033,411,249,42192,1788,39141,4312,30661,4168,3696,338,116,29129,5959,36831,6117,24307,6407,5608,628,171,102463,15632,85352,12541,59278,13533,12286,773,466,170733,35166,151365,28224,92768,30373,28774,510,977,85916,1517,47556,5777,36205,5574,5233,188,152,115955,5593,32783,3928,25034,3821,3629,110,82,12373,7074,11740,1868,7600,2272,2055,129,87,145820,11150,122511,10109,97951,14451,13185,779,487,23602,3019,45958,3844,37846,4268,3739,243,286,100859,10104,86548,12058,62207,12283,11055,497,406,66065,3379,67759,4606,57977,5176,4760,109,306,26331,4116,23178,2605,17693,2880,2502,195,183,102459,2853,63563,5349,53737,4477,4204,157,116,44482,6734,38135,6316,25579,6240,4609,741,300,67603,5155,73847,6868,60927,6052,4910,70,157,138429,6500,64791,4151,56882,3758,3522,118,102,80506,2195,56618,5093,47249,4276,4034,105,135,38418,1277,17329,2427,12605,2297,1584,573,139,57933,7717,58794,10094,38091,10609,9554,723,331,57837,7568,37193,3992,29723,3478,3193,128,156,30733,3650,29938,2823,24461,2654,2214,363,75,3952801,324085,2370479,231878,1897719,240882,218105,10835,9916
2021-04-30,54361,8725,26237,2493,20620,3124,2921,26,174,56255,30614,47550,8506,32657,6387,5845,241,298,57986,1154,30407,1385,27489,1533,1350,97,85,21710,4756,10005,1224,7523,1258,1100,113,45,86387,9551,68435,6455,55969,6011,5722,161,128,13603,1998,11524,1278,8709,1537,1200,138,197,23472,38309,10475,1523,7193,1759,1590,74,95,44401,3231,54361,7302,40465,6594,5503,791,287,1862740,61670,757664,45252,662492,49920,45644,1211,3061,44219,2644,33363,2419,28856,2088,1919,98,69,155818,13471,130789,10985,108103,11701,11037,411,249,42370,1790,39198,4316,30708,4174,3702,339,115,29226,5964,36862,6117,24333,6412,5611,629,172,102763,15636,85404,12546,59322,13536,12289,774,465,171299,35188,151465,28241,92842,30382,28781,510,979,86206,1518,47597,5786,36236,5575,5235,188,151,116747,5596,32912,3933,25149,3830,3638,110,82,12422,7074,11768,1870,7622,2276,2059,130,86,146310,11153,122573,10115,97999,14459,13192,779,488,23738,3023,46016,3846,37894,4276,3746,244,286,101057,10111,86652,12075,62269,12308,11077,498,408,66246,3384,67841,4612,58044,5185,4767,109,308,26468,4120,23290,2612,17787,2891,2512,197,182,102928,2860,63604,5352,53769,4483,4211,155,117,44594,6737,38166,6322,25604,6240,4608,741,300,67798,5156,73909,6871,60988,6050,4908,70,157,138962,6505,64947,4156,57032,3759,3522,117,104,80719,2202,56706,5093,47326,4287,4045,105,135,38466,1277,17341,2428,12613,2300,1587,573,139,58158,7719,58844,10101,38131,10612,9558,722,331,58047,7572,37274,3995,29787,3492,3207,128,156,30852,3653,29978,2825,24496,2657,2215,364,76,3966328,324361,2373157,232034,1900027,241096,218301,10843,9925
2021-05-01,54530,8731,26242,2498,20622,3122,2922,26,171,56297,30618,47562,8509,32660,6393,5851,241,298,58051,1154,30432,1385,27512,1535,1352,97,85,21724,4756,10009,1225,7526,1258,1101,113,44,86444,9551,68449,6456,55978,6015,5726,161,128,13621,1998,11533,1278,8718,1537,1200,138,197,23497,38346,10480,1523,7195,1762,1593,74,95,44439,3234,54430,7311,40503,6616,5523,792,288,1863845,61714,757923,45285,662697,49941,45671,1211,3055,44256,2645,33371,2420,28862,2089,1920,98,69,155912,13471,130814,10986,108123,11705,11041,411,249,42431,1791,39231,4325,30737,4169,3698,339,114,29273,5971,36874,6123,24340,6411,5609,630,172,102838,15636,85423,12551,59334,13538,12293,774,463,171524,35196,151519,28255,92871,30393,28794,510,977,86251,1520,47619,5789,36245,5585,5244,188,152,116792,5598,32930,3944,25153,3833,3642,110,81,12441,7074,11779,1871,7632,2276,2059,130,86,146463,11155,122596,10122,98014,14460,13191,779,490,23759,3023,46047,3853,37918,4276,3745,244,287,101135,10113,86694,12097,62292,12305,11076,498,406,66272,3384,67853,4613,58051,5189,4770,109,309,26514,4121,23347,2617,17835,2895,2515,198,182,103141,2860,63634,5355,53795,4484,4212,154,118,44631,6737,38176,6325,25609,6242,4609,741,301,67911,5158,73943,6876,61018,6049,4907,69,158,139128,6505,64996,4160,57078,3758,3521,117,104,80771,2203,56739,5095,47351,4293,4051,106,134,38534,1280,17344,2428,12615,2301,1588,573,139,58217,7722,58867,10106,38142,10619,9563,722,333,58154,7576,37306,4001,29810,3495,3207,129,158,30881,3656,29996,2827,24508,2661,2220,364,76,3969677,324497,2374158,232209,1900744,241205,218414,10846,9919
2021-05-02,54565,8731,26250,2502,20626,3122,2922,26,171,56358,30621,47579,8513,32672,6394,5851,242,298,58102,1154,30456,1387,27533,1536,1352,98,85,21747,4758,10019,1226,7534,1259,1102,113,44,86498,9551,68458,6461,55986,6011,5722,161,128,13649,1998,11547,1280,8732,1535,1199,138,196,23535,38397,10485,1523,7198,1764,1595,74,95,44490,3237,54483,7331,40535,6617,5527,794,283,1864879,61753,758141,45313,662873,49955,45676,1220,3055,44272,2645,33378,2420,28867,2091,1922,98,69,156055,13472,130842,10991,108147,11704,11040,411,249,42464,1791,39253,4331,30750,4172,3699,341,114,29309,5975,36887,6124,24347,6416,5614,630,172,102962,15638,85449,12560,59351,13538,12296,773,461,171755,35211,151557,28266,92892,30399,28802,510,975,86286,1523,47637,5799,36251,5587,5245,188,153,116828,5600,32951,3950,25164,3837,3646,110,81,12463,7074,11793,1873,7644,2276,2060,130,85,146647,11156,122624,10131,98025,14468,13197,780,491,23787,3023,46064,3853,37934,4277,3745,244,288,101202,10116,86732,12113,62319,12300,11075,499,401,66331,3385,67876,4622,58066,5188,4769,109,309,26565,4128,23407,2623,17886,2898,2519,198,181,103259,2861,63659,5357,53814,4488,4216,154,118,44664,6740,38191,6329,25619,6243,4609,741,302,67966,5158,73977,6881,61045,6051,4909,70,157,139270,6505,65042,4162,57118,3762,3524,117,105,80820,2206,56771,5100,47371,4300,4057,107,134,38579,1280,17356,2430,12623,2303,1589,573,140,58286,7724,58883,10113,38150,10620,9564,722,333,58223,7580,37334,4006,29823,3505,3216,129,159,30926,3656,30024,2827,24534,2663,2222,364,76,3972742,324647,2375105,232397,1901429,241279,218481,10864,9908
2021-05-03,54810,8735,26280,2503,20647,3130,2929,26,172,56772,30629,47645,8516,32721,6408,5862,242,301,58386,1154,30528,1389,27600,1539,1356,98,84,22029,4762,10060,1229,7572,1259,1102,113,44,86758,9564,68501,6463,56024,6014,5725,161,128,13719,1998,11571,1281,8756,1534,1199,138,195,23626,38467,10507,1524,7216,1767,1599,74,94,44724,3239,54675,7342,40694,6639,5544,798,284,1871400,61821,759061,45341,663732,49988,45707,1226,3051,44430,2651,33415,2423,28899,2093,1923,99,69,156671,13473,130909,10996,108209,11704,11039,411,250,42623,1792,39336,4336,30823,4177,3705,342,112,29442,5982,36923,6129,24375,6419,5615,631,173,103454,15642,85546,12567,59438,13541,12298,774,461,172718,35231,151700,28274,93006,30420,28820,512,976,86456,1525,47693,5805,36300,5588,5246,188,153,117325,5612,33066,3961,25263,3842,3650,110,82,12541,7075,11811,1873,7660,2278,2061,131,85,147224,11160,122724,10137,98110,14477,13203,781,493,23943,3028,46116,3858,37975,4283,3749,244,290,101435,10121,86859,12128,62414,12317,11092,500,400,66571,3391,68006,4625,58184,5197,4778,109,309,26730,4130,23548,2627,18015,2906,2524,199,183,103820,2862,63713,5358,53864,4491,4219,154,118,44878,6742,38252,6331,25672,6249,4616,741,301,68212,5162,74058,6885,61121,6052,4910,70,157,139877,6512,65273,4166,57338,3769,3529,117,107,81106,2214,56907,5105,47492,4310,4066,107,135,38787,1281,17379,2431,12642,2306,1590,576,140,58542,7725,58952,10120,38208,10624,9569,722,332,58448,7584,37428,4010,29897,3521,3231,129,160,31079,3658,30074,2828,24580,2666,2224,365,76,3988536,324922,2378516,232561,1904447,241508,218680,10888,9915
2021-05-04,55014,8739,26300,2504,20662,3134,2933,26,172,57207,30631,47691,8519,32761,6411,5863,242,303,58699,1155,30585,1391,27649,1545,1360,99,85,22113,4763,10078,1229,7590,1259,1102,113,44,87034,9570,68542,6464,56060,6018,5729,161,128,13791,1998,11597,1282,8779,1536,1202,138,194,23729,38514,10523,1529,7228,1766,1598,74,94,45007,3240,54854,7354,40858,6642,5546,798,285,1877383,61947,759782,45361,664396,50025,45737,1229,3055,44584,2659,33448,2428,28924,2096,1927,99,68,157254,13473,130960,10999,108253,11708,11044,411,249,42798,1793,39420,4338,30902,4180,3707,343,112,29528,5984,36946,6132,24395,6419,5616,632,171,103877,15647,85620,12574,59497,13549,12305,775,461,173574,35254,151845,28281,93120,30444,28844,512,976,87305,1529,47754,5808,36344,5602,5258,188,155,117955,5625,33184,3969,25371,3844,3652,110,82,12624,7077,11830,1875,7676,2279,2063,130,85,147828,11163,122816,10141,98188,14487,13212,781,494,24042,3029,46151,3864,38004,4283,3748,244,291,101631,10127,86955,12139,62483,12333,11112,500,397,66822,3397,68095,4627,58265,5203,4783,109,310,26896,4133,23687,2633,18142,2912,2529,199,184,104366,2865,63783,5364,53927,4492,4219,155,118,45045,6745,38298,6336,25707,6255,4621,742,302,68574,5165,74146,6890,61206,6050,4910,70,155,140553,6518,65447,4169,57505,3773,3531,117,109,81329,2222,57025,5111,47598,4316,4072,107,135,38907,1281,17392,2433,12651,2308,1591,576,141,58795,7730,59009,10126,38250,10633,9578,722,332,58687,7600,37520,4015,29976,3529,3237,129,162,31206,3660,30114,2829,24616,2669,2227,365,76,4004157,325233,2381397,232714,1906983,241700,218856,10896,9925
2021-05-05,55251,8742,26321,2508,20668,3145,2944,26,172,57544,30639,47737,8523,32798,6416,5870,243,300,58897,1157,30639,1391,27695,1553,1366,100,86,22182,4763,10092,1229,7601,1262,1104,113,45,87291,9572,68574,6464,56088,6022,5733,161,128,13852,1998,11631,1282,8809,1540,1206,138,194,23827,38566,10539,1532,7242,1765,1597,74,94,45220,3242,55002,7365,40983,6654,5557,802,283,1882863,62089,760524,45381,665091,50052,45761,1232,3055,44659,2660,33458,2433,28929,2096,1928,99,67,157674,13476,131005,11001,108289,11715,11051,411,249,42925,1794,39483,4341,30960,4182,3710,343,111,29615,5993,36964,6135,24410,6419,5617,632,170,104260,15652,85697,12585,59559,13553,12312,773,460,174428,35282,152047,28296,93294,30457,28859,512,974,88074,1531,47812,5817,36387,5608,5266,188,153,118616,5644,33258,3974,25427,3857,3665,110,82,12701,7079,11845,1878,7688,2279,2063,130,85,148353,11167,122910,10147,98267,14496,13220,781,495,24108,3032,46196,3869,38042,4285,3751,245,289,101819,10131,87033,12153,62533,12347,11124,499,400,67054,3397,68150,4628,58312,5210,4789,110,310,27065,4139,23807,2638,18244,2925,2541,202,182,104903,2867,63840,5368,53979,4493,4219,155,119,45193,6746,38343,6346,25736,6261,4628,742,301,68731,5166,74199,6893,61255,6051,4912,70,154,140901,6521,65526,4173,57583,3770,3529,116,109,81552,2224,57124,5114,47688,4322,4078,108,134,39029,1282,17405,2434,12662,2309,1593,576,140,59028,7731,59051,10130,38283,10638,9584,722,331,58856,7605,37575,4025,30016,3534,3242,129,162,31314,3669,30158,2832,24660,2666,2224,365,76,4017785,325556,2383945,232885,1909178,241882,219043,10907,9910
2021-05-06,55409,8752,26354,2509,20697,3148,2946,26,173,57860,30640,47783,8529,32837,6417,5868,243,303,59180,1158,30702,1393,27754,1555,1367,101,86,22381,4769,10119,1229,7626,1264,1105,113,46,87569,9575,68613,6465,56120,6028,5738,161,129,13924,1999,11656,1282,8833,1541,1207,138,194,23924,38614,10560,1533,7262,1765,1598,74,93,45487,3248,55154,7378,41119,6657,5559,802,284,1888543,62181,761199,45402,665706,50091,45798,1233,3056,44825,2672,33489,2433,28956,2100,1932,99,67,158295,13478,131079,11006,108357,11716,11052,411,249,43191,1795,39572,4346,31042,4184,3714,342,110,29703,6002,36998,6139,24441,6418,5617,632,169,104607,15654,85775,12589,59624,13562,12317,774,463,175454,35300,152235,28303,93462,30470,28871,512,975,89031,1534,47854,5821,36418,5615,5274,188,152,119156,5649,33353,3980,25513,3860,3668,110,82,12767,7081,11866,1881,7702,2283,2065,132,85,148837,11170,122984,10149,98329,14506,13229,781,496,24291,3036,46249,3874,38087,4288,3756,245,287,102015,10137,87096,12172,62582,12342,11125,499,395,67265,3398,68208,4632,58367,5209,4788,110,310,27235,4142,23920,2641,18345,2934,2548,203,183,105400,2870,63915,5372,54049,4494,4222,155,117,45352,6747,38369,6353,25752,6264,4629,743,302,68925,5166,74270,6897,61322,6051,4914,70,152,141615,6524,65710,4175,57761,3774,3534,116,108,81855,2228,57234,5118,47786,4330,4085,108,135,39256,1283,17418,2435,12673,2310,1593,577,140,59251,7732,59098,10137,38318,10643,9589,723,330,59131,7619,37668,4030,30095,3543,3251,131,161,31421,3671,30192,2836,24693,2663,2222,365,76,4033155,325824,2386692,233039,1911628,242025,219181,10917,9908
2021-05-07,55543,8765,26373,2510,20713,3150,2949,26,172,58188,30647,47849,8535,32890,6424,5874,243,304,59436,1159,30763,1393,27810,1560,1371,101,87,22494,4769,10135,1229,7640,1266,1106,114,46,87798,9578,68640,6466,56145,6029,5739,161,129,13983,2002,11675,1283,8849,1543,1209,138,194,23969,38648,10572,1534,7273,1765,1598,74,93,45675,3253,55267,7392,41214,6661,5563,802,284,1894251,62243,761880,45424,666345,50111,45810,1239,3058,44936,2678,33516,2433,28978,2105,1936,99,68,158743,13481,131132,11007,108407,11718,11054,411,249,43415,1795,39627,4348,31091,4188,3717,342,111,29776,6014,37031,6141,24468,6422,5620,633,169,104903,15654,85827,12592,59663,13572,12323,777,464,176281,35327,152344,28311,93541,30492,28892,512,976,90433,1535,47909,5830,36462,5617,5279,187,150,119866,5651,33454,3983,25600,3871,3679,110,82,12814,7081,11884,1886,7716,2282,2064,132,85,149278,11172,123083,10154,98405,14524,13247,781,496,24373,3044,46302,3878,38130,4294,3762,245,287,102152,10146,87138,12177,62613,12348,11131,500,394,67407,3398,68256,4640,58411,5205,4787,110,307,27365,4144,24040,2644,18450,2946,2555,204,187,105958,2872,63982,5374,54106,4502,4229,155,118,45484,6749,38403,6358,25777,6268,4634,743,301,69100,5166,74333,6899,61377,6057,4921,70,151,142364,6526,65849,4178,57892,3779,3539,116,108,82135,2237,57341,5122,47870,4349,4104,108,135,39375,1283,17428,2437,12682,2309,1592,577,140,59471,7732,59138,10142,38350,10646,9593,723,329,59363,7625,37738,4035,30157,3546,3254,131,161,31531,3678,30231,2837,24726,2668,2223,369,76,4047860,326052,2389140,233172,1913751,242217,219354,10933,9911
2021-05-08,55602,8768,26390,2512,20721,3157,2955,26,173,58253,30653,47872,8538,32905,6429,5881,243,302,59508,1159,30790,1394,27832,1564,1374,102,87,22515,4769,10143,1231,7642,1270,1111,114,45,87874,9581,68663,6469,56161,6033,5742,162,129,14010,2002,11695,1284,8864,1547,1212,138,195,24000,38679,10575,1535,7276,1764,1598,74,92,45715,3256,55313,7398,41244,6671,5576,801,282,1897346,62295,762304,45436,666728,50140,45832,1239,3065,44948,2681,33521,2433,28982,2106,1936,99,69,158873,13483,131152,11009,108420,11723,11059,411,249,43491,1795,39658,4350,31113,4195,3723,342,112,29826,6015,37045,6146,24479,6420,5620,633,167,105019,15657,85858,12595,59683,13580,12331,777,464,176498,35343,152372,28326,93549,30497,28897,512,976,91222,1535,47933,5839,36475,5619,5282,187,149,119896,5653,33468,3986,25608,3874,3682,110,82,12838,7083,11889,1887,7719,2283,2065,132,85,149460,11174,123129,10156,98441,14532,13255,781,496,24422,3045,46339,3880,38164,4295,3761,245,289,102254,10151,87191,12192,62641,12358,11142,501,392,67455,3398,68275,4646,58425,5204,4788,110,305,27462,4144,24115,2649,18511,2955,2562,204,189,106264,2872,64019,5375,54141,4503,4230,155,118,45534,6751,38425,6362,25792,6271,4635,744,302,69173,5166,74373,6899,61413,6061,4925,70,151,142655,6530,65908,4182,57945,3781,3543,116,106,82202,2241,57387,5130,47902,4355,4110,108,135,39429,1283,17433,2438,12685,2310,1593,577,140,59545,7735,59168,10146,38366,10656,9603,723,329,59435,7636,37754,4039,30167,3548,3255,132,161,31579,3679,30257,2838,24749,2670,2225,369,76,4054303,326212,2390414,233300,1914743,242371,219503,10937,9912
2021-05-09,55619,8769,26401,2516,20727,3158,2955,26,174,58299,30657,47891,8541,32915,6435,5885,243,304,59563,1160,30814,1394,27852,1568,1377,102,88,22523,4769,10147,1234,7645,1268,1109,114,45,87939,9581,68671,6472,56166,6033,5742,162,129,14024,2003,11713,1285,8877,1551,1214,138,197,24030,38705,10579,1537,7278,1764,1598,74,92,45756,3257,55351,7406,41269,6676,5580,802,282,1898418,62328,762418,45461,666805,50152,45842,1240,3066,44993,2681,33523,2434,28983,2106,1937,99,68,159009,13484,131178,11014,108445,11719,11057,411,247,43554,1795,39678,4357,31127,4194,3723,342,111,29862,6019,37054,6147,24486,6421,5620,634,167,105093,15657,85886,12601,59695,13590,12338,780,464,176665,35354,152413,28337,93565,30511,28913,512,974,91537,1536,47936,5846,36476,5614,5278,187,148,119930,5653,33484,3995,25616,3873,3680,111,82,12859,7085,11892,1891,7720,2281,2063,132,85,149607,11174,123158,10160,98455,14543,13266,781,496,24456,3048,46355,3883,38179,4293,3762,245,286,102333,10156,87227,12201,62659,12367,11151,501,392,67487,3399,68296,4654,58433,5209,4794,110,304,27534,4148,24187,2653,18563,2971,2574,204,193,106403,2872,64039,5376,54159,4504,4231,155,118,45572,6754,38435,6367,25796,6272,4637,743,302,69239,5166,74404,6899,61439,6066,4929,70,152,142816,6531,65954,4184,57987,3783,3545,116,106,82278,2243,57427,5132,47931,4364,4117,109,136,39477,1283,17435,2440,12686,2309,1593,577,139,59611,7739,59198,10149,38383,10666,9611,725,329,59508,7642,37782,4043,30182,3557,3263,133,161,31591,3679,30269,2839,24760,2670,2225,369,76,4057585,326327,2391195,233448,1915259,242488,219609,10947,9913
2021-05-10,55644,8778,26411,2516,20732,3163,2960,26,174,58419,30660,47936,8547,32951,6438,5889,243,303,59700,1161,30858,1397,27888,1573,1380,102,90,22564,4773,10163,1235,7660,1268,1109,114,45,88053,9582,68690,6474,56182,6034,5743,162,129,14052,2003,11739,1288,8900,1551,1213,139,197,24087,38778,10584,1538,7282,1764,1598,74,92,45851,3262,55448,7413,41346,6689,5591,805,281,1901199,62411,762820,45490,667153,50177,45866,1239,3068,45029,2685,33533,2438,28991,2104,1935,99,68,159325,13484,131208,11018,108470,11720,11058,411,247,43677,1796,39738,4360,31183,4195,3727,342,108,29912,6021,37065,6149,24495,6421,5619,634,168,105243,15661,85924,12610,59719,13595,12342,780,465,177199,35376,152483,28342,93598,30543,28946,512,973,91852,1537,47965,5851,36500,5614,5278,187,148,120279,5659,33533,4001,25649,3883,3690,111,82,12888,7089,11905,1891,7728,2286,2068,132,85,149873,11180,123220,10169,98503,14548,13274,782,492,24507,3061,46388,3886,38210,4292,3762,245,285,102441,10168,87264,12215,62682,12367,11152,501,391,67615,3401,68336,4657,58468,5211,4796,110,303,27657,4157,24281,2659,18646,2976,2578,204,194,106826,2872,64097,5381,54213,4503,4232,155,116,45641,6756,38461,6370,25813,6278,4644,742,302,69329,5169,74450,6900,61479,6071,4932,71,153,143289,6534,66086,4186,58115,3785,3548,116,105,82467,2248,57532,5136,48024,4372,4125,109,136,39555,1283,17446,2444,12693,2309,1590,580,139,59712,7744,59231,10160,38402,10669,9613,725,330,59637,7649,37828,4047,30219,3562,3269,133,160,31669,3683,30293,2841,24779,2673,2226,370,76,4065191,326621,2392916,233609,1916673,242634,219753,10955,9905
2021-05-11,55832,8783,26446,2516,20757,3173,2964,26,180,58871,30666,48046,8550,33047,6449,5894,244,308,60059,1163,30936,1400,27957,1579,1385,103,90,22737,4781,10186,1236,7681,1269,1111,113,45,88310,9585,68728,6475,56217,6036,5743,164,129,14122,2004,11768,1288,8923,1557,1218,139,198,24213,38827,10609,1538,7306,1765,1599,74,92,46150,3262,55623,7423,41497,6703,5601,807,283,1907428,62496,763609,45500,667909,50200,45887,1242,3067,45160,2685,33573,2440,29029,2104,1935,99,68,159993,13486,131260,11020,108520,11720,11058,411,247,43871,1797,39832,4364,31268,4200,3732,342,107,30017,6034,37087,6154,24508,6425,5620,635,170,105669,15664,86016,12611,59800,13605,12352,780,465,178177,35393,152622,28354,93712,30556,28960,512,972,92407,1541,48028,5858,36554,5616,5281,187,147,120768,5663,33609,4003,25718,3888,3694,112,82,12945,7090,11922,1893,7743,2286,2068,132,85,150460,11183,123317,10174,98585,14558,13287,781,490,24621,3066,46433,3887,38251,4295,3765,245,285,102657,10180,87329,12229,62732,12368,11152,502,391,67851,3401,68414,4663,58542,5209,4796,110,301,27825,4165,24430,2671,18775,2984,2587,205,192,107295,2872,64161,5381,54275,4505,4234,155,116,45857,6759,38533,6372,25877,6284,4649,743,302,69585,5172,74544,6903,61564,6077,4939,71,152,143859,6537,66252,4188,58274,3790,3552,116,106,82769,2252,57690,5139,48163,4388,4140,110,136,39715,1283,17458,2445,12705,2308,1589,580,139,60031,7745,59291,10165,38453,10673,9616,725,331,59921,7658,37936,4051,30311,3574,3281,133,160,31826,3686,30335,2841,24812,2682,2233,371,77,4081001,326879,2396023,233732,1919465,242826,219922,10969,9913
2021-05-12,55960,8793,26463,2521,20768,3174,2966,26,179,59239,30672,48105,8553,33098,6454,5898,244,309,60357,1166,30990,1403,28007,1580,1387,103,89,22846,4786,10210,1236,7700,1274,1115,113,46,88566,9587,68757,6477,56239,6041,5747,164,130,14194,2004,11798,1288,8951,1559,1220,139,198,24309,38891,10623,1538,7317,1768,1602,74,92,46450,3267,55758,7433,41617,6708,5604,809,283,1912879,62597,764318,45520,668583,50215,45904,1243,3064,45244,2685,33596,2440,29050,2106,1937,99,68,160693,13487,131311,11023,108566,11722,11061,411,247,44112,1798,39909,4367,31336,4206,3738,342,107,30108,6038,37108,6157,24523,6428,5621,636,171,106034,15666,86079,12617,59854,13608,12354,782,464,178977,35406,152694,28372,93769,30553,28958,512,971,92773,1545,48067,5862,36582,5623,5287,187,148,121367,5667,33682,4012,25784,3886,3692,112,82,13002,7093,11934,1893,7751,2290,2072,132,85,150937,11184,123405,10176,98657,14572,13300,781,491,24706,3071,46476,3890,38289,4297,3768,245,284,102868,10190,87385,12239,62776,12370,11157,502,388,68046,3401,68462,4663,58586,5213,4799,110,302,28009,4169,24606,2676,18930,3000,2598,206,196,107770,2873,64212,5384,54323,4505,4233,155,117,46033,6760,38577,6379,25913,6285,4648,745,302,69778,5172,74628,6904,61641,6083,4944,70,154,144423,6538,66423,4189,58438,3796,3557,116,107,83027,2261,57815,5143,48273,4399,4151,110,136,39847,1283,17463,2445,12710,2308,1589,580,139,60298,7747,59364,10169,38506,10689,9629,727,332,60213,7662,38016,4054,30378,3584,3290,134,160,31997,3691,30366,2842,24839,2685,2234,373,77,4095062,327150,2398600,233865,1921754,242981,220060,10982,9918
2021-05-13,56095,8804,26486,2522,20784,3180,2972,26,179,59551,30678,48170,8555,33152,6463,5905,244,311,60602,1167,31039,1405,28051,1583,1390,104,88,22959,4790,10239,1238,7729,1272,1113,113,46,88793,9590,68789,6479,56267,6043,5749,164,130,14241,2005,11832,1288,8984,1560,1221,139,198,24406,38951,10641,1538,7331,1772,1606,74,92,46705,3270,55864,7440,41712,6712,5606,811,283,1917773,62743,764886,45531,669116,50239,45930,1243,3062,45342,2690,33631,2445,29082,2104,1935,100,67,161261,13489,131362,11026,108610,11726,11066,410,247,44296,1799,39947,4370,31370,4207,3739,342,107,30187,6047,37122,6158,24533,6431,5623,637,171,106336,15669,86129,12622,59899,13608,12353,782,465,179733,35426,152796,28384,93847,30565,28972,512,969,93395,1546,48105,5865,36609,5631,5293,187,150,121820,5668,33740,4015,25837,3888,3694,112,82,13083,7093,11942,1894,7756,2292,2073,133,85,151363,11185,123482,10178,98717,14587,13311,784,492,24797,3083,46501,3891,38309,4301,3769,245,287,103052,10199,87445,12247,62817,12381,11166,502,390,68197,3402,68503,4666,58623,5214,4802,110,300,28178,4174,24779,2681,19084,3014,2608,206,200,108174,2876,64270,5387,54374,4509,4237,155,117,46172,6762,38617,6384,25945,6288,4650,745,303,70095,5174,74685,6905,61693,6087,4947,70,155,145058,6542,66585,4192,58591,3802,3563,116,107,83282,2264,57931,5147,48373,4411,4164,110,135,40064,1283,17477,2448,12722,2307,1589,579,139,60509,7749,59416,10173,38551,10692,9630,727,334,60403,7674,38103,4057,30450,3596,3298,136,162,32142,3697,30393,2843,24861,2689,2238,373,77,4108064,327489,2400907,233974,1923779,243154,220212,10991,9930
2021-05-14,56209,8815,26508,2523,20803,3182,2974,26,179,59878,30686,48228,8559,33201,6468,5913,244,308,60821,1168,31115,1407,28120,1588,1396,103,88,23048,4795,10255,1238,7744,1273,1114,113,46,89024,9593,68809,6480,56282,6047,5753,164,130,14312,2006,11853,1289,9004,1560,1221,139,198,24482,39038,10656,1539,7343,1774,1608,74,92,46895,3276,55949,7448,41782,6719,5611,813,283,1923162,62826,765551,45552,669746,50253,45940,1243,3066,45430,2694,33655,2446,29102,2107,1936,101,68,161726,13491,131404,11028,108649,11727,11067,411,246,44449,1800,39991,4372,31411,4208,3739,344,106,30269,6050,37136,6161,24542,6433,5626,637,170,106599,15670,86176,12628,59936,13612,12358,782,464,180376,35442,152938,28400,93970,30568,28974,512,970,93980,1548,48139,5869,36631,5639,5301,187,150,122364,5678,33793,4019,25882,3892,3698,112,82,13131,7096,11963,1895,7768,2300,2079,134,86,151765,11186,123577,10181,98798,14598,13322,785,491,24890,3091,46531,3896,38331,4304,3771,245,288,103220,10209,87502,12255,62853,12394,11179,502,390,68352,3402,68561,4673,58675,5213,4804,110,297,28332,4179,24934,2685,19222,3027,2618,206,203,108620,2878,64325,5388,54426,4511,4239,155,117,46291,6764,38652,6388,25974,6290,4652,746,302,70254,5178,74753,6905,61760,6088,4948,70,155,145660,6543,66747,4192,58743,3812,3572,116,108,83591,2273,58058,5153,48483,4422,4175,111,134,40170,1283,17488,2449,12733,2306,1589,579,138,60738,7751,59476,10179,38594,10703,9637,728,337,60651,7677,38186,4063,30521,3602,3304,135,163,32283,3701,30425,2844,24891,2690,2239,373,77,4120972,327787,2403334,234104,1925920,243310,220357,11000,9932
2021-05-15,56235,8816,26512,2524,20804,3184,2977,26,178,59948,30693,48237,8561,33205,6471,5917,244,307,60894,1168,31138,1408,28140,1590,1399,102,88,23071,4796,10273,1239,7759,1275,1115,114,46,89108,9594,68820,6482,56290,6048,5755,163,130,14331,2006,11865,1290,9015,1560,1221,139,198,24496,39073,10663,1541,7348,1774,1607,74,93,46943,3278,55986,7454,41806,6726,5615,814,285,1926097,62888,765898,45565,670051,50282,45959,1244,3075,45439,2695,33663,2448,29106,2109,1939,100,68,161830,13491,131435,11029,108678,11728,11068,411,246,44507,1800,40008,4374,31424,4210,3740,345,106,30296,6051,37141,6163,24545,6433,5625,638,170,106684,15671,86196,12630,59952,13614,12359,783,464,180663,35467,153038,28410,94057,30571,28978,512,969,94435,1550,48158,5874,36642,5642,5302,187,152,122407,5678,33800,4020,25884,3896,3702,112,82,13152,7096,11971,1897,7772,2302,2082,134,85,151952,11188,123631,10187,98838,14606,13328,787,491,24911,3099,46558,3898,38353,4307,3774,245,288,103325,10211,87537,12264,62871,12402,11188,503,388,68383,3404,68574,4677,58684,5213,4806,110,295,28424,4183,25009,2688,19283,3038,2625,206,207,108878,2878,64355,5388,54455,4512,4240,155,117,46332,6764,38676,6392,25987,6297,4659,747,301,70317,5179,74791,6910,61792,6089,4951,70,153,145931,6544,66806,4197,58800,3809,3572,116,105,83672,2276,58123,5159,48530,4434,4182,112,138,40342,1283,17502,2449,12745,2308,1590,579,138,60814,7752,59512,10181,38618,10713,9644,728,340,60741,7689,38236,4066,30554,3616,3312,138,166,32305,3701,30430,2844,24896,2690,2239,373,77,4126863,327962,2404542,234209,1926884,243449,220470,11011,9946
2021-05-16,56386,8820,26518,2526,20808,3184,2977,26,178,59991,30701,48253,8564,33213,6476,5923,244,306,60943,1169,31154,1411,28153,1590,1397,102,90,23085,4796,10286,1241,7769,1276,1117,114,45,89173,9594,68826,6482,56292,6052,5759,163,130,14342,2007,11877,1290,9025,1562,1223,139,198,24509,39092,10669,1542,7351,1776,1609,74,93,46985,3280,56025,7460,41828,6737,5626,815,284,1927177,62922,766033,45578,670158,50297,45974,1247,3072,45464,2696,33666,2451,29108,2107,1939,100,66,161897,13492,131448,11031,108684,11733,11073,411,246,44525,1800,40020,4377,31429,4214,3743,346,106,30332,6054,37158,6164,24556,6438,5629,639,170,106752,15672,86213,12632,59960,13621,12365,783,465,180802,35488,153097,28419,94105,30573,28981,512,968,95430,1550,48178,5878,36653,5647,5305,187,154,122442,5679,33807,4026,25887,3894,3700,112,82,13174,7097,11974,1897,7775,2302,2082,134,85,152082,11189,123650,10193,98850,14607,13329,786,492,24936,3115,46568,3901,38360,4307,3776,245,286,103400,10211,87558,12270,62886,12402,11187,503,389,68415,3404,68581,4678,58688,5215,4807,110,296,28510,4185,25076,2694,19336,3046,2630,205,211,108964,2878,64372,5391,54464,4517,4245,155,117,46393,6766,38697,6399,26004,6294,4656,747,301,70371,5180,74831,6911,61825,6095,4956,70,154,146076,6544,66838,4202,58829,3807,3572,116,103,83742,2280,58171,5171,48559,4441,4188,112,139,40361,1283,17506,2449,12747,2310,1591,580,138,60877,7753,59539,10185,38634,10720,9652,728,339,60802,7698,38275,4070,30580,3625,3322,138,165,32332,3708,30439,2846,24902,2691,2240,373,78,4130670,328103,2405303,234329,1927418,243556,220573,11016,9946
2021-05-17,56559,8836,26538,2526,20822,3190,2983,26,178,60442,30707,48317,8572,33264,6481,5931,245,302,61134,1171,31224,1414,28218,1592,1401,102,88,23190,4803,10319,1244,7801,1274,1115,114,45,89426,9594,68861,6483,56322,6056,5763,163,130,14435,2007,11898,1293,9043,1562,1224,139,197,24567,39159,10689,1542,7370,1777,1610,74,93,47231,3281,56160,7466,41947,6747,5630,819,286,1932735,63010,766707,45591,670801,50315,45990,1247,3074,45593,2698,33706,2451,29147,2108,1940,100,66,162480,13498,131515,11034,108745,11736,11074,412,247,44658,1800,40060,4383,31457,4220,3749,346,106,30446,6060,37175,6167,24571,6437,5628,639,170,107054,15673,86284,12644,60026,13614,12361,781,464,181640,35512,153209,28426,94202,30581,28990,512,967,96129,1550,48230,5883,36691,5656,5314,188,153,122721,5679,33852,4032,25923,3897,3703,112,82,13227,7099,11996,1898,7793,2305,2085,134,85,152601,11191,123778,10203,98955,14620,13346,786,488,25052,3135,46609,3903,38396,4310,3778,246,286,103636,10227,87618,12280,62936,12402,11192,502,385,68625,3405,68620,4680,58723,5217,4810,110,295,28714,4193,25252,2697,19491,3064,2645,205,214,109370,2878,64443,5394,54529,4520,4250,155,115,46572,6767,38756,6403,26050,6303,4664,746,303,70567,5186,74915,6914,61902,6099,4960,69,155,146731,6555,67053,4205,59037,3811,3574,117,104,84105,2286,58350,5175,48718,4457,4202,112,141,40419,1283,17527,2451,12766,2310,1592,580,138,61367,7756,59609,10185,38692,10732,9660,731,340,61093,7704,38387,4071,30679,3637,3326,144,167,32457,3714,30469,2847,24929,2693,2242,373,78,4144976,328417,2408126,234457,1929946,243723,220732,11029,9942
2021-05-18,56685,8851,26552,2527,20833,3192,2985,26,178,60886,30715,48379,8577,33319,6483,5935,245,300,61429,1172,31301,1420,28292,1589,1398,102,88,23250,4804,10349,1245,7831,1273,1114,114,45,89649,9595,68887,6483,56346,6058,5765,163,130,14487,2007,11916,1294,9058,1564,1226,139,197,24700,39241,10713,1543,7388,1782,1614,74,94,47454,3282,56256,7472,42030,6754,5634,821,287,1938060,63156,767382,45610,671434,50338,46012,1248,3073,45681,2700,33733,2453,29171,2109,1941,100,66,163146,13503,131554,11036,108774,11744,11082,412,247,44794,1801,40106,4385,31498,4223,3753,346,105,30524,6064,37195,6172,24584,6439,5631,640,168,107344,15675,86337,12650,60066,13621,12367,782,464,182476,35522,153293,28434,94259,30600,29007,512,969,97002,1551,48262,5886,36712,5664,5321,188,154,122969,5682,33876,4037,25944,3895,3701,112,82,13287,7102,12024,1898,7817,2309,2089,134,85,153122,11194,123863,10210,99022,14631,13356,787,488,25150,3147,46655,3904,38437,4314,3781,247,286,103793,10243,87687,12289,62989,12409,11198,502,385,68825,3406,68652,4684,58753,5215,4810,110,293,28911,4206,25412,2705,19633,3074,2659,206,209,110193,2880,64493,5395,54575,4523,4253,155,115,46742,6770,38810,6405,26098,6307,4666,746,305,70783,5186,75007,6916,61984,6107,4968,69,155,147332,6566,67214,4210,59188,3816,3579,117,104,84366,2290,58492,5180,48836,4476,4219,113,142,40594,1283,17541,2452,12778,2311,1593,580,138,61585,7758,59689,10188,38752,10749,9676,732,340,61375,7712,38513,4081,30786,3646,3332,146,168,32652,3717,30500,2847,24953,2700,2245,375,79,4159246,328781,2410643,234588,1932140,243915,220910,11043,9939
2021-05-19,56847,8869,26565,2528,20843,3194,2987,26,178,61251,30719,48424,8580,33356,6488,5938,245,302,61724,1172,31373,1423,28355,1595,1403,102,89,23437,4811,10392,1246,7873,1273,1113,114,46,89895,9595,68910,6485,56363,6062,5769,163,130,14543,2007,11937,1294,9077,1566,1227,139,198,24780,39293,10724,1544,7397,1783,1616,74,93,47676,3282,56353,7480,42120,6753,5637,821,283,1943371,63269,767969,45624,671986,50359,46028,1249,3077,45806,2704,33761,2454,29196,2111,1941,100,68,163752,13503,131626,11037,108825,11764,11102,412,247,44958,1801,40162,4388,31545,4229,3759,347,104,30607,6069,37210,6174,24597,6439,5631,640,168,107744,15679,86402,12654,60120,13628,12375,782,463,183346,35532,153383,28443,94326,30614,29020,512,970,97585,1551,48282,5889,36725,5668,5325,188,154,123193,5690,33903,4040,25969,3894,3700,112,82,13344,7103,12046,1899,7838,2309,2089,134,85,153602,11196,123953,10216,99096,14641,13364,787,490,25257,3166,46700,3908,38477,4315,3784,248,283,104009,10260,87737,12295,63024,12418,11207,502,385,69004,3406,68685,4685,58783,5217,4812,111,292,29096,4213,25581,2711,19772,3098,2675,207,216,110681,2881,64529,5396,54608,4525,4255,155,115,46899,6772,38874,6408,26151,6315,4672,748,305,70957,5186,75084,6921,62054,6109,4969,69,155,148092,6574,67428,4216,59397,3815,3578,117,104,84610,2295,58603,5186,48934,4483,4222,113,146,40754,1283,17553,2452,12790,2311,1593,580,138,61828,7764,59762,10192,38810,10760,9687,732,340,61658,7736,38620,4088,30879,3653,3337,147,169,32791,3720,30526,2849,24978,2699,2245,375,79,4173097,329101,2413057,234705,1934264,244088,221060,11051,9954
2021-05-20,57014,8885,26581,2530,20853,3198,2990,26,179,61575,30728,48478,8581,33406,6491,5941,245,302,61935,1176,31445,1425,28419,1601,1411,101,88,23656,4819,10427,1246,7906,1275,1115,114,46,90101,9597,68934,6486,56379,6069,5775,163,131,14611,2009,11971,1295,9108,1568,1230,139,197,24863,39361,10732,1545,7405,1782,1615,74,93,47902,3285,56444,7484,42199,6761,5647,821,281,1948494,63353,768569,45636,672551,50382,46050,1250,3077,45893,2706,33779,2455,29212,2112,1941,101,68,164233,13506,131665,11039,108857,11769,11108,412,246,45119,1801,40211,4392,31589,4230,3761,347,103,30686,6074,37231,6177,24615,6439,5632,640,167,108023,15680,86437,12658,60152,13627,12373,782,464,184003,35558,153510,28450,94431,30629,29033,512,972,98449,1553,48312,5890,36746,5676,5333,188,154,123433,5694,33930,4043,25991,3896,3702,112,82,13397,7104,12060,1900,7849,2311,2091,134,85,154084,11202,124051,10221,99175,14655,13378,787,490,25326,3180,46733,3911,38506,4316,3785,249,282,104255,10269,87789,12303,63068,12418,11207,502,385,69199,3408,68711,4685,58808,5218,4813,111,292,29275,4224,25724,2715,19901,3108,2684,208,216,111077,2881,64559,5398,54637,4524,4254,155,115,47027,6773,38945,6412,26215,6318,4671,752,305,71328,5187,75146,6924,62110,6112,4973,69,154,148682,6579,67612,4220,59578,3814,3577,117,104,84798,2301,58722,5193,49036,4493,4230,114,147,40840,1283,17568,2452,12802,2314,1595,580,139,62113,7769,59847,10199,38878,10770,9698,732,339,61925,7760,38729,4093,30975,3661,3346,147,168,32891,3732,30547,2849,24998,2700,2245,376,79,4186207,329437,2415399,234807,1936355,244237,221204,11060,9950
2021-05-21,57159,8891,26595,2530,20866,3199,2991,26,179,61868,30732,48524,8583,33445,6496,5946,245,302,62162,1179,31557,1426,28520,1611,1420,101,89,23788,4821,10458,1247,7933,1278,1118,114,46,90340,9599,68962,6487,56405,6070,5777,163,130,14676,2009,11988,1296,9124,1568,1229,139,198,24949,39413,10750,1546,7423,1781,1614,74,93,48080,3285,56515,7489,42254,6772,5659,821,280,1953793,63508,769215,45647,673167,50401,46065,1250,3081,45980,2709,33803,2456,29233,2114,1942,102,68,164606,13507,131694,11039,108880,11775,11112,412,248,45277,1801,40264,4396,31635,4233,3766,348,100,30768,6077,37254,6179,24635,6440,5633,640,167,108291,15684,86488,12661,60195,13632,12379,781,464,184798,35587,153574,28461,94480,30633,29039,512,970,99217,1553,48336,5893,36763,5680,5336,189,154,123759,5699,33954,4045,26011,3898,3704,112,82,13447,7104,12075,1901,7859,2315,2094,134,86,154508,11206,124178,10224,99275,14679,13398,790,491,25402,3196,46758,3917,38525,4316,3788,247,281,104439,10287,87835,12310,63095,12430,11217,503,386,69347,3408,68743,4686,58832,5225,4821,111,291,29492,4230,25880,2722,20043,3115,2693,208,214,111509,2882,64607,5400,54682,4525,4255,155,115,47152,6776,38990,6414,26251,6325,4676,752,304,71484,5188,75203,6925,62162,6116,4976,69,155,149390,6585,67769,4222,59728,3819,3583,117,103,85111,2307,58833,5202,49140,4491,4229,114,146,41100,1284,17582,2452,12815,2315,1596,580,139,62389,7773,59910,10201,38927,10782,9707,732,342,62139,7773,38840,4099,31067,3674,3356,148,170,33016,3735,30572,2851,25021,2700,2246,376,78,4199436,329788,2417706,234907,1938391,244408,221365,11065,9952
2021-05-22,57287,8896,26597,2532,20868,3197,2990,26,178,61927,30735,48540,8585,33456,6499,5946,246,304,62234,1179,31596,1430,28550,1616,1422,101,92,23808,4823,10472,1247,7941,1284,1124,114,46,90419,9600,68966,6487,56408,6071,5778,163,130,14713,2009,12004,1296,9136,1572,1233,139,198,24993,39470,10756,1546,7428,1782,1615,74,93,48112,3285,56537,7494,42268,6775,5664,821,278,1956738,63607,769556,45662,673479,50415,46084,1251,3075,46007,2709,33805,2456,29235,2114,1942,102,68,164727,13507,131728,11041,108912,11775,11112,412,248,45327,1802,40270,4396,31638,4236,3769,348,100,30813,6077,37262,6179,24640,6443,5636,640,167,108376,15684,86508,12661,60206,13641,12386,782,465,185040,35598,153669,28466,94565,30638,29045,512,969,99553,1553,48348,5895,36770,5683,5340,189,153,123806,5699,33958,4045,26015,3898,3704,112,82,13487,7104,12085,1901,7869,2315,2094,134,86,154680,11207,124209,10231,99299,14679,13397,790,492,25431,3201,46775,3918,38540,4317,3789,247,281,104519,10289,87869,12314,63112,12443,11227,503,389,69389,3408,68760,4686,58843,5231,4825,111,293,29605,4234,25974,2728,20126,3120,2700,208,212,111772,2882,64627,5401,54702,4524,4254,155,115,47213,6781,39008,6420,26260,6328,4679,752,303,71533,5188,75240,6927,62196,6117,4976,69,156,149701,6587,67853,4226,59806,3821,3586,117,102,85186,2308,58898,5210,49196,4492,4229,115,146,41154,1285,17588,2452,12818,2318,1597,582,139,62470,7774,59937,10202,38946,10789,9712,732,344,62213,7782,38874,4106,31092,3676,3359,148,169,33059,3735,30586,2852,25034,2700,2246,376,78,4205292,329998,2418855,234992,1939354,244509,221460,11071,9951
2021-05-23,57420,8900,26602,2536,20871,3195,2990,26,176,61973,30740,48555,8593,33464,6498,5947,247,301,62285,1179,31628,1436,28576,1616,1423,101,91,23820,4824,10489,1248,7954,1287,1127,114,46,90506,9601,68972,6488,56412,6072,5779,163,130,14734,2009,12020,1297,9148,1575,1236,139,198,25019,39514,10767,1546,7438,1783,1616,74,93,48141,3288,56548,7503,42273,6772,5661,822,277,1957685,63639,769705,45676,673594,50435,46103,1252,3075,46038,2709,33807,2456,29237,2114,1942,102,68,164835,13508,131752,11041,108926,11785,11120,413,249,45363,1802,40280,4397,31647,4236,3769,348,100,30852,6079,37276,6180,24651,6445,5636,640,169,108472,15685,86533,12662,60219,13652,12396,783,465,185343,35616,153693,28467,94572,30654,29060,512,970,99912,1555,48363,5901,36777,5685,5339,190,155,123827,5700,33965,4048,26016,3901,3706,112,83,13513,7105,12091,1902,7874,2315,2094,134,86,154828,11208,124235,10237,99318,14680,13399,790,491,25457,3204,46790,3921,38550,4319,3793,247,279,104593,10291,87887,12318,63122,12447,11231,503,389,69419,3408,68771,4690,58848,5233,4829,111,291,29708,4240,26043,2742,20180,3121,2705,207,209,111850,2882,64637,5403,54711,4523,4253,155,115,47256,6781,39030,6424,26275,6331,4681,753,303,71580,5189,75266,6929,62214,6123,4980,69,158,149878,6588,67901,4229,59846,3826,3592,117,101,85269,2311,58962,5217,49242,4503,4242,114,145,41266,1285,17607,2453,12834,2320,1600,581,139,62529,7774,59961,10208,38963,10790,9717,730,342,62278,7801,38921,4113,31114,3694,3373,150,171,33083,3735,30598,2853,25043,2702,2248,376,78,4208732,330150,2419655,235114,1939909,244632,221587,11075,9943
2021-05-24,57608,8913,26618,2537,20884,3197,2992,26,176,62442,30747,48621,8594,33522,6505,5955,247,300,62517,1185,31758,1436,28698,1624,1430,102,91,23895,4831,10520,1249,7982,1289,1129,114,46,90953,9606,69014,6491,56446,6077,5783,163,131,14800,2009,12038,1300,9164,1574,1236,139,197,25128,39580,10791,1548,7460,1783,1616,74,93,48386,3289,56640,7510,42353,6777,5665,823,277,1962530,63714,770411,45689,674267,50455,46119,1253,3078,46163,2711,33828,2456,29256,2116,1943,102,69,165411,13508,131806,11042,108971,11793,11128,413,249,45524,1803,40333,4400,31689,4244,3773,348,104,30942,6087,37304,6183,24671,6450,5641,642,167,108819,15688,86607,12665,60284,13658,12400,784,466,186213,35668,153811,28474,94673,30664,29071,512,969,100708,1556,48393,5906,36799,5688,5344,189,154,124124,5705,33996,4049,26040,3907,3712,112,83,13598,7107,12112,1904,7891,2317,2097,134,85,155407,11212,124379,10241,99449,14689,13408,790,491,25584,3208,46832,3922,38582,4328,3802,248,278,104844,10303,87934,12329,63155,12450,11234,503,389,69613,3408,68807,4690,58880,5237,4833,111,291,29904,4249,26241,2747,20359,3135,2718,208,209,112263,2882,64694,5403,54764,4527,4256,156,115,47418,6784,39100,6427,26335,6338,4687,754,303,71759,5191,75385,6933,62317,6135,4992,69,158,150604,6592,68123,4233,60060,3830,3593,117,104,85528,2316,59112,5229,49374,4509,4248,115,144,41538,1287,17621,2454,12846,2321,1600,581,140,62847,7778,60050,10212,39042,10796,9722,731,342,62475,7835,39044,4118,31220,3706,3382,152,172,33190,3737,30622,2853,25061,2708,2253,377,78,4222735,330489,2422545,235224,1942494,244827,221762,11089,9949
2021-05-25,57771,8925,26629,2538,20893,3198,2993,26,176,62878,30750,48664,8596,33561,6507,5957,247,300,62755,1192,31864,1438,28793,1633,1438,102,92,23977,4834,10554,1249,8012,1293,1132,114,47,91261,9606,69045,6494,56469,6082,5787,163,132,14868,2011,12054,1300,9178,1576,1237,139,198,25252,39645,10804,1549,7472,1783,1616,74,93,48579,3291,56706,7518,42407,6781,5669,825,275,1967177,63797,771142,45700,674965,50477,46141,1253,3078,46252,2712,33855,2456,29281,2118,1944,102,70,165955,13509,131835,11044,108998,11793,11128,413,249,45660,1803,40381,4403,31733,4245,3774,348,104,31030,6089,37329,6185,24688,6456,5646,643,167,109118,15692,86674,12671,60340,13663,12404,785,466,187076,35692,153897,28486,94744,30667,29076,512,967,101371,1556,48409,5911,36807,5691,5349,189,152,124327,5706,34021,4049,26061,3911,3716,112,83,13664,7108,12124,1907,7901,2316,2096,134,85,155997,11219,124518,10248,99568,14702,13420,791,491,25721,3211,46875,3924,38620,4331,3804,248,279,105050,10324,87994,12336,63193,12465,11250,504,387,69798,3409,68850,4690,58920,5240,4835,111,292,30094,4256,26409,2755,20507,3147,2728,209,210,112675,2883,64733,5403,54800,4530,4257,156,117,47571,6788,39178,6429,26405,6344,4692,754,304,71976,5193,75481,6936,62406,6139,4998,69,156,151386,6593,68314,4233,60244,3837,3600,117,104,85841,2321,59261,5237,49508,4516,4255,115,144,41646,1288,17629,2454,12852,2323,1600,582,141,63110,7781,60128,10217,39109,10802,9726,734,341,62742,7877,39190,4122,31337,3731,3404,153,173,33303,3744,30640,2855,25078,2707,2251,378,78,4235881,330805,2425187,235333,1944850,245004,221923,11102,9951
2021-05-26,57899,8937,26642,2540,20905,3197,2992,26,176,63234,30751,48703,8598,33592,6513,5962,247,301,62969,1194,31999,1441,28921,1637,1443,102,91,24106,4838,10580,1251,8038,1291,1131,114,46,91622,9608,69076,6494,56497,6085,5790,163,132,14928,2011,12066,1300,9190,1576,1237,139,198,25339,39708,10821,1549,7488,1784,1617,74,93,48722,3291,56782,7522,42468,6792,5678,826,276,1971524,63862,771856,45707,675647,50502,46158,1254,3085,46341,2713,33877,2456,29303,2118,1944,102,70,166539,13509,131873,11045,109029,11799,11132,414,250,45806,1803,40427,4407,31776,4244,3773,348,104,31117,6090,37347,6186,24699,6462,5653,643,166,109393,15694,86717,12678,60374,13665,12406,786,465,187798,35713,153978,28494,94811,30673,29082,512,967,101721,1558,48427,5913,36819,5695,5353,189,152,124526,5709,34052,4049,26082,3921,3726,112,83,13721,7109,12137,1909,7911,2317,2097,134,85,156472,11222,124599,10249,99635,14715,13433,791,491,25932,3217,46927,3926,38671,4330,3802,249,279,105252,10342,88034,12346,63218,12470,11254,504,388,69952,3409,68888,4690,58955,5243,4838,111,292,30281,4261,26578,2763,20655,3160,2741,210,209,112994,2885,64780,5406,54842,4532,4259,156,117,47751,6794,39247,6430,26463,6354,4699,755,305,72150,5194,75567,6938,62481,6148,5005,69,158,152021,6595,68503,4237,60422,3844,3607,117,104,86172,2328,59403,5247,49637,4519,4259,115,143,41756,1288,17641,2454,12862,2325,1601,583,141,63375,7790,60227,10219,39188,10820,9741,735,342,62989,7913,39351,4127,31485,3739,3410,154,174,33380,3748,30658,2855,25096,2707,2251,378,78,4247782,331084,2427763,235426,1947160,245177,222074,11112,9961
2021-05-27,58023,8938,26652,2540,20915,3197,2992,26,176,63594,30758,48752,8601,33632,6519,5968,247,301,63182,1198,32087,1443,29004,1640,1448,102,89,24205,4843,10611,1251,8067,1293,1132,114,47,91961,9609,69105,6496,56521,6088,5792,164,132,14974,2012,12089,1300,9211,1578,1239,139,198,25453,39781,10851,1549,7517,1785,1618,74,93,48847,3292,56851,7524,42524,6803,5690,826,275,1976016,63906,772464,45723,676226,50515,46169,1255,3087,46411,2714,33908,2456,29327,2125,1951,102,70,167070,13510,131910,11047,109064,11799,11133,414,249,45977,1803,40473,4409,31819,4245,3776,348,103,31202,6095,37382,6187,24728,6467,5657,643,167,109654,15696,86777,12682,60424,13671,12411,787,465,188573,35730,154054,28501,94873,30680,29089,512,967,102079,1559,48451,5917,36832,5702,5360,189,152,124698,5711,34066,4053,26088,3925,3730,112,83,13772,7112,12146,1910,7917,2319,2100,134,84,156917,11226,124728,10254,99749,14725,13441,792,492,26042,3226,46951,3929,38690,4332,3803,249,280,105430,10352,88079,12355,63249,12475,11262,504,385,70098,3409,68930,4692,58993,5245,4841,111,291,30457,4274,26741,2766,20803,3172,2751,211,210,113404,2886,64822,5409,54880,4533,4260,156,117,47894,6797,39291,6431,26502,6358,4702,755,306,72386,5196,75662,6938,62571,6153,5010,69,158,152791,6599,68669,4240,60583,3846,3607,117,106,86420,2336,59560,5259,49778,4523,4266,115,140,41821,1288,17657,2455,12876,2326,1601,584,141,63615,7791,60302,10224,39252,10826,9746,735,342,63273,7925,39539,4133,31649,3757,3426,155,175,33466,3748,30669,2857,25103,2709,2253,379,77,4259705,331320,2430229,235531,1949367,245331,222224,11120,9958
2021-05-28,58146,8942,26663,2540,20924,3199,2994,26,176,63915,30763,48800,8605,33671,6524,5969,247,305,63362,1200,32209,1444,29121,1644,1452,102,89,24356,4845,10636,1251,8087,1298,1136,114,48,92243,9609,69129,6496,56545,6088,5792,164,132,15031,2012,12103,1301,9222,1580,1241,139,198,25542,39891,10867,1550,7533,1784,1618,74,92,48995,3294,56889,7529,42553,6807,5694,827,274,1980670,63971,773146,45735,676887,50524,46182,1255,3083,46488,2716,33927,2457,29343,2127,1954,102,69,167507,13511,131928,11048,109080,11800,11135,414,248,46110,1803,40504,4413,31843,4248,3780,348,102,31299,6100,37406,6189,24747,6470,5661,643,166,109872,15698,86820,12685,60454,13681,12420,787,466,189367,35757,154155,28510,94956,30689,29097,512,968,102677,1559,48474,5921,36849,5704,5363,189,151,124940,5714,34094,4055,26105,3934,3739,112,83,13833,7114,12154,1914,7920,2320,2101,134,84,157422,11230,124835,10255,99835,14745,13459,792,494,26109,3243,46987,3931,38720,4336,3805,250,281,105599,10362,88116,12359,63275,12482,11269,504,385,70234,3409,68950,4694,59011,5245,4840,111,292,30645,4280,26880,2775,20925,3180,2763,211,206,113848,2887,64876,5411,54931,4534,4261,156,117,48034,6798,39365,6435,26558,6372,4712,756,308,72583,5197,75742,6939,62638,6165,5020,69,160,153533,6608,68876,4242,60780,3854,3613,117,108,86738,2344,59688,5266,49895,4527,4270,115,140,42033,1289,17671,2455,12888,2328,1603,584,141,63854,7793,60373,10229,39310,10834,9754,736,341,63539,7935,39725,4138,31806,3781,3449,154,177,33566,3748,30675,2858,25109,2708,2252,379,77,4272090,331622,2432663,235630,1951521,245512,222398,11123,9961
2021-05-29,58272,8945,26668,2540,20927,3201,2996,26,176,63971,30765,48821,8609,33683,6529,5970,247,309,63421,1200,32256,1446,29162,1648,1454,103,90,24369,4847,10649,1251,8095,1303,1140,114,49,92343,9612,69140,6497,56555,6088,5792,164,132,15043,2013,12125,1303,9238,1584,1243,139,200,25585,39928,10879,1550,7545,1784,1618,74,92,49022,3294,56908,7536,42563,6809,5696,827,274,1982571,63998,773460,45743,677175,50542,46201,1254,3083,46508,2717,33931,2460,29345,2126,1952,102,70,167596,13511,131940,11050,109089,11801,11136,414,248,46147,1803,40509,4418,31847,4244,3776,348,102,31337,6102,37417,6190,24753,6474,5663,644,167,109963,15698,86833,12687,60460,13686,12425,787,466,189583,35786,154198,28521,94990,30687,29097,513,965,102892,1560,48488,5921,36854,5713,5372,189,151,124965,5714,34099,4058,26108,3933,3738,112,83,13872,7116,12160,1915,7924,2321,2102,134,84,157584,11230,124873,10258,99860,14755,13468,792,495,26131,3245,47011,3932,38744,4335,3804,250,281,105682,10365,88145,12370,63288,12487,11272,505,386,70268,3410,68959,4694,59018,5247,4842,111,292,30766,4287,26980,2777,21009,3194,2774,211,209,114048,2887,64900,5413,54953,4534,4261,156,117,48076,6813,39385,6439,26567,6379,4720,757,305,72644,5197,75782,6941,62670,6171,5027,69,159,153872,6613,68987,4246,60885,3856,3614,117,109,86838,2349,59748,5269,49938,4541,4281,117,141,42072,1289,17676,2455,12891,2330,1605,584,141,63930,7795,60408,10234,39337,10837,9758,736,340,63630,7942,39788,4142,31855,3791,3458,156,176,33596,3748,30681,2859,25114,2708,2253,378,77,4276597,331779,2433804,235724,1952442,245638,222508,11130,9969
2021-05-30,58289,8947,26672,2541,20931,3200,2995,26,176,64049,30769,48835,8613,33691,6531,5974,247,307,63470,1200,32312,1447,29212,1653,1457,103,92,24386,4849,10663,1251,8105,1307,1142,114,51,92436,9612,69148,6498,56558,6092,5796,164,132,15058,2016,12145,1304,9252,1589,1246,139,202,25664,39960,10884,1550,7548,1786,1618,74,94,49052,3295,56932,7540,42576,6816,5703,827,274,1983448,64011,773592,45751,677291,50550,46208,1254,3084,46535,2718,33946,2460,29356,2130,1955,102,71,167687,13512,131952,11052,109097,11803,11139,414,247,46170,1804,40515,4423,31852,4240,3772,348,102,31367,6108,37424,6192,24757,6475,5663,644,168,110054,15699,86857,12690,60476,13691,12431,786,466,189825,35794,154265,28527,95045,30693,29104,513,964,103179,1561,48499,5925,36862,5712,5372,189,150,125006,5714,34108,4060,26116,3932,3738,112,82,13899,7119,12173,1916,7935,2322,2103,134,84,157729,11233,124906,10262,99880,14764,13478,792,494,26180,3245,47024,3935,38755,4334,3804,250,280,105743,10369,88162,12378,63298,12486,11271,505,386,70285,3410,68966,4695,59022,5249,4844,111,293,30882,4291,27066,2786,21081,3199,2782,211,206,114129,2887,64916,5414,54963,4539,4267,156,116,48102,6815,39404,6444,26577,6383,4723,757,306,72717,5197,75812,6943,62693,6176,5032,69,159,154078,6615,69089,4247,60979,3863,3621,117,109,86912,2352,59797,5271,49976,4550,4289,117,142,42104,1289,17679,2455,12893,2331,1606,584,141,63995,7796,60446,10239,39359,10848,9768,737,341,63715,7950,39862,4147,31912,3803,3465,159,178,33614,3749,30684,2861,25115,2708,2252,379,77,4279759,331886,2434735,235817,1953163,245755,222618,11134,9974
2021-05-31,58474,8952,26682,2541,20941,3200,2995,26,176,64509,30775,48922,8615,33769,6538,5979,247,309,63663,1202,32467,1447,29357,1663,1467,103,92,24554,4857,10705,1253,8142,1310,1142,116,52,92874,9621,69166,6500,56572,6094,5799,164,131,15150,2016,12168,1305,9273,1590,1248,139,201,25809,40011,10917,1551,7577,1789,1621,74,94,49233,3296,56995,7545,42627,6823,5710,828,273,1988011,64082,774291,45760,677955,50576,46235,1254,3083,46597,2720,33968,2461,29372,2135,1960,102,71,168220,13515,131995,11056,109134,11805,11140,414,248,46342,1804,40552,4429,31886,4237,3771,347,101,31478,6111,37455,6193,24787,6475,5663,644,168,110410,15702,86921,12695,60535,13691,12429,786,468,190726,35840,154378,28531,95141,30706,29117,513,964,103510,1561,48515,5927,36875,5713,5373,189,150,125160,5719,34129,4061,26135,3933,3739,112,82,13977,7120,12193,1917,7951,2325,2105,135,84,158315,11243,125027,10266,99977,14784,13495,794,495,26293,3247,47050,3935,38778,4337,3805,250,282,105968,10389,88205,12384,63324,12497,11282,505,385,70444,3410,69000,4697,59055,5248,4844,111,292,31094,4296,27282,2796,21275,3211,2798,210,203,114536,2888,64968,5414,55012,4542,4270,156,116,48302,6819,39486,6447,26647,6392,4728,759,307,72962,5197,75916,6948,62786,6182,5038,69,159,154703,6619,69390,4251,61266,3873,3632,117,108,87221,2358,59979,5277,50138,4564,4302,117,143,42250,1289,17688,2455,12902,2331,1606,584,141,64317,7798,60558,10247,39458,10853,9773,737,341,64014,7962,40099,4154,32116,3829,3495,157,175,33752,3750,30698,2866,25126,2706,2249,379,78,4292868,332169,2437765,235924,1955889,245952,222810,11138,9972
2021-06-01,58608,8956,26693,2542,20950,3201,2995,26,177,64875,30782,48977,8618,33815,6544,5983,248,310,63906,1203,32622,1451,29500,1671,1472,105,93,24758,4861,10747,1255,8181,1311,1142,117,52,93192,9624,69194,6501,56599,6094,5799,164,131,15213,2016,12185,1305,9289,1591,1249,139,201,25944,40060,10928,1551,7588,1789,1621,74,94,49375,3299,57048,7549,42668,6831,5715,830,274,1992445,64279,775048,45769,678684,50595,46250,1255,3086,46692,2720,33988,2465,29391,2132,1958,102,70,168669,13518,132025,11057,109161,11807,11142,414,248,46489,1804,40586,4429,31915,4242,3776,347,101,31574,6118,37476,6195,24801,6480,5668,644,168,110721,15702,86967,12696,60570,13701,12437,788,468,191657,35848,154457,28536,95207,30714,29124,513,965,103590,1562,48537,5930,36889,5718,5375,189,153,125335,5724,34152,4063,26151,3938,3743,112,83,14041,7121,12205,1918,7961,2326,2106,135,84,158826,11249,125129,10268,100063,14798,13505,794,499,26399,3252,47072,3938,38797,4337,3804,251,282,106126,10411,88241,12391,63351,12499,11284,505,384,70597,3410,69020,4699,59074,5247,4844,111,291,31321,4305,27488,2804,21458,3226,2810,213,203,114855,2888,65021,5416,55062,4543,4271,156,116,48450,6822,39552,6450,26703,6399,4737,758,306,73216,5200,76029,6950,62888,6191,5047,69,159,155362,6621,69601,4256,61470,3875,3635,117,107,87519,2365,60164,5285,50305,4574,4312,118,142,42318,1289,17699,2455,12912,2332,1607,584,141,64550,7798,60651,10253,39539,10859,9781,737,339,64330,7971,40329,4157,32315,3857,3517,160,178,33867,3752,30710,2867,25135,2708,2251,380,77,4304820,332530,2440541,236019,1958392,246130,222960,11155,9982
2021-06-02,58745,8986,26701,2544,20956,3201,2996,26,176,65259,30793,49036,8621,33868,6547,5984,248,312,64168,1204,32789,1452,29655,1682,1481,106,94,24876,4872,10802,1255,8229,1318,1147,117,54,93556,9627,69220,6503,56623,6094,5799,164,131,15270,2019,12216,1305,9316,1595,1253,139,201,26086,40092,10955,1552,7610,1793,1625,74,94,49497,3299,57107,7551,42718,6838,5719,830,277,1996678,64335,775796,45773,679405,50618,46269,1255,3090,46769,2721,34004,2468,29405,2131,1958,103,68,169072,13519,132066,11058,109200,11808,11144,414,247,46610,1804,40612,4431,31936,4245,3778,347,102,31651,6120,37487,6196,24810,6481,5669,644,168,111012,15704,87029,12702,60626,13701,12439,787,467,192406,35878,154532,28546,95267,30719,29129,513,965,103635,1563,48551,5932,36900,5719,5377,189,152,125469,5726,34161,4066,26157,3938,3743,112,83,14117,7121,12223,1920,7975,2328,2108,135,84,159301,11251,125221,10273,100140,14808,13514,795,499,26520,3254,47092,3938,38814,4340,3807,251,282,106287,10426,88286,12397,63385,12504,11290,505,383,70731,3410,69036,4701,59090,5245,4844,111,289,31532,4312,27676,2808,21631,3237,2819,213,205,115205,2889,65065,5418,55104,4543,4271,157,115,48596,6824,39620,6451,26758,6411,4747,759,306,73374,5202,76126,6954,62982,6190,5047,69,158,156044,6624,69856,4259,61721,3876,3636,117,107,87830,2368,60336,5290,50455,4591,4328,118,143,42386,1289,17706,2456,12916,2334,1608,585,141,64797,7799,60747,10260,39619,10868,9792,737,337,64651,7983,40546,4163,32504,3879,3535,163,179,33955,3759,30725,2868,25150,2707,2250,380,77,4316085,332773,2443325,236111,1960925,246289,223106,11163,9986
2021-06-03,58878,8987,26711,2546,20962,3203,2999,26,175,65648,30803,49072,8622,33894,6556,5992,248,313,64474,1204,32921,1456,29783,1682,1481,107,93,24989,4875,10830,1255,8250,1325,1153,117,55,93917,9634,69240,6503,56643,6094,5799,164,131,15319,2020,12225,1306,9324,1595,1252,139,202,26215,40137,10976,1552,7628,1796,1627,74,95,49628,3300,57163,7557,42767,6839,5720,830,277,2000989,64367,776428,45781,680013,50634,46289,1256,3085,46832,2721,34016,2468,29417,2131,1958,103,68,169530,13521,132108,11058,109238,11812,11147,414,248,46719,1804,40630,4432,31954,4244,3777,347,102,31729,6127,37501,6199,24821,6481,5670,644,167,111275,15708,87097,12704,60682,13711,12449,787,467,193193,35886,154627,28549,95350,30728,29138,513,965,103687,1563,48566,5934,36912,5720,5379,189,151,125619,5727,34176,4067,26168,3941,3746,112,83,14183,7126,12235,1920,7981,2334,2111,136,86,159755,11253,125332,10274,100228,14830,13532,796,502,26622,3260,47121,3938,38839,4344,3809,251,284,106452,10439,88317,12403,63407,12507,11295,505,383,70850,3410,69060,4702,59111,5247,4847,111,288,31713,4331,27859,2812,21799,3248,2828,214,206,115508,2889,65102,5419,55136,4547,4275,157,115,48756,6824,39692,6454,26817,6421,4756,760,306,73589,5202,76235,6957,63083,6195,5054,69,156,156685,6629,70124,4259,61976,3889,3645,118,110,88102,2370,60517,5298,50618,4601,4336,121,142,42438,1289,17715,2457,12922,2336,1610,585,141,65048,7803,60843,10265,39696,10882,9804,739,337,64975,7997,40783,4165,32719,3899,3551,164,182,34033,3760,30738,2868,25161,2709,2251,381,77,4327350,332966,2445960,236180,1963299,246481,223280,11177,9992
2021-06-04,58984,8992,26720,2550,20967,3203,3001,26,173,65966,30806,49115,8623,33930,6562,5996,248,315,64729,1204,33092,1457,29947,1688,1486,107,94,25052,4881,10859,1255,8277,1327,1155,117,55,94198,9641,69267,6503,56663,6101,5806,164,131,15363,2020,12242,1306,9339,1597,1254,139,202,26313,40195,11004,1552,7653,1799,1630,74,95,49739,3302,57212,7562,42810,6840,5722,830,276,2005920,64439,777135,45788,680689,50658,46312,1257,3085,46897,2722,34024,2470,29424,2130,1958,103,67,169887,13526,132136,11058,109264,11814,11149,414,248,46831,1805,40647,4434,31969,4244,3777,347,102,31812,6132,37523,6202,24833,6488,5676,645,167,111528,15711,87145,12707,60724,13714,12452,788,466,193941,35897,154701,28553,95409,30739,29149,513,965,103739,1563,48581,5939,36926,5716,5376,189,150,125732,5727,34193,4067,26179,3947,3752,112,83,14251,7126,12249,1923,7993,2333,2110,136,86,160148,11263,125467,10279,100351,14837,13539,796,502,26725,3265,47146,3938,38860,4348,3812,251,285,106601,10452,88361,12409,63434,12518,11306,505,383,70953,3410,69081,4703,59128,5250,4849,111,289,31924,4340,28044,2820,21956,3268,2846,214,208,115826,2889,65149,5420,55177,4552,4279,158,115,48896,6826,39759,6460,26871,6428,4760,761,308,73772,5204,76351,6958,63188,6205,5062,69,158,157460,6632,70354,4261,62193,3900,3655,118,111,88433,2378,60690,5304,50772,4614,4348,121,143,42484,1291,17726,2457,12930,2339,1611,587,141,65318,7808,60969,10268,39808,10893,9812,741,338,65344,8012,41030,4174,32931,3925,3569,166,188,34107,3760,30743,2870,25165,2708,2250,381,77,4338873,333219,2448715,236270,1965760,246685,223459,11188,10006
2021-06-05,59059,8996,26728,2551,20974,3203,3001,26,173,66018,30810,49136,8628,33945,6563,5997,248,315,64840,1204,33172,1459,30020,1693,1489,108,95,25136,4882,10879,1257,8292,1330,1157,117,56,94276,9643,69281,6504,56675,6102,5807,164,131,15384,2020,12250,1307,9346,1597,1255,139,201,26358,40257,11017,1552,7664,1801,1632,74,95,49766,3302,57236,7566,42823,6847,5728,831,276,2007935,64462,777497,45793,681020,50684,46336,1258,3086,46925,2722,34028,2470,29425,2133,1960,103,68,169978,13526,132154,11059,109277,11818,11153,415,247,46875,1805,40663,4436,31979,4248,3781,347,102,31848,6136,37539,6202,24844,6493,5679,646,168,111594,15711,87160,12708,60729,13723,12459,789,467,194119,35912,154743,28561,95440,30742,29152,513,965,103750,1564,48587,5942,36926,5719,5379,189,150,125774,5728,34200,4068,26185,3947,3752,112,83,14276,7126,12256,1924,7998,2334,2111,136,86,160330,11266,125527,10279,100396,14852,13554,796,502,26751,3267,47161,3940,38873,4348,3814,251,283,106685,10452,88381,12414,63443,12524,11312,505,383,70998,3410,69087,4704,59131,5252,4850,111,290,32041,4343,28169,2828,22049,3292,2861,215,216,116063,2891,65169,5422,55197,4550,4277,158,115,48940,6830,39791,6468,26891,6432,4764,761,308,73848,5204,76412,6965,63241,6206,5067,69,155,157835,6634,70494,4264,62326,3904,3659,118,111,88532,2380,60768,5313,50838,4617,4351,121,143,42511,1291,17727,2459,12931,2337,1611,587,139,65414,7809,61010,10272,39841,10897,9817,741,337,65441,8022,41100,4185,32973,3942,3585,167,188,34146,3761,30748,2871,25168,2709,2251,381,77,4343446,333366,2450070,236371,1966860,246839,223601,11196,10011
2021-06-06,59086,8997,26731,2551,20975,3205,3003,26,173,66070,30818,49147,8630,33950,6567,6000,248,316,64890,1204,33222,1461,30066,1695,1492,108,94,25160,4886,10891,1261,8299,1331,1159,117,55,94370,9644,69289,6504,56683,6102,5807,164,131,15394,2020,12261,1308,9353,1600,1259,139,200,26398,40306,11025,1552,7669,1804,1634,74,96,49785,3303,57245,7571,42824,6850,5729,831,278,2008512,64478,777618,45801,681116,50701,46350,1259,3089,46946,2723,34034,2470,29428,2136,1963,103,68,170063,13527,132166,11060,109287,11819,11153,416,247,46907,1805,40678,4437,31989,4252,3784,347,103,31885,6139,37554,6202,24852,6500,5685,647,168,111690,15715,87186,12710,60750,13726,12461,791,466,194291,35922,154792,28565,95477,30750,29160,513,965,103771,1564,48591,5944,36927,5720,5380,189,150,125812,5729,34207,4071,26190,3946,3751,112,83,14294,7127,12257,1926,7999,2332,2109,136,86,160462,11267,125568,10283,100427,14858,13560,796,502,26788,3269,47180,3942,38887,4351,3817,251,283,106757,10453,88397,12418,63449,12530,11318,505,383,71017,3410,69094,4705,59135,5254,4852,111,290,32169,4348,28263,2835,22129,3299,2872,215,212,116118,2891,65184,5422,55209,4553,4280,158,115,48970,6832,39804,6472,26898,6434,4767,760,308,73908,5204,76437,6970,63259,6208,5070,69,154,157975,6634,70557,4269,62373,3915,3671,118,110,88601,2383,60836,5320,50881,4635,4366,121,146,42522,1291,17728,2460,12931,2337,1611,588,138,65490,7812,61059,10273,39878,10908,9825,742,339,65487,8032,41162,4194,33004,3964,3602,169,191,34192,3761,30749,2871,25169,2709,2251,381,77,4345780,333494,2450912,236458,1967463,246991,223741,11204,10016
2021-06-07,59310,9008,26743,2552,20983,3208,3005,26,174,66479,30829,49198,8631,33996,6571,6003,248,317,65139,1204,33477,1461,30308,1708,1503,108,96,25368,4897,10933,1264,8335,1334,1160,118,56,94802,9649,69325,6505,56718,6102,5807,164,131,15448,2021,12281,1309,9368,1604,1262,139,201,26550,40397,11058,1552,7700,1806,1634,74,98,49967,3304,57300,7575,42869,6856,5734,831,279,2013403,64572,778530,45808,681990,50732,46379,1259,3091,47031,2723,34061,2472,29453,2136,1964,103,67,170450,13532,132194,11060,109313,11821,11155,416,247,47035,1805,40708,4441,32010,4257,3788,348,103,31994,6144,37574,6206,24867,6501,5687,647,167,112054,15730,87247,12714,60802,13731,12466,791,466,195327,35935,154903,28570,95577,30756,29166,513,965,103900,1565,48607,5947,36937,5723,5380,190,152,125987,5729,34219,4073,26200,3946,3751,112,83,14363,7129,12278,1926,8015,2337,2113,136,87,161041,11270,125730,10290,100571,14869,13569,796,504,26917,3274,47238,3945,38937,4356,3822,250,284,106953,10469,88430,12424,63476,12530,11320,505,381,71194,3412,69122,4705,59160,5257,4855,111,290,32384,4364,28461,2845,22301,3315,2888,215,212,116493,2891,65235,5423,55254,4558,4285,158,115,49123,6838,39944,6476,27020,6448,4776,764,308,74156,5209,76598,6973,63411,6214,5076,69,154,158733,6639,70937,4274,62742,3921,3675,119,111,88891,2387,61059,5329,51083,4647,4381,118,146,42607,1291,17734,2460,12936,2338,1612,588,138,65908,7820,61191,10279,39990,10922,9837,743,340,65888,8050,41501,4201,33292,4008,3640,173,194,34312,3765,30763,2872,25183,2708,2250,381,77,4359207,333852,2454579,236562,1970797,247220,223943,11213,10034
2021-06-08,59469,9020,26757,2553,20996,3208,3005,26,174,66856,30835,49240,8634,34034,6572,6005,248,316,65427,1209,33730,1461,30539,1730,1515,109,105,25422,4899,10984,1264,8381,1339,1165,118,56,95170,9651,69362,6506,56751,6105,5809,164,132,15507,2022,12292,1309,9379,1604,1262,139,201,26704,40498,11098,1552,7737,1809,1635,74,100,50140,3314,57350,7581,42911,6858,5738,831,277,2018644,64649,779484,45825,682895,50764,46411,1258,3092,47106,2723,34079,2473,29471,2135,1963,103,67,170896,13537,132245,11061,109361,11823,11157,416,247,47158,1805,40737,4442,32031,4264,3793,348,105,32098,6148,37593,6208,24879,6506,5694,646,166,112352,15733,87293,12717,60841,13735,12470,791,466,196178,35943,155047,28573,95696,30778,29188,514,964,103985,1567,48622,5949,36950,5723,5379,190,153,126145,5735,34229,4074,26208,3947,3752,112,83,14450,7130,12297,1926,8033,2338,2114,136,87,161551,11270,125864,10292,100691,14881,13580,797,504,27064,3285,47283,3948,38978,4357,3823,251,283,107152,10485,88473,12431,63505,12537,11329,505,379,71365,3412,69152,4706,59189,5257,4855,111,290,32598,4383,28703,2851,22522,3330,2902,215,213,116885,2891,65283,5423,55297,4563,4290,158,115,49311,6847,40048,6485,27110,6453,4777,767,308,74413,5211,76759,6979,63556,6224,5083,69,157,159592,6647,71279,4275,63076,3928,3682,119,111,89217,2391,61265,5339,51264,4662,4397,118,145,42677,1291,17742,2460,12942,2340,1614,588,138,66230,7827,61296,10283,40078,10935,9846,743,344,66317,8071,41794,4213,33553,4028,3659,172,196,34394,3766,30776,2873,25195,2708,2250,381,77,4372473,334195,2458156,236666,1974049,247441,224142,11217,10051
2021-06-09,59637,9024,26762,2553,21000,3209,3006,26,174,67189,30847,49274,8639,34062,6573,6005,248,317,65672,1214,33980,1464,30772,1744,1525,112,106,25547,4900,11043,1267,8434,1342,1170,116,56,95524,9653,69396,6506,56781,6109,5813,164,132,15568,2022,12309,1309,9395,1605,1263,139,201,26852,40554,11115,1552,7754,1809,1635,74,100,50314,3314,57405,7586,42956,6863,5740,834,277,2023889,64710,780448,45834,683822,50792,46434,1258,3097,47212,2723,34141,2474,29533,2134,1962,103,67,171380,13538,132287,11061,109400,11826,11160,416,247,47277,1806,40757,4445,32046,4266,3796,348,104,32191,6150,37608,6208,24890,6510,5697,647,166,112669,15737,87334,12721,60873,13740,12477,791,464,196971,35957,155175,28580,95810,30785,29195,514,964,104080,1569,48636,5950,36957,5729,5384,191,153,126284,5741,34240,4075,26216,3949,3754,112,83,14507,7132,12315,1928,8048,2339,2115,136,87,162049,11273,125970,10301,100783,14886,13588,796,502,27176,3285,47311,3948,39003,4360,3825,251,284,107326,10493,88504,12432,63528,12544,11335,505,380,71526,3412,69160,4707,59197,5256,4855,111,289,32845,4396,28907,2861,22707,3339,2912,216,211,117288,2893,65322,5424,55332,4566,4293,158,115,49484,6850,40127,6488,27180,6459,4782,768,308,74700,5217,76898,6981,63685,6232,5091,69,157,160348,6656,71564,4278,63346,3940,3694,119,111,89568,2395,61513,5344,51497,4672,4408,116,145,42746,1291,17744,2461,12944,2339,1613,588,138,66541,7829,61413,10286,40182,10945,9854,743,346,66720,8088,42075,4226,33796,4053,3684,173,194,34477,3768,30785,2873,25202,2710,2251,382,77,4385557,334437,2461518,236762,1977131,247625,224316,11224,10052
2021-06-10,59793,9035,26781,2553,21017,3211,3008,26,174,67516,30851,49296,8644,34079,6573,6010,248,312,65934,1214,34277,1466,31044,1767,1546,114,106,25687,4908,11084,1271,8470,1343,1173,116,54,95880,9653,69429,6506,56806,6117,5821,164,132,15646,2022,12321,1309,9406,1606,1263,139,202,27065,40611,11139,1552,7775,1812,1638,74,100,50461,3314,57455,7588,42995,6872,5746,835,279,2028840,64754,781308,45842,684645,50821,46461,1259,3098,47306,2723,34160,2474,29550,2136,1964,103,67,171865,13542,132324,11062,109433,11829,11163,416,247,47388,1808,40780,4446,32068,4266,3797,348,103,32270,6156,37624,6211,24900,6513,5698,648,167,112968,15740,87384,12724,60916,13744,12481,791,464,197778,35964,155269,28586,95892,30791,29201,514,964,104164,1570,48650,5951,36966,5733,5387,191,154,126422,5746,34250,4077,26223,3950,3755,112,83,14567,7132,12328,1928,8060,2340,2116,136,87,162560,11274,126099,10308,100889,14902,13604,796,502,27305,3288,47351,3951,39039,4361,3827,251,283,107512,10507,88525,12433,63539,12553,11340,507,383,71647,3412,69177,4711,59213,5253,4853,111,288,33062,4412,29124,2868,22898,3358,2929,216,213,117692,2894,65354,5424,55360,4570,4297,158,115,49649,6854,40227,6489,27262,6476,4798,769,308,74943,5223,77064,6983,63840,6241,5100,69,157,161037,6662,71806,4280,63579,3947,3699,119,113,89884,2404,61744,5350,51694,4700,4435,117,145,42992,1291,17747,2461,12946,2340,1614,588,138,66841,7833,61520,10290,40272,10958,9869,744,343,67123,8098,42368,4236,34055,4077,3702,178,195,34534,3771,30800,2873,25215,2712,2253,382,77,4398331,334666,2464765,236847,1980046,247872,224548,11239,10053
2021-06-11,59910,9043,26786,2554,21020,3212,3009,26,174,67792,30858,49351,8648,34128,6575,6013,248,311,66270,1216,34544,1472,31296,1776,1558,114,103,25746,4912,11134,1271,8513,1350,1180,116,54,96215,9654,69451,6510,56827,6114,5818,164,132,15701,2022,12334,1310,9418,1606,1264,139,201,27200,40638,11172,1552,7803,1817,1641,74,102,50591,3316,57489,7592,43022,6875,5748,837,278,2034058,64813,782167,45854,685468,50845,46487,1259,3096,47501,2729,34216,2476,29605,2135,1964,103,66,172259,13543,132359,11064,109466,11829,11163,416,247,47494,1808,40805,4448,32088,4269,3798,348,105,32337,6157,37643,6213,24913,6517,5701,648,168,113218,15744,87434,12725,60959,13750,12486,791,465,198552,35979,155374,28594,95984,30796,29206,514,964,104238,1571,48667,5952,36978,5737,5390,192,154,126568,5746,34262,4079,26232,3951,3756,112,83,14637,7133,12355,1930,8082,2343,2119,136,87,163031,11274,126221,10311,100988,14922,13622,796,504,27390,3288,47374,3953,39060,4361,3827,251,283,107618,10513,88567,12439,63565,12563,11350,507,383,71760,3412,69189,4712,59223,5254,4853,111,289,33253,4420,29288,2879,23034,3375,2947,216,212,118113,2894,65403,5425,55409,4569,4296,158,115,49825,6857,40329,6493,27354,6482,4803,771,307,75191,5226,77220,6986,63983,6251,5110,69,157,161877,6674,72093,4284,63857,3952,3706,119,111,90200,2415,61976,5357,51906,4713,4444,119,147,43088,1293,17748,2461,12946,2341,1615,588,138,67133,7834,61620,10297,40349,10974,9884,744,344,67557,8120,42632,4248,34276,4108,3730,181,196,34609,3772,30810,2873,25225,2712,2253,382,77,4410932,334874,2468013,236962,1982977,248074,224741,11249,10053
2021-06-12,59931,9043,26786,2555,21020,3211,3008,26,174,67839,30865,49361,8649,34134,6578,6017,248,310,66391,1216,34692,1476,31429,1787,1568,114,104,25758,4914,11161,1271,8533,1357,1187,116,54,96313,9654,69461,6510,56834,6117,5821,164,132,15730,2022,12349,1312,9432,1605,1264,139,200,27346,40705,11193,1552,7822,1819,1643,74,102,50625,3318,57504,7596,43031,6877,5752,836,277,2036363,64856,782660,45863,685925,50872,46516,1259,3094,47530,2729,34223,2476,29608,2139,1968,103,66,172359,13545,132377,11065,109481,11831,11164,417,247,47520,1810,40818,4451,32096,4271,3799,348,106,32365,6158,37649,6215,24915,6519,5703,648,168,113309,15747,87463,12729,60979,13755,12492,791,464,198734,35996,155467,28598,96070,30799,29209,514,964,104257,1571,48675,5956,36978,5741,5394,192,154,126640,5746,34268,4079,26236,3953,3758,112,83,14661,7133,12363,1930,8089,2344,2120,136,87,163199,11274,126258,10313,101018,14927,13626,796,505,27420,3288,47398,3955,39077,4366,3830,251,285,107706,10514,88590,12444,63576,12570,11356,507,384,71794,3412,69194,4714,59228,5252,4853,111,287,33358,4427,29404,2885,23130,3389,2960,216,213,118366,2894,65418,5425,55423,4570,4296,158,116,49877,6858,40385,6495,27389,6501,4818,772,307,75305,5227,77284,6987,64038,6259,5117,69,158,162282,6679,72289,4291,64038,3960,3712,119,113,90309,2419,62072,5365,51981,4726,4457,120,146,43243,1295,17751,2461,12948,2342,1616,588,138,67270,7835,61681,10299,40398,10984,9894,744,344,67672,8141,42719,4248,34330,4141,3758,184,198,34638,3772,30814,2873,25229,2712,2253,382,77,4416110,335063,2469727,237038,1984415,248274,224929,11254,10057
2021-06-13,60031,9043,26787,2557,21021,3209,3006,26,174,67884,30869,49378,8652,34142,6584,6023,248,310,66463,1217,34827,1478,31549,1800,1579,116,104,25782,4916,11191,1274,8553,1364,1193,116,55,96420,9655,69469,6511,56840,6118,5822,164,132,15750,2023,12353,1312,9434,1607,1266,139,200,27449,40738,11214,1552,7841,1821,1645,74,102,50660,3318,57522,7597,43043,6882,5754,837,279,2037301,64891,782833,45868,686056,50909,46548,1259,3099,47559,2729,34226,2477,29609,2140,1969,104,65,172460,13546,132393,11065,109495,11833,11166,417,247,47542,1810,40826,4453,32099,4274,3802,348,106,32404,6159,37657,6216,24921,6520,5704,648,168,113395,15748,87481,12732,60987,13762,12497,791,466,199009,36002,155500,28603,96097,30800,29210,514,964,104279,1573,48679,5960,36980,5739,5393,192,153,126674,5746,34271,4082,26237,3952,3757,112,83,14682,7136,12368,1930,8093,2345,2121,136,87,163337,11274,126284,10315,101032,14937,13636,796,505,27460,3289,47412,3956,39086,4370,3834,251,285,107781,10518,88612,12451,63587,12574,11362,508,381,71827,3413,69203,4715,59231,5257,4857,111,288,33454,4430,29484,2891,23202,3391,2963,216,212,118460,2895,65432,5427,55433,4572,4298,158,116,49926,6859,40418,6499,27412,6507,4824,772,307,75396,5227,77335,6990,64084,6261,5121,69,156,162529,6681,72423,4297,64160,3966,3718,119,113,90417,2423,62149,5369,52036,4744,4474,121,146,43309,1295,17751,2461,12948,2342,1616,588,138,67352,7838,61738,10300,40439,10999,9908,744,345,67752,8148,42792,4258,34373,4161,3777,186,197,34642,3773,30819,2873,25232,2714,2255,382,77,4419386,335182,2470827,237121,1985252,248454,225098,11262,10060
2021-06-14,60230,9053,26801,2558,21034,3209,3007,26,173,68284,30880,49445,8654,34205,6586,6026,248,309,66793,1218,35233,1484,31937,1812,1588,117,106,25967,4933,11269,1277,8626,1366,1194,116,56,96873,9661,69501,6511,56870,6120,5824,164,132,15809,2023,12360,1313,9441,1606,1265,139,200,27633,40808,11263,1553,7887,1823,1647,74,102,50803,3320,57575,7602,43084,6889,5763,837,277,2042046,64942,783881,45879,687061,50941,46571,1260,3107,47660,2731,34252,2477,29632,2143,1971,104,66,172964,13547,132444,11066,109538,11840,11173,417,247,47657,1811,40850,4459,32118,4273,3804,347,104,32511,6164,37682,6216,24937,6529,5711,649,169,113705,15754,87553,12732,61051,13770,12504,792,466,200006,36015,155641,28609,96222,30810,29220,514,964,104703,1574,48687,5963,36986,5738,5392,192,153,126865,5748,34287,4085,26249,3953,3757,112,84,14755,7136,12395,1931,8115,2349,2125,136,87,163995,11275,126423,10318,101152,14953,13650,799,504,27590,3291,47474,3958,39142,4374,3837,250,287,107932,10531,88641,12455,63609,12577,11362,509,383,71973,3413,69223,4716,59250,5257,4857,111,288,33669,4454,29670,2898,23364,3408,2976,216,216,118845,2896,65475,5427,55475,4573,4299,158,116,50153,6865,40580,6502,27550,6528,4842,774,307,75657,5234,77544,6994,64270,6280,5137,69,159,163367,6691,72814,4299,64539,3976,3726,120,114,90799,2429,62422,5380,52285,4757,4484,123,147,43445,1295,17758,2461,12954,2343,1617,588,138,67725,7841,61878,10304,40560,11014,9921,745,346,68190,8173,43129,4268,34666,4195,3798,193,203,34746,3778,30835,2874,25248,2713,2255,382,76,4433350,335484,2474985,237223,1989057,248705,225303,11281,10086
2021-06-15,60391,9070,26813,2560,21045,3208,3006,26,173,68660,30888,49498,8656,34247,6595,6034,248,310,67131,1219,35629,1486,32316,1827,1602,118,106,26091,4955,11327,1277,8680,1370,1197,117,56,97265,9663,69535,6511,56900,6124,5828,164,132,15864,2024,12371,1314,9451,1606,1265,139,200,27868,40870,11291,1554,7912,1825,1648,74,103,50934,3320,57621,7605,43123,6893,5766,837,278,2046999,65014,784926,45887,688057,50982,46604,1261,3113,47748,2731,34270,2479,29649,2142,1971,103,66,173428,13549,132471,11068,109564,11839,11171,417,248,47740,1811,40867,4463,32131,4273,3806,347,102,32606,6166,37694,6218,24946,6530,5712,649,169,113979,15760,87595,12735,61087,13773,12506,793,466,200878,36029,155760,28613,96324,30823,29233,514,964,105161,1574,48699,5964,36996,5739,5393,192,153,127013,5752,34308,4085,26264,3959,3763,112,84,14816,7138,12423,1933,8137,2353,2129,136,87,164630,11275,126548,10321,101256,14971,13667,799,505,27703,3294,47500,3959,39164,4377,3841,250,286,108065,10538,88670,12464,63632,12574,11359,509,383,72104,3414,69245,4716,59271,5258,4858,111,288,33865,4462,29850,2904,23520,3426,2991,217,218,119272,2897,65524,5427,55520,4577,4302,159,116,50380,6867,40726,6505,27677,6544,4857,775,307,75897,5236,77737,7004,64450,6283,5143,69,156,164210,6700,73160,4301,64866,3993,3739,120,118,91153,2440,62730,5386,52561,4783,4511,123,146,43551,1295,17771,2461,12967,2343,1617,588,138,67983,7843,61994,10308,40666,11020,9924,745,349,68600,8195,43423,4286,34922,4215,3811,193,210,34846,3786,30847,2875,25258,2714,2256,382,76,4446831,335775,2478823,237325,1992559,248939,225510,11287,10106
2021-06-16,60530,9081,26822,2560,21054,3208,3006,26,173,69004,30892,49564,8660,34302,6602,6038,249,312,67510,1224,36098,1492,32762,1844,1616,119,108,26240,4971,11418,1279,8764,1375,1202,118,55,97636,9664,69571,6512,56932,6127,5829,164,134,15910,2025,12390,1314,9468,1608,1265,139,202,28082,40922,11319,1556,7935,1828,1650,74,104,51078,3322,57647,7609,43144,6894,5766,838,278,2052579,65095,785985,45899,689067,51019,46641,1261,3113,47863,2731,34291,2479,29667,2145,1974,103,66,174055,13549,132509,11068,109599,11842,11174,417,248,47889,1814,40890,4466,32153,4271,3803,348,102,32716,6170,37720,6221,24969,6530,5713,649,168,114249,15765,87630,12736,61116,13778,12510,794,466,201678,36040,155905,28618,96452,30835,29245,514,964,105566,1574,48714,5966,37010,5738,5392,192,153,127178,5754,34319,4085,26275,3959,3763,112,84,14872,7141,12438,1936,8151,2351,2128,136,86,165192,11276,126683,10327,101376,14980,13675,799,506,27818,3294,47541,3959,39199,4383,3845,251,287,108207,10551,88711,12471,63659,12581,11368,509,381,72230,3415,69268,4716,59292,5260,4860,111,288,34065,4476,30078,2911,23722,3445,3008,219,218,119646,2897,65554,5429,55549,4576,4301,159,116,50613,6875,40873,6508,27806,6559,4869,775,309,76156,5238,77908,7009,64609,6290,5148,69,157,165037,6709,73500,4303,65198,3999,3745,121,117,91538,2447,62962,5393,52767,4802,4529,123,147,43612,1295,17773,2461,12968,2344,1618,588,138,68254,7852,62112,10315,40764,11033,9937,747,347,69003,8210,43682,4292,35148,4242,3836,195,210,34926,3793,30853,2876,25264,2713,2256,382,75,4460932,336062,2482728,237426,1996141,249161,225710,11301,10112
2021-06-17,60660,9092,26831,2560,21058,3213,3011,26,173,69289,30900,49615,8666,34343,6606,6042,249,312,67854,1229,36507,1498,33149,1860,1627,121,110,26383,4982,11493,1282,8835,1376,1203,118,55,98007,9664,69605,6513,56962,6130,5832,164,134,15951,2025,12408,1314,9482,1612,1267,139,204,28260,40964,11358,1557,7971,1830,1652,74,104,51222,3327,57669,7610,43164,6895,5768,838,277,2058063,65148,787132,45912,690169,51051,46669,1261,3116,47944,2733,34309,2480,29683,2146,1975,103,66,174700,13549,132530,11069,109619,11842,11174,417,248,48003,1814,40915,4466,32175,4274,3806,348,102,32784,6174,37736,6222,24982,6532,5715,649,168,114503,15769,87679,12738,61154,13787,12519,794,466,202562,36047,156044,28623,96575,30846,29256,514,964,106040,1575,48733,5967,37021,5745,5396,192,156,127306,5754,34331,4086,26286,3959,3763,112,84,14934,7143,12457,1937,8168,2352,2129,136,86,165724,11276,126805,10332,101480,14993,13687,799,507,27935,3295,47579,3959,39231,4389,3849,251,289,108351,10565,88746,12475,63683,12588,11377,509,379,72364,3415,69286,4716,59310,5260,4860,111,288,34246,4487,30244,2920,23872,3452,3018,218,216,120026,2898,65612,5429,55602,4581,4306,159,116,50857,6885,41000,6511,27911,6578,4882,778,309,76450,5240,78102,7010,64794,6298,5154,69,159,165766,6715,73846,4309,65529,4008,3755,120,117,91929,2453,63234,5402,53011,4821,4546,122,150,43677,1295,17775,2461,12970,2344,1618,588,138,68567,7855,62243,10319,40875,11049,9953,747,347,69367,8224,43958,4310,35382,4266,3858,197,210,35005,3794,30859,2876,25267,2716,2259,382,75,4474729,336286,2486641,237529,1999713,249399,225926,11305,10125
2021-06-18,60780,9106,26837,2560,21062,3215,3013,26,173,69621,30902,49642,8668,34364,6610,6046,249,312,68217,1231,36909,1503,33519,1887,1649,122,114,26573,4991,11554,1285,8885,1384,1206,122,56,98341,9664,69639,6515,56992,6132,5835,164,133,16005,2026,12417,1315,9489,1613,1267,139,205,28426,41026,11398,1559,8007,1832,1654,74,104,51345,3329,57700,7617,43194,6889,5765,838,274,2063702,65193,788302,45927,691295,51080,46696,1261,3118,48020,2735,34320,2481,29693,2146,1976,103,65,175294,13551,132559,11070,109648,11841,11173,417,248,48072,1814,40930,4466,32187,4277,3809,348,102,32859,6175,37757,6222,25000,6535,5717,649,169,114777,15769,87748,12742,61211,13795,12527,794,466,203434,36060,156191,28626,96703,30862,29269,515,966,106531,1575,48746,5969,37032,5745,5396,192,156,127431,5757,34341,4087,26294,3960,3763,112,85,14998,7146,12485,1937,8194,2354,2131,136,86,166198,11277,126914,10333,101571,15010,13701,800,509,28028,3298,47616,3960,39266,4390,3849,251,290,108484,10569,88775,12483,63699,12593,11384,509,377,72500,3415,69302,4716,59326,5260,4860,111,288,34437,4496,30470,2927,24073,3470,3031,219,220,120428,2898,65655,5429,55643,4583,4308,159,116,51108,6894,41153,6515,28047,6591,4895,777,309,76703,5243,78287,7011,64959,6317,5170,69,162,166562,6726,74153,4312,65823,4018,3765,119,118,92363,2470,63523,5411,53281,4831,4556,122,150,43719,1295,17777,2461,12972,2344,1618,588,138,68827,7858,62372,10323,40989,11060,9961,748,349,69714,8238,44241,4320,35631,4290,3879,199,211,35071,3806,30864,2877,25272,2715,2259,381,75,4488568,336533,2490577,237627,2003321,249629,226128,11313,10144
2021-06-19,60837,9109,26839,2560,21063,3216,3014,26,173,69653,30909,49650,8669,34369,6612,6048,249,312,68366,1231,37095,1507,33688,1900,1661,121,116,26606,4993,11584,1288,8908,1388,1210,123,55,98467,9664,69651,6515,57001,6135,5838,164,133,16015,2026,12423,1315,9495,1613,1267,139,205,28525,41084,11422,1559,8030,1833,1655,74,104,51367,3329,57712,7623,43204,6885,5762,838,273,2066578,65228,788979,45934,691929,51116,46726,1261,3124,48042,2735,34322,2481,29695,2146,1976,103,65,175396,13551,132566,11071,109654,11841,11174,416,248,48099,1814,40936,4466,32192,4278,3810,348,102,32889,6176,37769,6222,25008,6539,5720,650,169,114847,15769,87766,12743,61220,13803,12533,794,468,203681,36067,156239,28631,96738,30870,29276,515,967,106547,1575,48753,5972,37036,5745,5397,192,155,127473,5757,34342,4087,26295,3960,3763,112,85,15022,7146,12497,1938,8203,2356,2133,136,86,166397,11277,126973,10334,101617,15022,13712,800,510,28141,3299,47668,3965,39313,4390,3849,251,290,108547,10571,88798,12486,63715,12597,11385,510,379,72533,3416,69313,4716,59337,5260,4860,111,288,34561,4497,30606,2937,24192,3477,3044,219,214,120679,2898,65679,5430,55666,4583,4308,159,116,51163,6900,41224,6519,28103,6602,4902,779,310,76811,5244,78376,7014,65045,6317,5170,69,162,166999,6735,74398,4316,66054,4028,3776,118,118,92523,2481,63640,5420,53379,4841,4566,121,151,43744,1295,17778,2462,12972,2344,1618,588,138,68924,7860,62440,10325,41044,11071,9970,748,351,69814,8251,44339,4339,35696,4304,3888,201,214,35095,3806,30868,2877,25274,2717,2261,381,75,4494341,336693,2492645,237721,2005135,249789,226272,11316,10156
2021-06-20,60879,9111,26843,2561,21064,3218,3016,26,173,69716,30911,49668,8672,34376,6620,6053,250,314,68470,1233,37205,1513,33782,1910,1670,121,117,26650,5001,11622,1293,8935,1394,1214,123,57,98542,9665,69665,6518,57010,6137,5840,164,133,16035,2026,12426,1315,9497,1614,1268,139,205,28642,41183,11439,1560,8044,1835,1658,74,103,51383,3329,57720,7625,43211,6884,5761,838,273,2067739,65261,789219,45941,692129,51149,46754,1261,3129,48057,2736,34324,2482,29696,2146,1977,103,64,175497,13551,132572,11071,109659,11842,11175,416,248,48120,1814,40943,4469,32195,4279,3810,348,103,32940,6178,37775,6223,25011,6541,5723,650,168,114924,15770,87804,12750,61243,13811,12543,795,465,203974,36074,156280,28634,96761,30885,29290,516,967,106564,1575,48758,5973,37040,5745,5397,192,155,127508,5759,34347,4088,26296,3963,3766,112,85,15045,7146,12499,1940,8204,2355,2133,136,85,166516,11277,127014,10334,101650,15030,13720,800,510,28185,3301,47683,3967,39324,4392,3853,251,288,108613,10573,88817,12489,63724,12604,11392,510,379,72570,3416,69323,4716,59344,5263,4862,111,289,34672,4499,30740,2953,24307,3480,3052,218,210,120886,2898,65694,5430,55677,4587,4312,159,116,51209,6903,41266,6527,28135,6604,4903,780,310,76917,5248,78438,7017,65089,6332,5183,69,164,167308,6739,74508,4320,66155,4033,3782,118,117,92644,2482,63750,5430,53466,4854,4578,121,152,43757,1295,17780,2462,12974,2344,1618,588,138,69012,7860,62500,10335,41087,11078,9978,749,349,69890,8259,44427,4355,35745,4327,3909,202,214,35128,3806,30870,2878,25276,2716,2260,381,75,4497992,336879,2493919,237841,2006106,249972,226450,11321,10155
2021-06-21,61040,9124,26851,2561,21070,3220,3018,26,173,70098,30917,49736,8675,34433,6628,6060,251,314,68879,1239,37695,1527,34237,1931,1693,122,115,26943,5012,11718,1298,9021,1399,1218,124,57,98965,9667,69701,6518,57043,6140,5843,164,133,16129,2026,12441,1315,9509,1617,1270,139,206,28839,41278,11484,1565,8087,1832,1658,74,100,51551,3330,57759,7626,43242,6891,5768,838,273,2073329,65338,790655,45954,693521,51180,46783,1261,3131,48153,2736,34348,2483,29720,2145,1976,103,64,176143,13555,132614,11071,109699,11844,11177,416,248,48258,1814,40984,4469,32235,4280,3811,348,103,33035,6181,37794,6224,25026,6544,5726,651,167,115292,15772,87895,12750,61322,13823,12549,799,467,205037,36100,156520,28636,96983,30901,29306,516,967,106699,1576,48785,5977,37064,5744,5398,191,154,127635,5760,34370,4088,26317,3965,3768,112,85,15124,7147,12531,1940,8231,2360,2138,136,85,167187,11278,127199,10337,101821,15041,13732,800,509,28358,3306,47716,3969,39351,4396,3857,251,288,108834,10590,88857,12493,63752,12612,11400,511,378,72714,3416,69338,4716,59355,5267,4866,111,289,34912,4522,30986,2957,24520,3509,3078,218,213,121368,2898,65771,5430,55752,4589,4314,159,116,51463,6912,41475,6538,28318,6619,4914,782,311,77253,5248,78732,7018,65364,6350,5200,69,165,168386,6746,74927,4325,66563,4039,3789,118,116,93153,2489,64085,5438,53771,4876,4599,121,153,43849,1296,17791,2462,12984,2345,1619,588,138,69429,7865,62724,10341,41295,11088,9985,750,351,70300,8283,44801,4377,36072,4352,3936,203,211,35223,3808,30882,2878,25288,2716,2260,381,75,4513578,337229,2499165,237956,2010966,250243,226709,11333,10155
2021-06-22,61162,9135,26863,2561,21080,3222,3020,26,173,70390,30926,49792,8679,34480,6633,6065,251,313,69232,1242,38110,1531,34630,1949,1706,123,119,27225,5027,11806,1301,9101,1404,1221,126,57,99332,9669,69724,6518,57059,6147,5850,164,133,16195,2026,12455,1317,9523,1615,1270,139,204,29073,41377,11529,1565,8126,1838,1661,74,103,51693,3333,57793,7629,43272,6892,5769,839,272,2080016,65441,792274,45967,695089,51218,46820,1261,3132,48230,2736,34369,2483,29738,2148,1979,103,64,176702,13558,132658,11071,109738,11849,11182,416,248,48395,1814,41015,4470,32262,4283,3814,348,103,33125,6187,37818,6226,25045,6547,5729,651,167,115710,15778,87968,12752,61385,13831,12554,799,470,206036,36122,156729,28641,97173,30915,29318,516,969,107006,1576,48798,5978,37076,5744,5398,191,154,127774,5760,34376,4090,26322,3964,3767,112,85,15199,7148,12551,1941,8251,2359,2137,136,85,167703,11279,127326,10340,101933,15053,13745,800,508,28468,3311,47776,3972,39404,4400,3861,251,288,108971,10607,88897,12497,63781,12619,11405,513,378,72856,3416,69366,4717,59379,5270,4868,111,290,35164,4547,31288,2967,24804,3517,3089,218,210,121864,2898,65831,5430,55811,4590,4315,159,116,51740,6915,41684,6542,28505,6637,4927,781,312,77578,5249,78951,7022,65563,6366,5214,69,167,169407,6760,75314,4328,66939,4047,3795,118,118,93601,2502,64415,5446,54067,4902,4626,122,151,43901,1296,17793,2462,12986,2345,1619,588,138,69794,7870,62929,10344,41484,11101,9996,751,352,70762,8311,45206,4395,36424,4387,3958,214,213,35337,3812,30896,2878,25300,2718,2261,382,75,4529641,337628,2504300,238060,2015730,250510,226939,11352,10167
2021-06-23,61292,9147,26870,2561,21086,3223,3021,26,173,70690,30934,49842,8686,34519,6637,6070,252,311,69635,1253,38517,1537,35002,1978,1731,126,120,27467,5041,11904,1305,9186,1413,1228,126,59,99690,9670,69752,6519,57084,6149,5852,164,133,16271,2026,12486,1319,9550,1617,1271,140,204,29251,41481,11571,1566,8162,1843,1666,74,103,51867,3334,57820,7632,43293,6895,5773,839,271,2086839,65525,793952,45979,696699,51274,46867,1263,3139,48317,2737,34393,2483,29758,2152,1983,103,64,177275,13558,132701,11071,109779,11851,11183,416,249,48523,1816,41047,4472,32289,4286,3817,348,103,33203,6190,37835,6228,25059,6548,5732,651,165,116105,15778,88053,12755,61460,13838,12561,799,470,207061,36138,156934,28644,97358,30932,29334,516,970,107256,1576,48825,5978,37098,5749,5401,193,154,127895,5761,34383,4090,26329,3964,3767,112,85,15280,7150,12569,1942,8266,2361,2138,136,86,168342,11279,127500,10343,102087,15070,13760,801,509,28610,3314,47869,3973,39485,4411,3864,252,295,109111,10628,88933,12498,63810,12625,11411,513,378,73005,3416,69396,4719,59407,5270,4868,111,290,35420,4562,31578,2974,25073,3531,3103,218,210,122338,2898,65880,5431,55851,4598,4322,159,117,51988,6920,41863,6548,28662,6653,4940,781,313,77963,5253,79206,7027,65800,6379,5227,70,166,170435,6775,75693,4334,67305,4054,3800,119,119,94033,2506,64767,5456,54389,4922,4641,123,155,43953,1296,17802,2462,12994,2346,1619,589,138,70178,7879,63146,10351,41680,11115,10009,751,352,71242,8331,45576,4403,36753,4420,3986,214,218,35424,3819,30913,2879,25314,2720,2264,381,75,4545959,337991,2509576,238165,2020587,250824,227209,11366,10194
2021-06-24,61398,9156,26878,2561,21091,3226,3023,26,174,70933,30937,49888,8688,34553,6647,6077,252,314,70064,1256,38892,1546,35347,1999,1747,127,124,27687,5055,12014,1306,9290,1418,1232,126,60,100016,9673,69779,6523,57109,6147,5851,164,132,16324,2027,12509,1320,9570,1619,1271,140,206,29417,41557,11619,1568,8205,1846,1671,74,101,51996,3337,57861,7634,43331,6896,5774,839,271,2094012,65645,795712,45987,698387,51338,46912,1268,3153,48409,2738,34418,2483,29780,2155,1985,103,65,177784,13565,132733,11073,109809,11851,11183,416,249,48648,1817,41087,4474,32322,4291,3821,348,104,33305,6193,37872,6228,25093,6551,5734,651,166,116403,15780,88141,12758,61533,13850,12573,800,469,207941,36152,157146,28651,97553,30942,29344,516,970,107976,1578,48847,5983,37115,5749,5402,193,153,127972,5761,34395,4090,26338,3967,3770,112,85,15337,7150,12592,1944,8286,2362,2139,136,86,168947,11280,127661,10345,102237,15079,13769,801,509,28754,3315,47951,3975,39561,4415,3868,252,295,109278,10642,88976,12499,63848,12629,11414,513,379,73098,3416,69413,4720,59422,5271,4869,111,290,35688,4572,31883,2985,25354,3544,3114,218,212,122785,2898,65933,5431,55902,4600,4324,159,117,52273,6928,42081,6552,28848,6681,4962,785,314,78324,5257,79449,7030,66023,6396,5244,70,166,171374,6783,76068,4341,67670,4057,3808,119,114,94400,2515,65060,5464,54653,4943,4659,125,156,43989,1296,17809,2462,13000,2347,1620,589,138,70534,7889,63371,10355,41880,11136,10031,751,351,71684,8345,45904,4411,37039,4454,4016,215,221,35497,3823,30924,2879,25325,2720,2264,381,75,4562247,338336,2514866,238266,2025474,251126,227471,11380,10219
2021-06-25,61493,9166,26884,2562,21097,3225,3022,26,174,71168,30939,49939,8692,34590,6657,6087,252,314,70533,1258,39334,1557,35761,2016,1763,128,124,27896,5069,12104,1312,9371,1421,1237,124,60,100355,9674,69808,6523,57133,6152,5854,164,134,16366,2027,12528,1321,9582,1625,1274,142,207,29629,41674,11659,1568,8242,1849,1674,74,101,52114,3339,57892,7636,43360,6896,5773,839,272,2101338,65707,797403,45993,700015,51395,46957,1272,3161,48463,2738,34429,2483,29789,2157,1986,103,66,178424,13568,132754,11074,109828,11852,11183,416,249,48751,1817,41127,4474,32358,4295,3824,348,105,33385,6195,37912,6229,25125,6558,5738,653,167,116735,15784,88254,12758,61629,13867,12590,800,469,208768,36165,157378,28661,97763,30954,29356,516,970,108639,1578,48865,5983,37130,5752,5405,193,153,128085,5764,34403,4091,26345,3967,3770,112,85,15391,7151,12621,1944,8311,2366,2143,136,86,169595,11281,127811,10350,102373,15088,13778,801,509,28862,3317,48046,3978,39649,4419,3869,252,298,109427,10656,89014,12502,63874,12638,11422,514,379,73223,3416,69437,4720,59446,5271,4869,111,290,35935,4585,32172,2997,25615,3560,3128,220,212,123194,2898,65999,5432,55965,4602,4325,159,118,52496,6936,42275,6557,29021,6697,4974,787,313,78605,5259,79657,7038,66213,6406,5254,70,166,172388,6787,76464,4344,68052,4068,3818,119,115,94852,2531,65322,5474,54892,4956,4670,125,158,44060,1297,17814,2462,13004,2348,1621,589,138,70846,7897,63600,10359,42091,11150,10043,752,352,72128,8362,46209,4426,37304,4479,4038,216,223,35571,3827,30926,2880,25327,2719,2263,381,75,4578715,338662,2520040,238380,2030255,251405,227708,11394,10243
2021-06-26,61593,9168,26887,2563,21097,3227,3025,26,173,71195,30945,49958,8693,34600,6665,6095,252,314,70765,1260,39568,1567,35977,2024,1771,128,124,27939,5075,12141,1316,9400,1425,1240,124,61,100481,9674,69821,6524,57142,6155,5857,164,134,16379,2027,12535,1323,9587,1625,1274,143,206,29780,41750,11672,1568,8250,1854,1678,74,102,52149,3340,57903,7639,43367,6897,5773,841,271,2104808,65750,798490,46006,701037,51447,47004,1275,3164,48494,2738,34434,2484,29790,2160,1989,103,66,178540,13568,132762,11074,109834,11854,11185,416,249,48792,1818,41148,4479,32371,4298,3829,348,103,33427,6199,37922,6230,25133,6559,5739,653,167,116849,15785,88296,12761,61662,13873,12595,801,469,209015,36178,157518,28663,97886,30969,29370,517,970,108665,1578,48875,5984,37139,5752,5405,193,153,128147,5764,34410,4093,26349,3968,3771,112,85,15413,7151,12632,1945,8318,2369,2145,136,87,169782,11281,127879,10354,102428,15097,13786,802,509,28902,3318,48097,3980,39698,4419,3869,252,298,109503,10658,89043,12507,63891,12645,11428,516,378,73261,3416,69457,4720,59466,5271,4869,111,290,36113,4587,32323,3002,25744,3577,3138,220,219,123436,2898,66026,5436,55990,4600,4323,159,118,52580,6939,42355,6563,29073,6719,4989,788,319,78776,5261,79763,7044,66309,6410,5259,70,165,172832,6792,76653,4351,68221,4081,3831,119,115,95012,2534,65454,5479,55008,4967,4679,125,160,44086,1297,17816,2462,13005,2349,1622,589,138,70961,7901,63704,10363,42182,11159,10051,752,353,72284,8367,46317,4443,37385,4489,4050,218,219,35590,3827,30931,2880,25330,2721,2265,381,75,4585549,338844,2522790,238496,2032669,251625,227904,11408,10254
2021-06-27,61629,9169,26889,2563,21097,3229,3027,26,173,71227,30955,49978,8696,34605,6677,6101,252,320,70851,1262,39664,1582,36050,2032,1780,129,122,27974,5079,12175,1322,9423,1430,1245,124,61,100571,9674,69829,6528,57146,6155,5856,164,135,16386,2027,12542,1324,9593,1625,1274,144,205,29852,41800,11698,1568,8270,1860,1684,74,102,52163,3342,57908,7639,43368,6901,5776,841,272,2106389,65794,798926,46021,701404,51501,47052,1279,3166,48516,2738,34439,2486,29791,2162,1991,103,66,178659,13570,132771,11074,109839,11858,11189,416,249,48822,1818,41173,4481,32394,4298,3830,348,102,33469,6206,37936,6231,25143,6562,5742,653,167,116947,15786,88336,12763,61688,13885,12604,802,471,209205,36186,157567,28669,97908,30990,29391,517,970,108684,1578,48891,5984,37148,5759,5412,193,153,128224,5767,34415,4094,26353,3968,3771,112,85,15427,7152,12641,1945,8326,2370,2146,136,87,169918,11281,127927,10358,102457,15112,13801,803,508,28942,3320,48133,3981,39729,4423,3873,252,298,109583,10663,89065,12509,63901,12655,11439,516,377,73291,3416,69468,4720,59475,5273,4871,111,290,36232,4591,32473,3009,25874,3590,3154,221,215,123535,2898,66036,5437,55998,4601,4324,159,118,52648,6942,42432,6571,29115,6746,5006,792,321,78900,5261,79867,7046,66400,6421,5268,71,166,173080,6795,76799,4361,68354,4084,3834,119,115,95149,2541,65555,5482,55084,4989,4700,125,161,44100,1297,17819,2462,13006,2351,1624,589,138,71088,7908,63794,10371,42248,11175,10065,752,356,72366,8378,46415,4457,37449,4509,4066,219,222,35608,3827,30934,2880,25331,2723,2266,382,75,4589435,339021,2524495,238614,2033967,251914,228162,11424,10266
2021-06-28,61807,9179,26902,2563,21110,3229,3027,26,173,71541,30965,50051,8700,34664,6687,6112,252,319,71395,1265,40239,1594,36594,2051,1796,131,123,28170,5099,12307,1328,9538,1441,1255,125,61,100958,9674,69865,6529,57179,6157,5857,164,136,16443,2027,12566,1327,9612,1627,1277,144,204,30025,41921,11751,1570,8322,1859,1683,74,102,52319,3345,57950,7640,43405,6905,5778,842,273,2113708,65883,801052,46029,703452,51571,47108,1284,3175,48653,2738,34470,2486,29816,2168,1996,103,67,179254,13578,132844,11076,109911,11857,11189,416,248,48994,1819,41240,4482,32456,4302,3835,348,101,33583,6210,37973,6231,25171,6571,5747,656,168,117349,15786,88492,12767,61833,13892,12612,802,470,210271,36209,157905,28676,98225,31004,29405,518,969,108954,1578,48933,5989,37179,5765,5417,194,153,128369,5767,34432,4095,26367,3970,3773,112,85,15502,7156,12681,1945,8358,2378,2153,136,88,170632,11282,128167,10361,102673,15133,13822,803,508,29121,3326,48257,3983,39839,4435,3881,252,302,109751,10677,89114,12511,63941,12662,11445,517,377,73431,3416,69502,4720,59509,5273,4871,111,290,36499,4615,32811,3015,26190,3606,3170,222,214,124071,2900,66085,5438,56044,4603,4326,159,118,52978,6951,42723,6584,29367,6772,5024,794,327,79270,5266,80163,7049,66675,6439,5282,71,169,174264,6803,77274,4365,68820,4089,3838,119,116,95634,2557,65914,5495,55407,5012,4723,125,161,44183,1297,17824,2462,13010,2352,1625,589,138,71589,7919,64135,10381,42556,11198,10085,752,359,72837,8406,46823,4473,37820,4530,4077,222,229,35707,3832,30945,2880,25341,2724,2267,382,75,4607262,339446,2531390,238744,2040384,252262,228456,11445,10298
2021-06-29,61924,9188,26919,2563,21124,3232,3030,26,173,71814,30972,50105,8704,34708,6693,6120,252,317,71802,1269,40680,1611,36996,2073,1814,133,125,28428,5106,12393,1332,9616,1445,1261,123,61,101288,9674,69906,6529,57216,6161,5861,164,136,16511,2027,12600,1327,9645,1628,1278,144,204,30197,42002,11798,1570,8362,1866,1689,74,103,52436,3346,57986,7641,43436,6909,5782,842,273,2120774,65978,803198,46040,705514,51644,47165,1288,3187,48771,2739,34500,2486,29845,2169,1997,103,67,179789,13579,132897,11078,109963,11856,11188,416,248,49136,1819,41307,4482,32518,4307,3840,348,101,33687,6215,38013,6231,25203,6579,5752,657,170,117680,15789,88631,12771,61959,13901,12621,802,470,211303,36237,158202,28682,98493,31027,29428,518,969,109192,1578,48964,5989,37206,5769,5420,195,153,128476,5769,34453,4096,26384,3973,3776,112,85,15585,7159,12742,1945,8413,2384,2159,136,88,171289,11285,128375,10365,102862,15148,13834,803,511,29263,3326,48358,3987,39930,4441,3886,252,303,109911,10694,89155,12516,63973,12666,11450,517,376,73575,3418,69528,4720,59534,5274,4872,111,290,36740,4629,33097,3021,26459,3617,3184,222,210,124551,2900,66158,5438,56110,4610,4330,161,119,53224,6960,43010,6588,29618,6804,5045,798,331,79608,5273,80448,7057,66930,6461,5300,71,172,175208,6810,77719,4370,69248,4101,3849,119,117,96102,2566,66218,5511,55687,5020,4734,125,158,44247,1298,17832,2462,13017,2353,1626,589,138,71995,7924,64442,10392,42828,11222,10106,753,361,73329,8435,47138,4490,38093,4555,4098,222,233,35808,3833,30967,2880,25362,2725,2268,382,75,4623643,339797,2537739,238874,2046252,252613,228763,11458,10324
2021-06-30,62069,9201,26933,2563,21138,3232,3030,26,173,72072,30978,50163,8704,34756,6703,6127,252,320,72099,1271,41075,1624,37354,2097,1836,137,123,28645,5118,12478,1335,9695,1448,1264,123,61,101587,9675,69957,6530,57258,6169,5869,164,136,16586,2028,12636,1327,9679,1630,1279,144,205,30346,42102,11839,1573,8403,1863,1688,74,101,52564,3347,58030,7644,43473,6913,5788,842,271,2127363,66093,805328,46060,707572,51696,47211,1290,3191,48902,2739,34531,2487,29875,2169,1997,103,67,180295,13579,132941,11078,110000,11863,11194,416,249,49284,1819,41376,4482,32580,4314,3846,348,102,33792,6220,38054,6232,25240,6582,5753,658,171,118071,15796,88768,12773,62076,13919,12637,803,471,212395,36266,158510,28686,98773,31051,29451,518,970,109267,1578,48997,5993,37231,5773,5424,195,153,128562,5775,34471,4096,26400,3975,3778,112,85,15683,7160,12782,1948,8446,2388,2165,136,86,171926,11289,128586,10368,103048,15170,13854,804,512,29394,3329,48465,3992,40026,4447,3892,252,303,110065,10708,89194,12518,64005,12671,11455,518,375,73728,3418,69589,4721,59591,5277,4875,111,290,37007,4646,33378,3027,26722,3629,3197,223,208,124971,2900,66213,5440,56161,4612,4332,161,119,53478,6969,43305,6599,29872,6834,5066,799,331,79914,5278,80670,7060,67138,6472,5311,70,173,176249,6811,78094,4378,69607,4109,3857,119,117,96508,2574,66515,5521,55967,5027,4741,125,158,44322,1298,17842,2462,13025,2355,1627,590,138,72449,7935,64751,10400,43100,11251,10128,755,365,73771,8458,47467,4505,38382,4580,4118,226,234,35870,3834,30976,2880,25371,2725,2268,382,75,4639234,340192,2543914,239006,2051964,252944,229058,11476,10333
2021-07-01,62190,9210,26942,2563,21146,3233,3030,26,174,72281,30985,50208,8707,34791,6710,6132,252,322,72482,1271,41418,1638,37666,2114,1852,141,120,28874,5125,12567,1338,9771,1458,1274,123,61,101862,9676,69982,6532,57282,6168,5868,164,136,16648,2028,12661,1327,9701,1633,1281,145,205,30518,42173,11870,1575,8429,1866,1690,74,102,52658,3351,58066,7644,43502,6920,5793,842,273,2133691,66189,807721,46084,709880,51757,47264,1293,3196,48980,2740,34554,2487,29897,2170,1998,103,67,181068,13591,133004,11078,110061,11865,11195,416,250,49453,1819,41449,4482,32646,4321,3851,348,104,33877,6222,38087,6232,25267,6588,5755,660,173,118400,15797,88927,12781,62206,13940,12651,809,472,213501,36290,158859,28692,99085,31082,29480,519,971,109820,1579,49032,5999,37260,5773,5424,195,153,128666,5777,34494,4098,26421,3975,3778,112,85,15769,7166,12830,1949,8493,2388,2165,136,86,172557,11289,128826,10373,103261,15192,13874,805,513,29530,3338,48590,3996,40137,4457,3902,252,303,110236,10723,89257,12521,64060,12676,11461,518,374,73897,3421,69651,4721,59647,5283,4880,111,291,37239,4655,33639,3030,26975,3634,3200,223,210,125390,2902,66279,5441,56224,4614,4334,161,119,53749,6978,43627,6606,30152,6869,5093,803,334,80207,5280,80926,7071,67376,6479,5320,70,172,177143,6816,78454,4382,69946,4126,3874,119,117,96915,2578,66784,5530,56207,5047,4759,125,160,44384,1298,17849,2463,13032,2354,1627,589,138,72829,7944,65060,10413,43378,11269,10144,755,366,74173,8485,47728,4519,38603,4606,4145,227,232,35980,3840,30984,2880,25379,2725,2268,382,75,4654967,340536,2550325,239152,2057881,253292,229362,11498,10354
2021-07-02,62289,9222,26949,2563,21153,3233,3030,26,174,72498,30988,50258,8710,34832,6716,6139,252,321,72854,1272,41775,1657,37997,2121,1859,142,119,29037,5135,12638,1339,9830,1469,1285,123,61,102143,9677,70018,6534,57316,6168,5868,164,136,16706,2029,12688,1328,9726,1634,1281,145,206,30616,42234,11907,1576,8462,1869,1691,74,104,52768,3353,58119,7648,43548,6923,5797,842,272,2140925,66265,810248,46097,712321,51830,47325,1298,3202,49093,2741,34583,2487,29926,2170,1998,103,67,181562,13593,133071,11079,110125,11867,11197,416,250,49591,1820,41536,4483,32729,4324,3854,348,104,33957,6226,38135,6232,25304,6599,5764,661,174,118714,15799,89051,12783,62321,13947,12658,810,471,214458,36312,159309,28698,99501,31110,29508,519,971,110350,1580,49073,5999,37293,5781,5431,196,153,128767,5777,34507,4098,26433,3976,3779,112,85,15848,7167,12892,1949,8548,2395,2170,136,88,173141,11292,129047,10376,103456,15215,13897,805,513,29662,3349,48741,3999,40281,4461,3907,253,301,110382,10731,89303,12522,64094,12687,11471,518,375,74031,3421,69708,4721,59702,5285,4881,112,291,37473,4680,33964,3044,27273,3647,3212,225,209,125838,2902,66336,5443,56278,4615,4335,161,119,54065,6985,43957,6621,30442,6894,5111,807,334,80487,5288,81148,7082,67578,6488,5332,69,170,178039,6818,78791,4388,70266,4137,3885,118,118,97337,2588,67059,5537,56460,5062,4772,126,161,44455,1298,17858,2463,13040,2355,1627,590,138,73221,7956,65361,10424,43651,11286,10161,755,366,74568,8507,47979,4533,38820,4626,4169,229,226,36053,3843,30987,2880,25382,2725,2268,382,75,4670928,340848,2556996,239293,2064088,253615,229662,11517,10354
2021-07-03,62300,9227,26951,2563,21154,3234,3031,26,174,72539,30997,50275,8710,34845,6720,6142,252,322,73040,1272,41961,1671,38162,2128,1866,142,119,29069,5146,12680,1343,9862,1475,1291,123,61,102263,9678,70037,6537,57333,6167,5867,164,136,16717,2029,12697,1328,9731,1638,1283,145,208,30653,42282,11923,1577,8474,1872,1693,74,105,52802,3354,58134,7651,43557,6926,5799,842,273,2144511,66307,811760,46110,713757,51893,47381,1299,3208,49133,2742,34590,2487,29932,2171,1999,103,67,181648,13596,133108,11079,110161,11868,11197,417,250,49640,1821,41575,4484,32764,4327,3856,348,105,34006,6229,38162,6235,25323,6604,5767,662,175,118822,15800,89120,12785,62371,13964,12672,811,473,214725,36366,159452,28706,99622,31124,29523,519,970,110773,1580,49099,6001,37309,5789,5440,195,153,128792,5777,34514,4098,26438,3978,3781,112,85,15879,7168,12928,1953,8577,2398,2173,136,88,173424,11293,129175,10376,103561,15238,13916,807,515,29738,3351,48817,4000,40350,4467,3913,253,301,110474,10733,89334,12524,64113,12697,11480,518,376,74064,3421,69722,4721,59713,5288,4884,112,291,37611,4681,34165,3048,27451,3666,3224,226,215,126099,2903,66368,5444,56307,4617,4336,162,119,54150,7002,44098,6632,30555,6911,5129,806,334,80632,5289,81267,7087,67679,6501,5345,69,170,178520,6819,78920,4392,70389,4139,3887,118,118,97465,2590,67187,5546,56576,5065,4774,127,161,44483,1299,17860,2463,13042,2355,1627,590,138,73397,7962,65517,10435,43778,11304,10172,754,373,74736,8517,48067,4548,38881,4638,4180,231,225,36133,3843,30993,2880,25386,2727,2270,382,75,4678238,341074,2560456,239414,2067153,253889,229898,11525,10383
2021-07-04,62323,9230,26956,2563,21157,3236,3032,26,175,72579,31000,50290,8713,34849,6728,6147,252,325,73158,1273,42097,1682,38277,2138,1874,144,119,29110,5153,12715,1351,9885,1479,1294,125,60,102356,9679,70043,6539,57337,6167,5867,164,136,16732,2031,12710,1329,9740,1641,1287,144,208,30722,42314,11934,1579,8480,1875,1695,74,106,52832,3356,58151,7652,43568,6931,5804,842,273,2145898,66329,812374,46136,714281,51957,47433,1299,3218,49158,2742,34597,2488,29935,2174,2001,103,68,181777,13598,133133,11079,110182,11872,11200,417,251,49684,1821,41648,4486,32821,4341,3866,348,109,34040,6230,38186,6239,25339,6608,5772,663,173,118947,15801,89197,12793,62425,13979,12685,813,473,215015,36376,159563,28714,99693,31156,29551,520,973,111127,1580,49114,6001,37315,5798,5447,196,154,128810,5777,34520,4100,26442,3978,3781,112,85,15909,7169,12949,1953,8596,2400,2175,136,88,173586,11293,129247,10376,103617,15254,13931,807,516,29800,3351,48903,4001,40421,4481,3920,254,307,110540,10736,89364,12531,64137,12696,11479,518,376,74103,3421,69748,4721,59736,5291,4887,112,291,37751,4686,34331,3059,27595,3677,3235,226,215,126191,2903,66390,5444,56322,4624,4342,162,120,54241,7010,44239,6643,30663,6933,5151,804,334,80720,5292,81337,7094,67738,6505,5350,69,169,178764,6820,79039,4399,70493,4147,3896,117,118,97576,2595,67277,5554,56650,5073,4781,127,162,44501,1299,17863,2463,13044,2356,1628,590,138,73580,7965,65655,10443,43889,11323,10191,755,372,74815,8526,48138,4563,38921,4654,4191,234,227,36145,3843,31003,2881,25396,2726,2269,382,75,4682490,341199,2562711,239569,2068944,254198,230162,11535,10414
2021-07-05,62496,9241,26970,2564,21169,3237,3033,26,175,72922,31004,50361,8721,34907,6733,6151,252,326,73559,1276,42534,1701,38684,2149,1886,144,118,29316,5160,12832,1354,9996,1482,1295,126,61,102814,9679,70107,6539,57396,6172,5871,165,136,16804,2031,12754,1329,9780,1645,1290,144,209,30865,42438,11982,1581,8526,1875,1693,74,108,53027,3357,58213,7652,43626,6935,5805,843,275,2154150,66418,815651,46159,717454,52038,47505,1301,3224,49322,2744,34646,2488,29981,2177,2003,103,69,182451,13600,133226,11079,110269,11878,11205,417,252,49916,1821,41886,4486,33035,4365,3888,348,111,34196,6237,38286,6240,25431,6615,5777,664,174,119412,15804,89511,12799,62715,13997,12700,814,475,216450,36397,160146,28725,100227,31194,29589,520,973,111605,1581,49172,6003,37366,5803,5453,196,153,128942,5781,34551,4100,26469,3982,3784,112,86,15993,7173,13035,1954,8674,2407,2183,136,87,174326,11298,129585,10381,103929,15275,13950,807,517,29984,3359,49093,4006,40597,4490,3926,253,311,110764,10769,89457,12532,64215,12710,11488,518,381,74326,3423,69865,4721,59842,5302,4897,112,292,38014,4693,34670,3073,27906,3691,3246,227,217,126770,2903,66457,5445,56382,4630,4347,162,121,54650,7026,44710,6650,31083,6977,5178,811,338,81063,5292,81608,7099,67987,6522,5365,69,171,179934,6830,79438,4403,70877,4158,3903,118,121,98037,2607,67614,5564,56964,5086,4794,128,161,44583,1299,17868,2463,13049,2356,1628,590,138,74154,7978,66120,10455,44310,11355,10223,756,370,75290,8574,48494,4572,39235,4687,4216,236,233,36278,3847,31034,2881,25426,2727,2270,382,75,4702413,341640,2571876,239719,2077507,254650,230542,11554,10458
2021-07-06,62650,9254,26987,2564,21185,3238,3034,26,175,73229,31011,50428,8728,34967,6733,6154,252,323,73985,1278,42976,1722,39068,2186,1918,146,121,29470,5175,12946,1361,10101,1484,1299,125,60,103159,9681,70164,6539,57451,6174,5873,165,136,16879,2031,12794,1329,9816,1649,1292,144,211,31021,42514,12033,1583,8574,1876,1693,74,109,53188,3360,58265,7654,43676,6935,5805,843,275,2162308,66522,819103,46186,720794,52123,47578,1303,3234,49462,2747,34691,2488,30023,2180,2005,103,70,183182,13606,133377,11080,110415,11882,11210,417,251,50139,1824,42108,4488,33248,4372,3894,348,112,34324,6243,38366,6241,25501,6624,5783,667,174,119921,15811,89864,12810,63015,14039,12735,817,479,217814,36432,160725,28733,100747,31245,29634,522,977,112112,1584,49226,6003,37412,5811,5458,197,155,129065,5792,34577,4101,26491,3985,3787,112,86,16104,7176,13138,1954,8766,2418,2194,136,87,175097,11299,129902,10386,104221,15295,13966,808,520,30121,3365,49279,4008,40773,4498,3935,253,310,110962,10794,89516,12535,64268,12713,11490,518,382,74567,3423,69972,4723,59946,5303,4900,112,290,38298,4709,35008,3081,28220,3707,3267,227,212,127225,2903,66534,5449,56455,4630,4347,162,121,55039,7043,45210,6666,31517,7027,5213,820,339,81400,5295,81882,7104,68238,6540,5381,69,172,181038,6837,79753,4409,71183,4161,3906,118,120,98473,2617,67897,5577,57234,5086,4798,128,157,44654,1299,17878,2463,13058,2357,1629,590,138,74728,8007,66591,10463,44742,11386,10252,756,372,75714,8607,48812,4583,39513,4716,4245,239,230,36358,3851,31064,2881,25456,2727,2270,382,75,4721686,342090,2581066,239892,2086074,255100,230945,11579,10473
2021-07-07,62788,9265,26998,2564,21194,3240,3036,26,175,73531,31016,50497,8730,35025,6742,6163,252,323,74473,1281,43394,1736,39458,2200,1930,147,122,29706,5187,13075,1366,10224,1485,1301,125,59,103544,9685,70220,6540,57505,6175,5875,165,135,16955,2032,12835,1330,9851,1654,1296,144,212,31131,42602,12093,1584,8628,1881,1695,74,112,53371,3368,58361,7655,43766,6940,5810,843,275,2171952,66663,822867,46211,724426,52230,47670,1305,3249,49611,2749,34741,2489,30069,2183,2008,103,70,184048,13608,133539,11080,110571,11888,11214,418,252,50427,1826,42400,4491,33518,4391,3910,350,113,34461,6248,38478,6244,25596,6638,5795,668,175,120574,15818,90229,12818,63342,14069,12757,820,484,219202,36459,161361,28747,101312,31302,29691,522,977,112644,1589,49291,6005,37468,5818,5463,198,155,129296,5794,34627,4102,26538,3987,3789,112,86,16194,7179,13243,1956,8863,2424,2200,136,87,175882,11301,130243,10390,104529,15324,13992,808,523,30280,3377,49449,4012,40935,4502,3939,253,310,111240,10821,89607,12539,64346,12722,11497,519,383,74819,3425,70076,4723,60044,5309,4905,112,291,38587,4721,35399,3088,28590,3721,3277,227,216,127727,2904,66622,5449,56539,4634,4351,162,121,55544,7064,45742,6682,31994,7066,5243,820,342,81718,5296,82137,7106,68469,6562,5399,69,176,182055,6844,80109,4419,71525,4165,3910,118,120,98886,2626,68182,5590,57481,5111,4822,128,158,44748,1299,17890,2463,13068,2359,1629,590,140,75251,8019,67058,10473,45180,11405,10267,757,375,76156,8639,49137,4594,39811,4732,4259,239,232,36484,3851,31089,2882,25477,2730,2273,382,75,4743285,342556,2590989,240058,2095342,255589,231366,11592,10523
2021-07-08,62898,9276,27018,2564,21213,3241,3037,26,175,73815,31025,50537,8735,35058,6744,6164,252,324,74892,1282,43749,1753,39788,2208,1933,149,124,29849,5199,13148,1368,10291,1489,1304,125,60,103932,9693,70287,6540,57568,6179,5878,165,136,17029,2032,12882,1331,9890,1661,1301,144,214,31263,42711,12137,1585,8669,1883,1695,75,113,53567,3369,58445,7656,43843,6946,5815,844,275,2181440,66776,826725,46228,728130,52367,47789,1311,3260,49719,2753,34791,2489,30115,2187,2012,103,70,184662,13609,133655,11080,110679,11896,11221,418,253,50754,1826,42728,4494,33823,4411,3929,351,113,34617,6254,38585,6246,25693,6646,5802,667,177,121211,15822,90595,12829,63672,14094,12772,828,486,220582,36488,161968,28756,101871,31341,29732,522,975,113137,1594,49372,6010,37534,5828,5473,198,156,129559,5797,34690,4103,26596,3991,3793,112,86,16284,7185,13362,1957,8972,2433,2209,136,87,176655,11303,130580,10397,104824,15359,14021,809,528,30448,3389,49622,4013,41098,4511,3945,254,312,111564,10833,89731,12539,64458,12734,11507,519,385,75061,3426,70190,4724,60155,5311,4908,112,290,38853,4731,35803,3097,28962,3744,3298,229,216,128251,2904,66714,5450,56624,4640,4357,162,121,56053,7085,46345,6705,32544,7096,5262,824,345,82014,5298,82372,7111,68675,6586,5424,69,173,183007,6850,80434,4423,71839,4172,3918,118,120,99222,2632,68433,5597,57710,5126,4839,127,157,44823,1299,17905,2463,13082,2360,1629,591,140,75787,8031,67551,10486,45616,11449,10304,759,379,76568,8664,49422,4605,40064,4753,4276,242,233,36603,3854,31137,2883,25522,2732,2275,382,75,4764119,342990,2600913,240217,2104578,256118,231822,11623,10558
2021-07-09,63021,9288,27035,2564,21228,3243,3039,26,175,74084,31041,50590,8739,35103,6748,6171,252,321,75332,1283,44119,1765,40131,2223,1940,152,128,29970,5212,13229,1374,10361,1494,1306,125,63,104304,9696,70399,6541,57672,6186,5883,166,137,17098,2032,12920,1332,9922,1666,1305,145,214,31316,42833,12195,1585,8720,1890,1701,75,114,53703,3370,58517,7657,43907,6953,5820,846,275,2191682,66878,830477,46251,731751,52475,47886,1315,3267,49919,2757,34835,2489,30154,2192,2016,104,70,185472,13614,133803,11082,110824,11897,11224,418,251,51141,1827,43041,4496,34112,4433,3950,351,114,34789,6258,38689,6247,25782,6660,5814,666,180,121767,15824,91019,12837,64058,14124,12796,833,487,221834,36515,162765,28761,102589,31415,29802,522,979,113636,1595,49436,6013,37588,5835,5482,196,156,129914,5803,34785,4103,26687,3995,3797,112,86,16390,7188,13476,1959,9077,2440,2217,136,86,177553,11308,130980,10404,105185,15391,14051,809,530,30961,3407,49819,4015,41281,4523,3956,254,313,111879,10853,89856,12543,64559,12754,11524,519,388,75299,3426,70283,4725,60244,5314,4910,113,290,39120,4745,36143,3101,29282,3760,3314,229,216,128688,2906,66795,5451,56701,4643,4360,162,121,56598,7098,47032,6724,33165,7143,5301,823,349,82357,5303,82679,7119,68961,6599,5435,69,175,184189,6860,80792,4427,72182,4183,3926,118,123,99577,2642,68699,5604,57955,5140,4852,127,158,44900,1300,17926,2464,13101,2361,1631,591,139,76316,8040,68083,10496,46098,11489,10342,760,380,76978,8681,49709,4621,40320,4768,4292,243,231,36728,3855,31182,2883,25562,2737,2280,382,75,4786515,343438,2611308,240372,2114262,256674,232323,11639,10591
2021-07-10,63047,9294,27039,2564,21230,3245,3041,26,175,74129,31048,50616,8739,35121,6756,6179,252,321,75486,1283,44314,1777,40296,2241,1957,152,129,30005,5218,13271,1379,10393,1499,1310,125,64,104449,9700,70444,6542,57713,6189,5886,166,137,17129,2032,12944,1334,9944,1666,1306,145,213,31327,42955,12229,1586,8745,1898,1706,75,117,53767,3373,58546,7659,43930,6957,5824,846,275,2196541,66947,832746,46281,733903,52562,47951,1315,3289,49956,2758,34840,2490,30159,2191,2016,104,69,185598,13616,133885,11083,110905,11897,11225,418,250,51278,1828,43269,4499,34325,4445,3956,353,118,34843,6260,38736,6250,25822,6664,5817,665,182,121930,15832,91165,12845,64161,14159,12825,836,490,222215,36536,162953,28773,102711,31469,29847,528,982,113901,1595,49469,6017,37615,5837,5485,196,155,129951,5803,34795,4103,26693,3999,3800,112,87,16447,7189,13529,1959,9126,2444,2221,136,86,177898,11311,131148,10408,105327,15413,14071,809,532,31094,3411,49982,4019,41430,4533,3962,254,317,112091,10860,89944,12547,64627,12770,11540,519,388,75341,3427,70310,4726,60263,5321,4916,114,290,39310,4754,36374,3106,29498,3770,3326,229,214,129015,2906,66841,5453,56744,4644,4361,162,121,56843,7125,47362,6742,33435,7185,5334,824,354,82495,5305,82832,7124,69103,6605,5442,69,174,184693,6863,80951,4434,72334,4183,3926,118,123,99709,2646,68826,5612,58066,5148,4858,127,160,44934,1301,17937,2464,13111,2362,1632,591,139,76553,8049,68330,10509,46306,11515,10366,761,381,77098,8693,49800,4631,40384,4785,4308,243,232,36765,3855,31192,2883,25571,2738,2281,382,75,4795838,343773,2616619,240538,2118991,257090,232675,11652,10639
2021-07-11,63067,9296,27042,2565,21231,3246,3042,26,175,74181,31049,50631,8741,35125,6765,6187,252,322,75581,1284,44426,1794,40382,2250,1966,152,129,30046,5221,13302,1385,10417,1500,1310,125,65,104540,9703,70462,6542,57729,6191,5888,166,137,17158,2033,12965,1336,9960,1669,1308,145,214,31355,43025,12261,1588,8763,1910,1715,75,120,53801,3375,58568,7659,43943,6966,5833,846,275,2198420,66983,833836,46310,734842,52684,48070,1316,3291,49986,2759,34845,2492,30161,2192,2018,104,68,185743,13621,133962,11085,110972,11905,11232,418,251,51394,1830,43415,4505,34450,4460,3966,355,121,34911,6267,38791,6253,25868,6670,5822,666,182,122112,15834,91339,12855,64305,14179,12844,832,495,222530,36555,163072,28786,102780,31506,29883,528,983,114237,1596,49515,6023,37650,5842,5492,194,155,129978,5805,34813,4103,26705,4005,3806,112,87,16490,7190,13584,1961,9167,2456,2232,137,86,178147,11311,131244,10415,105397,15432,14089,809,533,31507,3413,50117,4025,41556,4536,3964,254,318,112190,10862,90003,12548,64676,12779,11546,520,390,75387,3427,70353,4726,60293,5334,4928,114,291,39439,4756,36544,3115,29645,3784,3339,231,214,129089,2906,66875,5457,56773,4645,4362,162,121,57012,7138,47622,6754,33625,7243,5376,828,363,82629,5306,82975,7131,69232,6612,5446,69,177,184931,6865,81044,4435,72417,4192,3933,118,125,99806,2649,68941,5621,58165,5155,4863,127,162,44966,1301,17942,2464,13113,2365,1633,592,140,76743,8051,68561,10521,46499,11541,10389,762,383,77175,8703,49880,4643,40436,4801,4319,246,234,36784,3855,31202,2883,25580,2739,2282,382,75,4801335,343969,2620132,240721,2121857,257554,233083,11663,10682
2021-07-12,63281,9313,27075,2566,21263,3246,3042,26,175,74563,31052,50687,8743,35168,6776,6192,253,327,76072,1286,44898,1806,40827,2265,1980,153,129,30351,5228,13427,1389,10534,1504,1315,126,63,105019,9706,70599,6542,57857,6200,5897,166,137,17285,2033,13044,1337,10037,1670,1309,145,214,31468,43239,12340,1592,8838,1910,1715,75,120,54002,3379,58685,7660,44051,6974,5838,848,276,2209480,67128,838642,46345,739474,52823,48194,1319,3302,50246,2764,34938,2494,30246,2198,2025,103,68,186531,13624,134193,11087,111191,11915,11242,418,251,51815,1830,43915,4513,34924,4478,3982,356,122,35107,6280,38945,6254,25999,6692,5839,668,185,122931,15842,91981,12865,64899,14217,12874,834,501,224225,36586,164122,28805,103742,31575,29947,529,987,115105,1596,49693,6025,37806,5862,5511,194,156,130497,5807,34939,4103,26821,4015,3816,112,87,16613,7201,13723,1965,9295,2463,2239,137,86,179158,11323,131835,10425,105939,15471,14125,811,534,31760,3422,50394,4033,41814,4547,3976,254,317,112545,10883,90146,12553,64796,12797,11559,523,392,75688,3429,70512,4728,60442,5342,4935,114,292,39756,4772,36944,3123,30009,3812,3367,230,215,129720,2906,67026,5457,56918,4651,4368,162,121,57677,7161,48440,6785,34362,7293,5411,828,370,83097,5309,83367,7141,69597,6629,5465,69,176,186047,6872,81437,4439,72791,4207,3943,118,130,100304,2668,69267,5630,58467,5170,4877,127,163,45070,1301,17985,2464,13154,2367,1635,592,140,77476,8064,69203,10535,47094,11574,10414,766,386,77651,8728,50248,4654,40766,4828,4345,247,234,36957,3858,31261,2883,25637,2741,2284,382,75,4827497,344590,2633911,240941,2134758,258212,233661,11685,10731
2021-07-13,63459,9325,27121,2566,21303,3252,3048,26,175,74927,31056,50752,8743,35222,6787,6202,254,327,76524,1289,45313,1823,41217,2273,1984,155,130,30521,5235,13522,1392,10623,1507,1319,125,63,105547,9710,70721,6543,57972,6206,5903,166,137,17398,2035,13148,1338,10138,1672,1310,145,215,31548,43449,12450,1595,8939,1916,1720,75,121,54209,3383,58807,7663,44166,6978,5841,850,275,2221276,67308,843735,46374,744398,52963,48310,1323,3321,50446,2769,35024,2496,30324,2204,2030,103,69,187331,13631,134488,11088,111478,11922,11245,418,255,52294,1836,44400,4517,35377,4506,4007,356,125,35291,6292,39129,6258,26155,6716,5863,668,185,123656,15855,92660,12875,65535,14250,12900,840,502,225854,36610,165152,28817,104705,31630,29997,531,990,115963,1600,49845,6025,37944,5876,5524,194,157,131006,5809,35023,4104,26901,4018,3818,112,88,16731,7209,13883,1967,9445,2471,2247,137,86,180255,11328,132373,10431,106425,15517,14168,813,535,32058,3435,50676,4034,42078,4564,3991,254,319,112870,10917,90285,12557,64917,12811,11572,524,392,76030,3429,70671,4732,60593,5346,4938,114,293,40098,4787,37366,3129,30405,3832,3383,230,219,130234,2906,67188,5458,57079,4651,4369,162,120,58379,7186,49203,6803,35059,7341,5440,837,373,83507,5311,83731,7150,69937,6644,5480,69,176,187108,6877,81829,4443,73161,4225,3960,118,131,100771,2681,69566,5637,58750,5179,4886,127,163,45160,1301,18005,2464,13171,2370,1637,593,140,78082,8080,69776,10549,47605,11622,10453,769,392,78077,8757,50566,4667,41046,4853,4366,250,235,37085,3859,31320,2883,25691,2746,2286,384,76,4853695,345255,2647728,241121,2147759,258848,234197,11722,10785
2021-07-14,63644,9340,27158,2566,21340,3252,3048,26,175,75247,31064,50814,8745,35275,6794,6207,254,329,76931,1289,45615,1833,41495,2287,1993,155,135,30698,5248,13646,1394,10735,1517,1329,125,63,106027,9712,70855,6544,58091,6220,5916,166,138,17530,2035,13256,1338,10239,1679,1313,145,219,31644,43619,12538,1596,9022,1920,1722,75,123,54396,3385,58902,7667,44248,6987,5850,850,275,2232942,67504,848874,46419,749360,53095,48428,1324,3332,50682,2771,35137,2496,30432,2209,2035,103,69,188255,13632,134718,11089,111701,11928,11250,418,256,52770,1844,44875,4523,35815,4537,4034,357,127,35478,6309,39285,6260,26287,6738,5883,669,186,124455,15868,93366,12888,66188,14290,12936,842,504,227640,36641,166055,28836,105536,31683,30049,531,991,117041,1602,49979,6028,38068,5883,5532,194,156,131571,5815,35104,4104,26974,4026,3826,112,88,16896,7215,14123,1970,9663,2490,2264,139,86,181283,11330,133020,10438,106994,15588,14229,815,543,32479,3444,50987,4038,42373,4576,3997,258,321,113192,10961,90449,12564,65063,12822,11581,524,394,76348,3431,70850,4732,60764,5354,4945,114,294,40402,4806,37764,3137,30771,3856,3405,229,222,130756,2906,67326,5461,57215,4650,4369,162,119,59115,7209,49981,6835,35730,7416,5498,846,376,83943,5318,84140,7157,70317,6666,5501,69,178,188044,6881,82207,4447,73523,4237,3972,118,131,101161,2694,69841,5646,59003,5192,4898,127,164,45269,1301,18047,2464,13209,2374,1641,593,140,78612,8103,70319,10564,48089,11666,10499,770,389,78506,8774,50845,4682,41286,4877,4388,253,234,37223,3867,31388,2884,25758,2746,2286,384,76,4880180,345918,2661464,241345,2160564,259555,234824,11747,10833
2021-07-15,63812,9354,27191,2567,21369,3255,3051,26,175,75587,31070,50894,8747,35340,6807,6217,254,332,77346,1291,45914,1847,41769,2298,2006,155,133,30834,5262,13756,1396,10839,1521,1333,125,63,106521,9722,71000,6547,58229,6224,5920,166,138,17671,2036,13373,1341,10345,1687,1319,146,220,31772,43866,12641,1599,9117,1925,1726,75,124,54595,3389,58997,7667,44333,6997,5858,851,276,2245329,67655,853476,46458,753769,53249,48550,1332,3355,50858,2790,35224,2496,30514,2214,2038,103,71,189199,13639,134945,11090,111922,11933,11255,418,256,53348,1853,45451,4530,36354,4567,4060,358,130,35707,6321,39469,6263,26459,6747,5890,671,186,125223,15872,94115,12900,66863,14352,12987,849,508,229170,36668,166986,28859,106394,31733,30098,533,990,118270,1604,50143,6035,38210,5898,5545,194,158,132137,5821,35199,4105,27066,4028,3829,112,87,17070,7220,14366,1975,9884,2507,2280,139,87,182370,11341,133652,10445,107567,15640,14278,815,546,32690,3448,51263,4044,42633,4586,4007,260,319,113545,10984,90608,12568,65191,12849,11605,528,393,76693,3435,71037,4736,60941,5360,4948,114,297,40698,4824,38205,3142,31176,3887,3430,230,227,131330,2908,67528,5462,57412,4654,4372,162,120,59815,7225,50668,6852,36339,7477,5539,853,381,84412,5323,84493,7160,70640,6693,5526,69,180,189020,6882,82594,4452,73896,4246,3979,118,133,101560,2701,70120,5654,59259,5207,4913,128,163,45342,1302,18082,2464,13242,2376,1643,593,140,79150,8131,70860,10577,48582,11701,10531,772,390,78906,8789,51136,4706,41544,4886,4395,253,236,37341,3869,31470,2884,25835,2751,2291,384,76,4907321,346595,2674856,241568,2173033,260255,235419,11786,10890
2021-07-16,63986,9366,27249,2568,21427,3254,3050,26,175,75846,31078,50986,8750,35416,6820,6227,255,334,77713,1294,46198,1863,42028,2307,2018,155,129,31021,5263,13851,1409,10925,1517,1330,125,62,107063,9724,71142,6548,58360,6234,5929,166,139,17815,2038,13494,1344,10460,1690,1323,146,219,31860,44039,12746,1602,9214,1930,1730,75,125,54766,3392,59081,7670,44412,6999,5860,851,276,2258690,68038,858185,46492,758292,53401,48673,1334,3382,51045,2827,35346,2496,30629,2221,2045,103,71,189932,13646,135169,11092,112137,11940,11261,420,255,53936,1855,46038,4537,36899,4602,4086,360,136,35980,6344,39654,6272,26619,6763,5906,672,185,125980,15878,94835,12915,67510,14410,13028,860,513,230819,36701,168177,28869,107492,31816,30178,534,992,119252,1609,50340,6037,38389,5914,5560,194,159,132775,5827,35345,4106,27210,4029,3830,112,87,17197,7224,14625,1982,10125,2518,2291,139,87,183445,11347,134290,10451,108128,15711,14344,818,548,33103,3456,51622,4046,42971,4605,4022,262,320,113848,11008,90748,12576,65309,12863,11619,529,392,77012,3437,71237,4737,61132,5368,4954,114,299,40938,4843,38600,3150,31536,3914,3456,232,226,131878,2909,67715,5464,57598,4653,4372,162,119,60474,7251,51385,6885,36949,7551,5598,858,384,84846,5324,84868,7163,70986,6719,5550,70,181,189849,6892,82987,4458,74277,4252,3985,118,133,102000,2710,70388,5662,59507,5219,4923,128,165,45425,1302,18119,2464,13275,2380,1647,593,140,79649,8143,71436,10589,49093,11754,10584,773,388,79293,8805,51393,4721,41770,4902,4411,253,236,37473,3870,31521,2884,25886,2751,2291,384,76,4934909,347440,2688770,241802,2185961,261007,236081,11821,10933
2021-07-17,64030,9367,27264,2568,21436,3260,3056,26,175,75889,31083,51012,8754,35433,6825,6229,255,337,77849,1294,46337,1875,42150,2312,2024,154,129,31050,5263,13879,1412,10946,1521,1335,125,61,107274,9733,71203,6548,58415,6240,5934,166,140,17880,2039,13553,1344,10513,1696,1327,146,221,31878,44208,12803,1602,9265,1936,1733,75,128,54818,3395,59119,7673,44440,7006,5864,852,278,2264602,68278,860932,46537,760867,53528,48787,1335,3394,51091,2827,35372,2496,30650,2226,2047,103,73,190115,13648,135364,11093,112325,11946,11264,421,257,54119,1862,46284,4548,37115,4621,4103,363,135,36065,6350,39771,6277,26710,6784,5921,674,189,126228,15886,95145,12930,67749,14466,13077,863,517,231441,36709,168489,28898,107734,31857,30218,534,993,119630,1611,50407,6043,38431,5933,5579,194,159,132827,5828,35367,4106,27229,4032,3833,112,87,17263,7234,14727,1990,10208,2529,2300,139,88,183877,11350,134555,10461,108338,15756,14383,819,553,33202,3458,51856,4052,43186,4618,4031,264,322,114008,11013,90861,12581,65405,12875,11630,530,392,77061,3439,71303,4737,61188,5378,4961,116,300,41101,4849,38866,3157,31774,3935,3473,232,230,132252,2909,67796,5468,57672,4656,4375,163,118,60771,7276,51722,6904,37197,7621,5655,868,384,85032,5325,85056,7169,71153,6734,5563,70,183,190280,6893,83175,4466,74450,4259,3989,118,136,102129,2719,70513,5670,59616,5227,4932,128,165,45465,1302,18135,2464,13289,2382,1648,594,140,79871,8153,71775,10606,49384,11785,10612,773,391,79408,8820,51483,4738,41835,4910,4418,254,236,37509,3870,31540,2884,25904,2752,2292,384,76,4946015,347991,2695664,242051,2192007,261606,236593,11850,10987
2021-07-18,64049,9367,27274,2570,21443,3261,3058,26,174,75954,31087,51029,8759,35443,6827,6232,255,336,77923,1297,46472,1888,42261,2323,2037,155,126,31095,5265,13913,1419,10969,1525,1339,125,61,107417,9740,71250,6550,58457,6243,5937,166,140,17941,2041,13629,1348,10585,1696,1326,146,221,31905,44280,12852,1605,9301,1946,1743,75,128,54863,3396,59155,7673,44467,7015,5873,852,278,2266889,68339,862113,46582,761882,53649,48892,1340,3405,51130,2828,35410,2496,30679,2235,2056,103,73,190405,13649,135513,11095,112461,11957,11272,421,260,54298,1867,46564,4555,37358,4651,4131,366,134,36156,6362,39866,6281,26788,6797,5932,676,189,126469,15896,95402,12946,67948,14508,13109,865,525,231912,36721,168699,28921,107884,31894,30253,535,994,119941,1613,50466,6050,38477,5939,5584,194,160,132858,5829,35392,4107,27246,4039,3838,112,89,17368,7239,14838,1996,10305,2537,2307,139,89,184160,11352,134771,10475,108511,15785,14412,819,553,33413,3460,52046,4057,43357,4632,4038,263,330,114135,11020,90940,12584,65460,12896,11648,530,394,77124,3441,71376,4740,61242,5394,4973,116,304,41240,4854,39057,3169,31944,3944,3482,232,230,132398,2909,67851,5470,57719,4662,4381,163,118,60989,7287,51981,6932,37374,7675,5701,872,385,85166,5325,85199,7175,71282,6742,5571,70,183,190557,6895,83309,4471,74572,4266,3996,118,136,102281,2722,70607,5677,59683,5247,4948,130,167,45498,1302,18152,2464,13300,2388,1652,596,140,80071,8160,72067,10620,49628,11819,10643,773,394,79476,8831,51571,4756,41897,4918,4427,253,236,37554,3870,31572,2886,25928,2758,2296,386,76,4952635,348244,2700336,242317,2195851,262168,237087,11872,11028
2021-07-19,64333,9379,27351,2570,21517,3264,3061,26,174,76442,31100,51118,8768,35516,6834,6239,255,336,78366,1297,46843,1903,42612,2328,2043,155,125,31310,5270,14029,1420,11077,1532,1345,126,61,108069,9754,71465,6552,58655,6258,5951,166,141,18124,2047,13789,1350,10733,1706,1333,145,225,32030,44482,12963,1607,9400,1956,1751,75,130,55098,3398,59289,7675,44592,7022,5878,853,279,2280760,68514,868036,46629,767604,53803,49019,1342,3430,51375,2832,35536,2497,30793,2246,2065,103,75,191461,13657,135812,11098,112741,11973,11285,423,261,54963,1874,47447,4569,38186,4692,4170,365,137,36454,6383,40130,6286,27022,6822,5952,678,192,127443,15905,96479,12959,68932,14588,13161,877,540,233884,36752,170081,28945,109168,31968,30319,540,996,121091,1621,50679,6061,38660,5958,5604,194,159,133428,5841,35588,4109,27435,4044,3843,112,89,17579,7248,15244,2003,10684,2557,2327,139,89,185374,11359,135604,10485,109250,15869,14482,821,565,33726,3473,52523,4064,43804,4655,4058,265,331,114542,11058,91176,12588,65662,12926,11677,532,393,77563,3443,71625,4743,61474,5408,4987,116,304,41550,4874,39493,3186,32348,3959,3499,232,228,133206,2911,68138,5475,57995,4668,4386,163,119,61696,7313,52766,6973,38032,7761,5771,878,389,85758,5329,85657,7184,71702,6771,5598,70,185,191535,6899,83802,4476,75051,4275,4002,118,139,102757,2734,70962,5682,60015,5265,4967,131,165,45600,1302,18195,2464,13338,2393,1656,597,140,80634,8190,72857,10642,50339,11876,10688,779,400,79910,8858,51914,4772,42206,4936,4444,257,233,37745,3873,31713,2887,26060,2766,2303,387,76,4983806,348970,2718304,242622,2212603,263079,237864,11920,11106
2021-07-20,64598,9392,27420,2570,21581,3269,3065,26,175,76889,31107,51213,8772,35598,6843,6249,255,335,78758,1298,47154,1918,42898,2338,2056,154,123,31477,5279,14137,1425,11178,1534,1348,126,60,108759,9765,71664,6553,58839,6272,5965,166,141,18315,2051,13981,1352,10915,1714,1338,145,228,32152,44714,13105,1608,9532,1965,1756,75,134,55333,3399,59433,7676,44728,7029,5882,855,280,2295084,68735,874118,46686,773486,53946,49151,1347,3437,51639,2834,35689,2500,30938,2251,2068,103,76,192762,13666,136084,11101,112998,11985,11296,422,263,55879,1885,48339,4587,39023,4729,4202,371,136,36697,6396,40372,6293,27231,6848,5975,680,193,128409,15917,97677,12985,70047,14645,13202,888,545,235921,36783,171444,28977,110398,32069,30407,549,1000,122235,1624,50906,6063,38854,5989,5633,194,161,134154,5847,35796,4110,27629,4057,3856,112,89,17782,7253,15661,2013,11055,2593,2362,139,90,186702,11369,136408,10500,109989,15919,14526,822,570,34109,3479,52972,4073,44225,4674,4077,266,330,114926,11095,91412,12591,65880,12941,11689,533,395,78006,3445,71885,4749,61716,5420,4994,117,308,41836,4899,39994,3197,32819,3978,3518,233,227,133983,2912,68398,5476,58247,4675,4393,163,119,62482,7331,53558,7000,38709,7849,5824,889,398,86321,5342,86043,7196,72057,6790,5618,70,185,192385,6909,84193,4486,75433,4274,4005,117,136,103192,2759,71279,5687,60311,5281,4982,131,166,45697,1302,18258,2465,13392,2401,1660,600,141,81166,8206,73687,10665,51073,11949,10755,783,402,80342,8885,52222,4782,42481,4959,4464,259,234,37946,3874,31894,2887,26234,2773,2309,388,76,5015936,349752,2736396,242943,2229494,263959,238625,11978,11153
2021-07-21,64826,9400,27485,2572,21643,3270,3066,26,175,77287,31116,51285,8778,35659,6848,6256,255,333,79106,1303,47442,1937,43158,2347,2066,154,122,31643,5291,14242,1429,11278,1535,1351,126,58,109419,9770,71847,6555,59004,6288,5980,165,143,18517,2054,14198,1356,11117,1725,1342,147,233,32313,44967,13249,1612,9655,1982,1770,75,137,55580,3399,59575,7679,44857,7039,5888,856,283,2309916,69486,879821,46747,778963,54111,49307,1352,3440,51947,2839,35839,2503,31075,2261,2077,103,77,194062,13674,136491,11104,113387,12000,11307,424,265,56734,1892,49188,4601,39818,4769,4235,373,141,36947,6416,40615,6299,27450,6866,5989,684,193,129428,15926,98834,13008,71109,14717,13258,897,552,237962,36810,172870,29002,111697,32171,30505,552,1001,123009,1644,51118,6070,39039,6009,5650,194,164,134958,5868,36014,4110,27837,4067,3864,112,91,17975,7257,16050,2023,11403,2624,2392,139,91,187943,11379,137222,10518,110697,16007,14603,824,579,34487,3482,53431,4080,44640,4711,4102,267,341,115334,11128,91648,12600,66092,12956,11701,535,396,78425,3447,72129,4751,61945,5433,5003,117,312,42128,4911,40449,3208,33242,3999,3539,233,227,134750,2913,68761,5479,58601,4681,4399,163,119,63134,7347,54273,7036,39319,7918,5868,898,405,86862,5345,86423,7206,72405,6812,5638,71,186,193487,6911,84689,4497,75913,4279,4011,117,135,103586,2776,71543,5695,60557,5291,4991,129,169,45809,1302,18337,2465,13465,2407,1664,602,141,81723,8216,74534,10678,51836,12020,10819,785,407,80761,8902,52496,4797,42726,4973,4481,261,229,38157,3880,32027,2887,26360,2780,2316,388,76,5048215,351051,2754125,243282,2245947,264896,239438,12024,11221
2021-07-22,65044,9402,27549,2572,21702,3275,3071,26,175,77650,31126,51376,8780,35736,6860,6265,255,336,79504,1308,47720,1948,43415,2357,2069,158,125,31796,5297,14362,1434,11386,1542,1356,127,59,110016,9773,72030,6556,59175,6299,5989,166,143,18778,2059,14428,1359,11334,1735,1351,149,232,32457,45210,13370,1617,9765,1988,1773,75,140,55817,3402,59701,7682,44972,7047,5894,857,284,2325190,69830,885972,46795,784864,54313,49485,1354,3460,52226,2844,35982,2504,31209,2269,2084,103,78,195158,13680,136785,11107,113654,12024,11326,424,271,57510,1903,50148,4608,40716,4824,4284,376,144,37201,6428,40876,6306,27683,6887,6011,683,193,130491,15937,99956,13026,72137,14793,13315,912,555,240011,36842,174373,29038,113081,32254,30584,553,1004,124267,1678,51420,6075,39312,6033,5672,195,165,135849,5871,36291,4110,28101,4080,3876,112,92,18286,7269,16508,2031,11826,2651,2419,139,91,189166,11391,138123,10530,111505,16088,14681,825,581,34817,3489,53937,4090,45102,4745,4126,271,347,115735,11169,91899,12607,66314,12978,11724,535,395,78903,3450,72418,4752,62217,5449,5015,118,315,42441,4922,40869,3219,33632,4018,3554,233,231,135609,2917,69130,5481,58948,4701,4417,164,120,63868,7381,55071,7084,40006,7981,5912,902,411,87442,5350,86838,7217,72792,6829,5653,71,188,194624,6922,85207,4499,76406,4302,4027,117,142,103936,2783,71808,5697,60804,5307,5006,129,170,45929,1302,18399,2465,13520,2414,1669,604,141,82271,8233,75290,10701,52511,12078,10879,786,404,81213,8919,52746,4809,42940,4997,4508,261,226,38431,3887,32171,2887,26501,2783,2318,389,76,5081636,351974,2772753,243586,2263266,265901,240313,12069,11294
2021-07-23,65292,9417,27610,2573,21760,3277,3073,26,175,78055,31138,51472,8781,35825,6866,6269,255,338,79833,1311,48000,1969,43670,2361,2072,158,125,31939,5309,14461,1437,11478,1546,1359,127,60,110661,9783,72234,6557,59365,6312,6002,166,143,19018,2063,14671,1361,11561,1749,1361,149,236,32549,45431,13567,1621,9942,2004,1783,75,146,56036,3407,59856,7685,45119,7052,5894,860,286,2340280,70230,891309,46853,789988,54468,49615,1360,3478,52515,2853,36159,2505,31374,2280,2093,103,80,196166,13690,137126,11109,113979,12038,11340,424,271,58233,1914,50834,4637,41353,4844,4303,378,143,37451,6439,41151,6311,27918,6922,6038,688,196,131410,15946,101024,13052,73129,14843,13356,915,561,242244,36889,175839,29065,114425,32349,30673,553,1010,125143,1687,51689,6086,39555,6048,5686,195,166,136739,5881,36554,4111,28355,4088,3884,112,92,18615,7271,17048,2038,12343,2667,2435,139,91,190457,11402,139047,10543,112340,16164,14749,828,587,35110,3502,54416,4099,45545,4772,4146,272,353,116094,11211,92179,12615,66556,13008,11751,538,395,79305,3454,72727,4757,62507,5463,5026,118,318,42758,4942,41317,3229,34052,4036,3573,233,230,136687,2918,69526,5483,59331,4712,4424,166,122,64545,7400,55850,7123,40681,8046,5957,907,417,87992,5363,87208,7230,73140,6838,5658,71,193,195840,6932,85667,4505,76854,4308,4035,117,140,104326,2810,72058,5702,61036,5320,5017,130,170,46064,1302,18452,2465,13571,2416,1669,606,141,82882,8247,76188,10737,53304,12147,10940,788,411,81661,8945,53014,4826,43173,5015,4525,262,226,38652,3888,32303,2889,26623,2791,2325,390,76,5114552,352975,2790556,243954,2279852,266750,241031,12109,11376
2021-07-24,65334,9421,27624,2575,21768,3281,3077,26,175,78139,31143,51500,8787,35841,6872,6277,255,336,79977,1313,48111,1979,43768,2364,2073,159,126,31997,5312,14516,1441,11519,1556,1370,128,58,110910,9785,72327,6559,59451,6317,6007,166,143,19091,2065,14809,1363,11682,1764,1372,150,239,32587,45541,13659,1627,10018,2014,1792,75,147,56104,3407,59909,7688,45162,7059,5898,862,287,2347156,70396,894575,46912,793032,54631,49770,1364,3483,52607,2855,36209,2506,31421,2282,2094,104,80,196418,13692,137365,11116,114203,12046,11350,426,267,58455,1915,51070,4663,41552,4855,4314,381,140,37548,6468,41300,6319,28043,6938,6052,689,197,131796,15954,101501,13072,73493,14936,13440,921,564,242863,36913,176171,29094,114670,32407,30727,554,1013,125248,1689,51791,6092,39637,6062,5701,195,165,136788,5882,36592,4112,28381,4099,3895,112,92,18745,7279,17272,2043,12531,2698,2464,139,93,190913,11403,139441,10553,112661,16227,14803,830,594,35243,3509,54709,4110,45815,4784,4158,268,357,116296,11223,92392,12617,66738,13037,11775,539,398,79396,3457,72792,4761,62564,5467,5030,118,318,42927,4949,41598,3239,34313,4046,3583,233,230,137294,2918,69731,5488,59529,4714,4424,167,123,64806,7418,56139,7157,40882,8100,5996,914,421,88191,5365,87403,7237,73298,6868,5685,71,195,196359,6935,85941,4509,77114,4318,4045,117,140,104434,2813,72185,5713,61138,5334,5031,130,170,46129,1303,18487,2467,13598,2422,1673,608,141,83162,8257,76691,10768,53729,12194,10980,794,412,81766,8952,53089,4829,43228,5032,4537,263,230,38735,3889,32366,2890,26680,2796,2330,389,77,5127414,353421,2799265,244286,2287459,267520,241723,12147,11411
2021-07-25,65378,9423,27635,2575,21774,3286,3082,26,175,78225,31150,51536,8794,35865,6877,6286,255,332,80051,1314,48196,1984,43836,2376,2077,163,130,32025,5319,14566,1446,11558,1562,1377,128,57,111127,9786,72381,6561,59492,6328,6017,167,143,19179,2070,14910,1365,11775,1770,1378,151,238,32609,45621,13712,1633,10058,2021,1797,75,149,56147,3408,59937,7692,45183,7062,5900,864,286,2350323,70445,896177,46977,794412,54788,49905,1368,3501,52701,2857,36250,2508,31449,2293,2104,104,80,196688,13694,137540,11118,114363,12059,11359,431,266,58893,1922,51480,4680,41903,4897,4348,390,139,37665,6483,41466,6324,28178,6964,6075,690,199,132089,15964,101926,13094,73805,15027,13511,932,573,243317,36935,176508,29132,114899,32477,30796,557,1011,125356,1693,51903,6104,39722,6077,5716,195,165,136823,5882,36634,4112,28411,4111,3906,112,93,18875,7281,17486,2052,12708,2726,2490,139,95,191225,11405,139735,10573,112893,16269,14840,832,597,35343,3517,54926,4122,46005,4799,4173,268,357,116468,11236,92566,12624,66880,13062,11797,540,400,79458,3458,72856,4766,62608,5482,5040,118,323,43100,4956,41830,3255,34519,4056,3591,233,232,137464,2918,69822,5492,59602,4728,4437,167,124,65065,7442,56455,7200,41107,8148,6027,916,428,88432,5370,87576,7253,73437,6886,5697,71,202,196653,6940,86117,4517,77276,4324,4047,117,144,104557,2815,72313,5720,61245,5348,5045,130,170,46156,1304,18514,2468,13621,2425,1674,610,141,83432,8267,77120,10804,54088,12228,11009,797,413,81860,8965,53171,4839,43287,5045,4547,265,231,38763,3889,32396,2892,26700,2804,2336,392,76,5135447,353729,2805640,244676,2292659,268305,242384,12203,11470
2021-07-26,65666,9431,27755,2575,21890,3290,3086,26,175,78787,31167,51656,8800,35969,6887,6297,255,332,80424,1317,48547,1996,44175,2376,2077,164,129,32239,5329,14709,1448,11691,1570,1384,129,57,111866,9790,72659,6564,59753,6342,6029,169,143,19416,2081,15214,1372,12064,1778,1384,151,240,32732,45804,13903,1638,10237,2028,1803,75,150,56464,3411,60082,7694,45317,7071,5910,865,284,2365076,70745,902921,47044,800914,54963,50069,1372,3507,53043,2862,36482,2511,31663,2308,2120,104,79,197938,13705,138102,11125,114899,12078,11374,433,268,59762,1931,52336,4696,42692,4948,4392,392,143,37978,6500,41826,6337,28500,6989,6097,695,197,133419,15979,103441,13136,75179,15126,13592,943,577,245665,36995,178296,29173,116542,32581,30899,560,1009,125877,1698,52294,6115,40065,6114,5754,195,164,137810,5892,37024,4114,28784,4126,3923,112,91,19182,7292,18041,2069,13227,2745,2509,140,94,192570,11417,140907,10596,113987,16324,14887,834,602,35720,3536,55497,4138,46538,4821,4193,268,359,116916,11272,92939,12638,67205,13096,11827,542,401,79948,3460,73235,4774,62956,5505,5065,118,321,43440,4969,42325,3265,34974,4086,3617,233,235,138425,2919,70369,5494,60136,4739,4448,166,125,65810,7463,57344,7250,41891,8203,6067,923,428,89101,5380,88141,7264,73964,6913,5725,71,201,197704,6949,86723,4523,77860,4340,4058,118,148,105054,2833,72671,5725,61574,5372,5070,130,169,46312,1306,18579,2468,13678,2433,1677,615,141,84018,8282,78089,10838,54948,12303,11078,797,418,82310,9013,53498,4854,43587,5057,4563,266,226,39001,3892,32549,2894,26837,2818,2347,394,76,5169673,354620,2828154,245128,2313696,269330,243321,12255,11489
2021-07-27,65950,9438,27881,2575,22007,3299,3095,26,175,79332,31181,51765,8804,36054,6907,6313,256,335,80801,1317,48840,2014,44448,2378,2078,166,129,32424,5344,14853,1453,11830,1570,1384,129,57,112642,9794,72933,6569,60005,6359,6047,169,142,19731,2084,15550,1375,12383,1792,1398,151,240,32902,45982,14091,1638,10404,2049,1819,75,155,56774,3413,60246,7699,45466,7081,5920,866,283,2380605,70965,909184,47114,806902,55168,50250,1379,3524,53426,2870,36715,2515,31887,2313,2123,104,79,199166,13721,138570,11127,115337,12106,11397,435,271,60721,1938,53213,4721,43494,4998,4440,397,140,38322,6529,42183,6344,28814,7025,6129,695,201,134726,16006,104919,13168,76515,15236,13684,951,587,247842,37049,180018,29210,118111,32697,31009,563,1011,126379,1712,52645,6124,40370,6151,5787,195,167,138792,5897,37356,4116,29099,4141,3938,112,91,19488,7303,18604,2085,13748,2771,2533,142,94,194000,11427,142243,10617,115217,16409,14967,837,604,36104,3552,56143,4147,47154,4842,4209,269,363,117317,11314,93308,12651,67525,13132,11862,542,402,80457,3463,73577,4779,63269,5529,5092,118,318,43811,4983,42832,3280,35450,4102,3630,233,238,139380,2922,70905,5499,60654,4752,4456,167,128,66679,7495,58153,7295,42596,8262,6105,937,433,89682,5387,88642,7277,74425,6940,5751,71,202,198704,6965,87338,4531,78448,4359,4077,118,148,105466,2841,73073,5738,61944,5391,5092,129,167,46451,1308,18674,2469,13769,2436,1678,617,141,84714,8307,79077,10880,55837,12360,11132,801,418,82719,9038,53777,4864,43835,5078,4581,267,228,39299,3897,32728,2898,27008,2822,2347,398,76,5204806,355442,2850036,245576,2334005,270455,244323,12315,11547
2021-07-28,66217,9442,27974,2576,22096,3302,3098,26,175,79838,31193,51882,8810,36154,6918,6321,256,338,81108,1319,49130,2026,44716,2388,2083,170,128,32647,5348,15013,1460,11973,1580,1392,129,59,113421,9813,73252,6576,60300,6376,6064,170,141,20052,2088,15917,1378,12725,1814,1414,151,246,33042,46171,14249,1643,10551,2055,1824,75,156,57042,3416,60374,7702,45581,7091,5930,866,283,2396421,71282,915067,47187,812553,55327,50392,1382,3538,53772,2878,36965,2516,32117,2332,2135,107,81,200451,13736,138917,11134,115657,12126,11414,436,272,61640,1956,54039,4749,44252,5038,4477,396,144,38655,6557,42521,6354,29104,7063,6160,700,203,136110,16019,106337,13200,77784,15353,13778,967,593,249959,37096,181495,29252,119429,32814,31122,566,1012,126757,1717,52960,6139,40645,6176,5812,196,166,139807,5904,37709,4119,29435,4155,3952,112,91,19766,7308,19052,2101,14152,2799,2558,143,96,195365,11438,143393,10640,116256,16497,15047,836,613,36439,3563,56722,4161,47690,4871,4235,271,364,117721,11351,93626,12659,67787,13180,11909,542,403,80906,3465,73959,4784,63625,5550,5112,118,319,44147,5008,43326,3288,35919,4119,3643,233,242,140397,2924,71488,5505,61219,4764,4466,166,130,67391,7521,58784,7339,43135,8310,6133,946,438,90265,5394,89183,7288,74917,6978,5786,71,205,199760,6971,88008,4539,79092,4377,4094,118,149,105988,2850,73482,5748,62320,5414,5113,129,169,46578,1311,18772,2469,13857,2446,1682,621,142,85319,8327,79953,10929,56608,12416,11184,803,420,83072,9062,54000,4874,44033,5093,4593,268,230,39567,3901,32909,2899,27184,2826,2351,398,76,5239620,356329,2870458,246044,2352866,271548,245274,12368,11622
2021-07-29,66411,9451,28075,2578,22191,3306,3101,26,176,80260,31201,51996,8812,36246,6938,6338,256,341,81405,1322,49397,2036,44968,2393,2084,173,129,32830,5353,15171,1466,12118,1587,1398,128,61,114147,9828,73535,6581,60562,6392,6078,171,142,20348,2091,16303,1382,13097,1824,1423,151,247,33204,46413,14434,1647,10713,2074,1841,75,158,57307,3423,60529,7704,45723,7102,5940,867,282,2412078,71582,921465,47272,818696,55497,50533,1385,3563,54171,2888,37252,2517,32394,2341,2143,107,81,202253,13787,139283,11140,115989,12154,11439,436,275,62548,1977,55001,4770,45160,5071,4504,397,149,38929,6581,42834,6367,29375,7092,6181,703,208,137454,16050,107721,13241,79047,15433,13851,971,596,251989,37152,183162,29296,120911,32955,31256,572,1014,127113,1720,53322,6151,40967,6204,5838,196,168,140914,5910,38046,4121,29756,4169,3966,112,91,20032,7320,19456,2108,14525,2823,2579,143,99,196781,11450,144480,10660,117242,16578,15118,841,618,36836,3569,57251,4172,48183,4896,4260,271,364,118069,11391,94026,12673,68129,13224,11944,546,407,81381,3466,74311,4789,63950,5572,5130,118,323,44522,5030,43818,3295,36387,4136,3660,233,242,141384,2928,72012,5511,61720,4781,4478,168,133,68044,7547,59369,7385,43626,8358,6164,959,438,90907,5399,89731,7303,75426,7002,5809,72,205,200894,6978,88674,4545,79735,4394,4104,118,156,106317,2862,73807,5755,62619,5433,5134,129,167,46697,1313,18896,2470,13972,2454,1687,623,143,85927,8342,80867,10965,57414,12488,11243,811,425,83450,9093,54213,4892,44222,5099,4600,270,227,39833,3903,33132,2906,27392,2834,2358,397,79,5274435,357320,2891569,246510,2372455,272604,246182,12425,11707
2021-07-30,66623,9459,28168,2580,22278,3310,3103,26,178,80720,31221,52112,8818,36353,6941,6344,256,338,81718,1324,49656,2044,45215,2397,2085,174,130,32976,5359,15297,1474,12228,1595,1406,129,60,114796,9854,73862,6588,60866,6408,6094,171,142,20635,2096,16660,1386,13429,1845,1439,154,249,33370,46607,14621,1655,10882,2084,1850,75,159,57539,3427,60630,7706,45811,7113,5950,868,282,2427336,72329,927066,47352,824064,55650,50659,1391,3583,54569,2894,37475,2519,32600,2356,2156,107,83,203367,13823,139678,11146,116359,12173,11457,437,275,63577,1985,55879,4790,45967,5122,4547,402,152,39198,6598,43161,6380,29664,7117,6202,710,205,138755,16066,109012,13293,80188,15531,13937,977,602,253922,37219,184651,29346,122247,33058,31357,572,1015,127695,1734,53678,6159,41290,6229,5860,197,170,142135,5919,38437,4127,30126,4184,3984,112,88,20250,7327,19795,2125,14829,2841,2594,144,101,198092,11455,145716,10679,118352,16685,15211,843,629,37124,3575,57766,4183,48673,4910,4275,271,364,118459,11431,94416,12680,68468,13268,11983,547,411,81804,3477,74647,4798,64261,5588,5148,118,321,44860,5045,44262,3310,36808,4144,3669,233,241,142526,2934,72576,5521,62264,4791,4487,169,133,68699,7557,59998,7431,44165,8402,6204,964,436,91446,5404,90182,7320,75843,7019,5830,72,201,201791,6984,89284,4555,80318,4411,4113,119,162,106724,2882,74154,5771,62941,5442,5143,129,167,46801,1314,19003,2471,14070,2462,1691,624,146,86465,8357,81796,11006,58243,12547,11304,813,422,83812,9125,54464,4909,44450,5105,4602,275,226,40076,3906,33308,2910,27549,2849,2372,397,79,5307860,358687,2911410,247032,2390801,273577,247056,12476,11750
2021-07-31,66668,9462,28184,2580,22287,3317,3107,26,181,80790,31227,52141,8822,36368,6951,6348,257,343,81852,1324,49754,2054,45306,2394,2082,175,131,33006,5359,15366,1482,12286,1598,1410,128,60,115069,9856,74014,6592,60997,6425,6110,172,142,20743,2100,16815,1395,13563,1857,1449,154,251,33421,46698,14719,1663,10967,2089,1854,75,160,57570,3428,60665,7709,45834,7122,5957,869,283,2434138,72668,930458,47441,827214,55803,50799,1394,3591,54620,2894,37526,2521,32641,2364,2164,107,83,203642,13825,139853,11153,116510,12190,11473,439,274,63935,1990,56239,4825,46284,5130,4554,403,152,39295,6618,43345,6390,29812,7143,6229,709,205,139195,16085,109433,13349,80477,15607,14016,978,598,254380,37244,185034,29395,122493,33146,31438,575,1019,127832,1739,53830,6176,41401,6253,5884,198,169,142164,5921,38489,4131,30158,4200,4000,112,88,20373,7328,19975,2137,14968,2870,2622,144,102,198515,11459,146182,10706,118735,16741,15264,843,631,37233,3584,58066,4192,48934,4940,4299,273,368,118648,11437,94669,12691,68670,13308,12019,549,413,81926,3479,74762,4804,64351,5607,5166,118,322,45013,5053,44574,3320,37099,4155,3683,233,238,143135,2936,72901,5527,62554,4820,4515,168,135,68979,7577,60257,7467,44352,8438,6237,966,434,91721,5405,90426,7341,76041,7044,5854,72,202,202315,6987,89573,4559,80566,4448,4141,120,170,106855,2890,74289,5779,63043,5467,5165,129,171,46846,1314,19031,2472,14091,2468,1697,624,146,86689,8363,82266,11053,58608,12605,11352,819,425,83911,9127,54562,4922,44526,5114,4611,275,226,40118,3906,33374,2914,27605,2855,2379,396,78,5320597,359283,2920772,247562,2398741,274469,247878,12500,11791
2021-08-01,66707,9466,28228,2580,22322,3326,3116,26,181,80885,31235,52173,8833,36388,6952,6348,257,344,81919,1327,49816,2061,45358,2397,2080,178,133,33041,5359,15422,1486,12328,1608,1419,128,61,115268,9865,74111,6597,61073,6441,6126,172,142,20889,2112,17007,1398,13732,1877,1466,154,254,33517,46751,14806,1670,11035,2101,1861,75,165,57663,3429,60723,7712,45883,7128,5965,869,281,2437120,72719,932038,47526,828553,55959,50943,1396,3602,54669,2896,37580,2527,32682,2371,2171,108,83,203911,13830,140027,11159,116662,12206,11487,439,276,64271,1999,56639,4848,46617,5174,4592,404,157,39413,6644,43509,6399,29936,7174,6252,712,210,139547,16092,109828,13393,80763,15672,14085,978,593,254838,37253,185447,29446,122747,33254,31547,574,1019,128173,1741,54046,6203,41578,6265,5894,200,169,142221,5924,38541,4135,30184,4222,4018,115,89,20486,7336,20154,2157,15114,2883,2635,144,103,198932,11461,146612,10738,119059,16815,15341,842,629,37338,3591,58344,4207,49180,4957,4308,275,374,118793,11447,94897,12705,68835,13357,12059,552,417,82028,3481,74895,4817,64468,5610,5172,118,319,45164,5059,44819,3340,37319,4160,3689,233,237,143335,2937,73080,5533,62711,4836,4530,168,136,69172,7586,60537,7513,44563,8461,6261,964,435,92021,5407,90626,7359,76198,7069,5877,72,202,202647,6991,89839,4570,80806,4463,4152,120,174,106973,2894,74445,5791,63166,5488,5184,129,173,46925,1315,19085,2477,14136,2472,1698,627,146,86923,8372,82719,11093,58958,12668,11413,820,426,83995,9141,54624,4936,44570,5118,4617,275,224,40163,3908,33436,2915,27661,2860,2384,396,78,5328947,359568,2928053,248124,2404585,275344,248690,12520,11832
2021-08-02,67001,9470,28400,2584,22483,3333,3122,26,182,81479,31261,52309,8839,36509,6961,6359,257,342,82292,1330,50091,2074,45623,2394,2077,177,134,33306,5370,15626,1491,12507,1628,1437,128,63,116018,9889,74479,6604,61426,6449,6134,172,142,21162,2122,17345,1406,14049,1890,1481,154,252,33782,46958,14999,1683,11213,2103,1864,76,163,58043,3430,60853,7714,46002,7137,5971,870,283,2451710,73197,938365,47636,834596,56133,51104,1401,3611,55065,2908,37947,2529,33031,2387,2187,108,83,205083,13836,140585,11166,117173,12246,11522,444,276,65311,2015,57507,4873,47416,5218,4631,403,163,39742,6670,43902,6412,30277,7213,6284,715,214,141055,16120,111282,13466,82069,15747,14151,980,599,256840,37299,187293,29498,124382,33413,31698,578,1023,129177,1747,54415,6217,41900,6298,5921,202,173,143289,5974,38757,4140,30372,4245,4041,115,89,20755,7345,20696,2175,15619,2902,2654,144,103,200388,11486,148230,10773,120537,16920,15436,846,635,37697,3597,58961,4218,49754,4989,4331,279,379,119212,11521,95394,12727,69266,13401,12099,552,421,82487,3485,75324,4832,64870,5622,5187,118,316,45525,5076,45311,3349,37771,4191,3722,233,235,144436,2941,73853,5545,63451,4857,4551,168,136,69778,7610,61126,7561,45079,8486,6281,973,429,92674,5414,91163,7381,76690,7092,5901,72,202,203655,7005,90664,4580,81612,4472,4158,120,177,107445,2913,74993,5805,63677,5511,5205,129,175,47128,1317,19203,2478,14244,2481,1700,630,150,87576,8390,83756,11132,59866,12758,11501,822,426,84370,9172,54962,4949,44870,5143,4642,275,224,40383,3908,33621,2923,27833,2865,2389,396,77,5363864,360776,2951412,248760,2426167,276485,249741,12563,11877
2021-08-03,67335,9480,28551,2585,22623,3343,3131,26,183,82054,31297,52429,8840,36615,6974,6367,259,345,82606,1333,50335,2081,45859,2395,2077,178,134,33470,5383,15789,1496,12657,1636,1442,128,66,116777,9913,74847,6612,61777,6458,6142,174,141,21477,2148,17710,1411,14392,1907,1495,155,254,34011,47137,15197,1694,11399,2104,1865,76,163,58424,3430,60988,7716,46122,7150,5981,873,283,2466850,73514,944509,47721,840480,56308,51267,1404,3620,55478,2920,38266,2533,33336,2397,2194,108,84,206301,13844,141096,11172,117652,12272,11546,446,276,66354,2035,58487,4905,48312,5270,4678,408,163,40047,6696,44263,6425,30595,7243,6311,717,215,142507,16146,112637,13523,83277,15837,14226,984,607,258841,37330,188986,29556,125885,33545,31821,581,1029,130555,1756,54871,6233,42283,6355,5973,205,175,144358,5996,38874,4144,30468,4262,4058,115,89,21085,7351,21303,2204,16169,2930,2682,144,102,201862,11507,149716,10820,121874,17022,15529,850,640,38184,3610,59547,4234,50304,5009,4356,277,376,119664,11568,95874,12744,69672,13458,12145,552,432,82908,3493,75806,4837,65326,5643,5206,118,318,45866,5086,45886,3362,38298,4226,3747,233,244,145547,2944,74639,5557,64198,4884,4578,170,133,70369,7624,61669,7597,45541,8531,6311,980,433,93282,5427,91712,7392,77193,7127,5932,72,206,204659,7010,91511,4585,82432,4494,4177,120,180,107924,2930,75512,5823,64149,5540,5233,129,176,47286,1318,19322,2479,14349,2494,1710,632,151,88124,8417,84745,11171,60695,12879,11608,825,436,84747,9198,55225,4960,45102,5163,4659,278,224,40618,3909,33823,2926,28025,2872,2395,396,77,5399570,361750,2974125,249338,2447059,277728,250842,12613,11955
2021-08-04,67558,9487,28698,2588,22759,3351,3138,26,184,82552,31305,52566,8844,36741,6981,6372,260,346,82883,1333,50523,2083,46043,2397,2077,179,135,33624,5398,15938,1498,12792,1648,1453,128,67,117394,9934,75169,6616,62074,6479,6161,174,143,21763,2158,18074,1423,14730,1921,1503,155,259,34210,47316,15401,1705,11582,2114,1871,76,167,58719,3433,61106,7720,46225,7161,5990,874,284,2482222,73823,950170,47811,845916,56443,51389,1410,3627,55920,2941,38565,2538,33623,2404,2198,109,87,207475,13852,141639,11181,118155,12303,11568,449,282,66912,2050,59220,4949,48974,5297,4704,412,160,40370,6723,44680,6443,30962,7275,6339,719,217,143880,16168,113995,13581,84509,15905,14280,992,611,260820,37365,190561,29611,127297,33653,31924,588,1027,131928,1763,55386,6250,42738,6398,6010,206,180,145431,6019,39042,4149,30616,4277,4074,115,88,21431,7367,21801,2217,16624,2960,2711,144,103,203249,11520,151204,10842,123233,17129,15632,852,641,38474,3615,60069,4246,50787,5036,4382,277,377,120119,11637,96394,12763,70116,13515,12195,553,438,83361,3495,76259,4844,65754,5661,5222,118,320,46199,5095,46341,3369,38724,4248,3766,233,247,146679,2948,75372,5565,64893,4914,4602,170,138,71036,7649,62148,7638,45924,8586,6350,990,437,93925,5429,92193,7415,77629,7149,5951,72,209,205774,7021,92347,4591,83245,4511,4190,122,182,108429,2942,76006,5836,64602,5568,5262,129,175,47430,1319,19448,2480,14466,2502,1716,634,151,88690,8427,85765,11223,61550,12992,11711,830,441,85151,9216,55481,4974,45324,5183,4675,278,228,40853,3910,34007,2928,28199,2880,2400,396,78,5434461,362658,2995568,249921,2466806,278841,251816,12670,12029
2021-08-05,67779,9490,28786,2589,22837,3360,3144,26,187,82996,31327,52701,8848,36859,6994,6380,262,349,83223,1340,50707,2094,46217,2396,2077,178,135,33780,5413,16124,1508,12965,1651,1457,128,66,118016,9949,75513,6624,62402,6487,6168,175,143,22082,2174,18496,1430,15118,1948,1524,155,266,34390,47530,15569,1713,11731,2125,1878,76,171,59031,3439,61234,7723,46341,7170,5999,874,284,2496523,74272,955958,47905,851413,56640,51572,1414,3637,56319,2959,38819,2552,33861,2406,2201,109,87,208719,13887,142117,11193,118581,12343,11596,455,288,67853,2066,60145,4982,49832,5331,4731,415,164,40686,6757,45083,6454,31318,7311,6372,723,216,145114,16184,115256,13639,85623,15994,14348,1003,622,262587,37404,192047,29677,128620,33750,32018,590,1028,133496,1766,55838,6270,43141,6427,6039,204,182,146626,6039,39187,4152,30732,4303,4099,116,88,21831,7377,22315,2228,17089,2998,2748,144,104,204762,11529,152790,10876,124694,17220,15727,852,637,38839,3620,60738,4265,51386,5087,4426,278,383,120581,11708,96989,12781,70620,13588,12263,553,443,83792,3498,76679,4849,66139,5691,5247,119,324,46485,5109,46878,3387,39224,4267,3783,233,248,147735,2954,76111,5580,65610,4921,4607,170,139,71662,7667,62595,7683,46318,8594,6362,991,431,94524,5439,92661,7430,78053,7178,5977,72,212,206802,7030,93159,4600,84021,4538,4211,123,187,108897,2956,76524,5848,65078,5598,5289,129,178,47583,1321,19580,2480,14586,2514,1724,638,151,89247,8438,86737,11273,62378,13086,11789,832,455,85473,9254,55722,4987,45544,5191,4683,278,228,41081,3910,34222,2931,28404,2887,2404,398,79,5468514,363806,3017280,250551,2486735,279994,252843,12713,12112
2021-08-06,67960,9495,28887,2591,22929,3367,3149,26,189,83423,31335,52847,8858,36980,7009,6397,263,346,83483,1341,50919,2109,46414,2396,2078,178,134,33941,5416,16285,1514,13112,1659,1464,128,67,118695,9960,75844,6626,62718,6500,6180,175,144,22377,2178,18897,1436,15495,1966,1541,154,268,34513,47679,15749,1719,11887,2143,1892,76,175,59323,3440,61371,7728,46467,7176,6005,875,283,2510406,74709,961276,47997,856506,56773,51702,1416,3638,56780,2969,39243,2556,34268,2419,2214,109,87,209962,13892,142624,11203,119064,12357,11608,456,289,68772,2076,60996,5016,50642,5338,4744,414,159,40964,6786,45489,6471,31678,7340,6399,724,217,146346,16205,116364,13685,86594,16085,14432,1005,625,264319,37449,193632,29729,130011,33892,32154,592,1032,134999,1781,56296,6286,43554,6456,6064,205,185,147849,6077,39390,4158,30903,4329,4124,116,89,22159,7389,22771,2244,17516,3011,2758,144,107,206197,11547,154277,10919,126020,17338,15831,855,646,39103,3626,61233,4285,51845,5103,4439,279,385,121082,11766,97539,12800,71094,13645,12315,553,448,84175,3500,77122,4860,66555,5707,5264,119,323,46819,5123,47313,3404,39628,4281,3797,233,248,148877,2956,76922,5595,66379,4948,4634,172,138,72200,7675,63014,7714,46666,8634,6392,996,434,95034,5445,93141,7448,78484,7209,6006,72,214,207839,7042,93937,4610,84772,4555,4225,125,188,109380,2965,77065,5864,65588,5613,5305,129,177,47728,1323,19717,2480,14708,2529,1734,641,153,89820,8463,87762,11328,63264,13170,11869,832,460,85791,9274,55976,4999,45760,5217,4706,278,231,41297,3912,34406,2937,28572,2897,2410,401,81,5501613,364794,3038304,251169,2506073,281062,253832,12741,12160
2021-08-07,68005,9499,28930,2597,22960,3373,3156,26,188,83517,31346,52891,8861,37011,7019,6406,264,346,83598,1341,50993,2116,46477,2400,2081,181,133,33994,5419,16378,1523,13194,1661,1468,128,65,119005,9972,76045,6636,62901,6508,6188,177,143,22478,2183,19067,1445,15652,1970,1551,154,263,34596,47796,15844,1724,11967,2153,1900,76,177,59374,3443,61428,7731,46510,7187,6014,876,284,2517729,74929,964542,48084,859561,56897,51809,1418,3655,56854,2976,39308,2561,34325,2422,2217,109,86,210250,13895,142867,11217,119275,12375,11626,453,292,69043,2085,61231,5044,50833,5354,4757,417,159,41074,6816,45664,6490,31810,7364,6416,727,221,146714,16224,116778,13736,86888,16154,14495,1005,630,264819,37495,194043,29794,130272,33977,32236,594,1033,135565,1786,56456,6301,43670,6485,6087,206,190,147907,6079,39448,4166,30940,4342,4136,117,89,22324,7392,22939,2256,17653,3030,2778,144,106,206616,11554,154825,10958,126460,17407,15906,853,642,39809,3632,61563,4296,52151,5116,4454,279,383,121310,11788,97868,12823,71347,13698,12361,554,455,84295,3502,77280,4865,66686,5729,5284,119,325,46966,5125,47632,3417,39927,4288,3806,232,248,149600,2959,77404,5605,66837,4962,4649,172,137,72444,7686,63279,7754,46864,8661,6413,1001,435,95262,5448,93385,7466,78697,7222,6020,72,213,208307,7045,94358,4628,85171,4559,4231,124,187,109537,2970,77287,5875,65772,5640,5331,130,177,47806,1323,19811,2480,14788,2543,1740,644,158,90113,8473,88303,11389,63686,13228,11919,833,467,85922,9292,56063,5013,45831,5219,4709,277,231,41345,3912,34453,2942,28609,2902,2415,402,80,5516178,365385,3048363,251793,2514725,281845,254559,12764,12198
2021-08-08,68064,9506,28958,2600,22978,3380,3160,26,191,83619,31347,52933,8864,37038,7031,6416,264,348,83654,1341,51033,2123,46505,2405,2085,181,134,34045,5423,16447,1531,13250,1666,1470,129,67,119232,9975,76195,6638,63021,6536,6213,177,146,22623,2192,19296,1457,15852,1987,1560,154,269,34643,47910,15930,1726,12031,2173,1917,76,180,59444,3445,61456,7735,46530,7191,6016,877,285,2521061,74986,966158,48190,860934,57034,51937,1418,3663,56911,2978,39354,2566,34360,2428,2223,109,87,210541,13898,143086,11226,119452,12408,11655,454,295,69351,2096,61638,5069,51199,5370,4766,423,160,41191,6838,45841,6508,31943,7390,6440,728,222,147054,16242,117222,13800,87204,16218,14547,1018,632,265354,37524,194396,29859,130480,34057,32320,593,1031,136084,1789,56627,6317,43786,6524,6126,206,190,147956,6084,39506,4169,30975,4362,4155,117,90,22449,7393,23169,2272,17822,3075,2822,144,107,206981,11556,155289,10990,126788,17511,16005,854,646,40032,3638,61809,4311,52349,5149,4480,283,386,121483,11809,98150,12852,71552,13746,12406,555,457,84403,3502,77419,4879,66804,5736,5295,119,321,47103,5128,47863,3428,40124,4311,3830,233,246,149882,2959,77640,5614,67047,4979,4666,172,137,72665,7692,63461,7794,46996,8671,6426,998,435,95478,5449,93607,7484,78875,7248,6043,73,216,208638,7050,94660,4641,85443,4576,4241,125,193,109679,2974,77481,5891,65931,5659,5349,129,179,47876,1325,19874,2481,14837,2556,1749,646,161,90346,8486,88758,11449,64022,13287,11978,835,464,85986,9302,56131,5025,45880,5226,4713,280,231,41379,3913,34523,2947,28670,2906,2414,405,81,5525207,365750,3055910,252436,2520678,282796,255423,12801,12250
2021-08-09,68317,9519,29115,2603,23121,3391,3170,26,192,84344,31365,53118,8870,37201,7047,6431,264,349,83940,1341,51262,2134,46727,2401,2083,181,132,34221,5453,16675,1542,13466,1667,1471,131,65,120141,9990,76635,6643,63434,6558,6234,177,147,22924,2201,19720,1472,16258,1990,1563,154,269,34833,48129,16139,1729,12220,2190,1928,76,186,59868,3450,61640,7742,46699,7199,6023,878,285,2536447,75417,972193,48289,866718,57186,52082,1421,3668,57354,2993,39744,2569,34742,2433,2228,109,88,211929,13909,143746,11237,120065,12444,11689,455,295,70121,2111,62500,5104,51971,5425,4812,423,168,41553,6879,46333,6525,32386,7422,6467,734,221,148578,16270,118788,13860,88609,16319,14633,1025,638,267276,37610,196072,29930,131992,34150,32411,597,1029,137938,1801,57148,6335,44254,6559,6155,208,194,149407,6116,39790,4173,31234,4383,4174,118,91,22739,7400,23774,2288,18393,3093,2841,144,106,208562,11573,157195,11041,128547,17607,16095,856,650,40708,3647,62454,4338,52943,5173,4504,283,386,121984,11894,98834,12879,72151,13804,12465,555,456,84891,3506,78039,4890,67390,5759,5320,119,319,47459,5149,48405,3443,40636,4326,3846,235,244,151179,2962,78588,5627,67960,5001,4684,173,138,73275,7701,63980,7848,47435,8697,6439,999,447,96088,5456,94097,7509,79324,7264,6060,76,212,209923,7065,95836,4659,86573,4604,4266,125,196,110237,2985,78172,5907,66574,5691,5378,129,181,48090,1326,20045,2483,14996,2566,1758,648,160,91012,8524,89930,11508,65020,13402,12083,835,472,86428,9337,56485,5046,46193,5246,4730,282,231,41621,3914,34799,2956,28936,2907,2416,407,80,5563387,366993,3081251,253179,2544168,283904,256439,12843,12295
2021-08-10,68662,9524,29248,2605,23243,3400,3178,26,193,84983,31375,53276,8876,37335,7065,6440,267,355,84211,1344,51427,2146,46874,2407,2089,182,131,34427,5470,16904,1547,13681,1676,1480,131,65,121008,10005,77114,6656,63878,6580,6253,179,148,23294,2211,20186,1489,16698,1999,1573,155,267,35050,48366,16330,1738,12393,2199,1941,76,182,60245,3452,61777,7752,46819,7206,6028,880,285,2552546,75767,978255,48398,872515,57342,52229,1425,3674,57902,2999,40113,2571,35094,2448,2241,109,89,213121,13922,144448,11250,120723,12475,11718,454,298,71071,2124,63239,5124,52638,5477,4863,423,168,41904,6923,46810,6540,32808,7462,6495,741,226,149954,16290,120173,13916,89845,16412,14704,1030,652,269214,37647,197759,29997,133487,34275,32527,600,1035,139483,1804,57680,6363,44719,6598,6190,210,194,150534,6141,40043,4182,31446,4415,4205,118,92,23098,7406,24267,2318,18848,3101,2850,143,106,210130,11597,159042,11084,130248,17710,16192,857,655,41087,3654,63068,4352,53507,5209,4534,285,390,122481,11985,99479,12908,72704,13867,12519,555,465,85317,3514,78621,4899,67931,5791,5347,119,324,47812,5160,48840,3454,41034,4352,3872,235,244,152387,2973,79487,5641,68828,5018,4698,173,142,73777,7712,64402,7893,47797,8712,6458,998,441,96612,5471,94617,7525,79796,7296,6096,76,208,211325,7080,96994,4666,87684,4644,4297,128,202,110823,3005,78884,5926,67228,5730,5415,129,183,48275,1329,20202,2488,15134,2580,1771,651,158,91650,8539,91048,11568,65966,13514,12183,841,478,86866,9361,56805,5060,46483,5262,4748,279,232,41890,3915,35180,2957,29301,2922,2428,408,81,5601139,368065,3105718,253889,2566685,285144,257562,12883,12363
2021-08-11,68913,9530,29363,2612,23344,3407,3187,26,191,85563,31403,53437,8880,37473,7084,6455,270,356,84463,1344,51592,2154,47028,2410,2090,184,131,34555,5490,17118,1552,13882,1684,1488,131,65,121919,10020,77539,6670,64276,6593,6265,179,149,23620,2213,20651,1498,17128,2025,1589,155,276,35192,48581,16517,1740,12562,2215,1953,76,186,60625,3453,61894,7757,46926,7211,6034,881,283,2567800,76141,983953,48506,877912,57535,52406,1430,3686,58344,3010,40435,2577,35396,2462,2253,110,91,214486,13938,145105,11265,121344,12496,11736,455,299,71835,2145,63925,5152,53270,5503,4884,426,170,42239,6954,47220,6560,33175,7485,6517,742,226,151312,16315,121514,13981,91031,16502,14789,1031,656,270995,37685,199240,30067,134773,34400,32642,602,1042,141040,1810,58169,6386,45152,6631,6222,210,195,152190,6149,40289,4190,31664,4435,4225,118,92,23380,7418,24776,2339,19311,3126,2876,143,105,211726,11630,160685,11133,131785,17767,16242,859,660,41544,3663,63601,4369,53995,5237,4560,286,391,123001,12078,100168,12928,73306,13934,12579,556,470,85762,3518,79182,4909,68472,5801,5356,119,325,48110,5177,49280,3469,41443,4368,3891,235,241,153608,2977,80452,5654,69764,5034,4713,175,141,74297,7724,64762,7926,48100,8736,6478,999,443,97145,5480,95129,7547,80261,7321,6125,76,204,212843,7095,98183,4678,88826,4679,4325,127,210,111433,3029,79530,5941,67831,5758,5442,130,183,48447,1331,20361,2488,15279,2594,1781,655,158,92264,8564,92047,11627,66811,13609,12274,844,481,87200,9384,57103,5074,46746,5283,4772,279,229,42112,3918,35427,2960,29541,2926,2430,409,81,5637963,369167,3128647,254589,2587807,286251,258579,12918,12416
2021-08-12,69211,9533,29494,2617,23455,3422,3205,26,188,86102,31439,53643,8883,37658,7102,6470,270,359,84686,1344,51727,2162,47158,2407,2086,185,132,34841,5508,17304,1560,14057,1687,1494,131,62,122770,10032,77930,6682,64631,6617,6286,179,152,24013,2222,21110,1512,17553,2045,1607,155,278,35327,48792,16681,1744,12705,2232,1964,76,192,60914,3456,62006,7761,47027,7218,6038,883,284,2582507,76347,989222,48590,882915,57717,52567,1440,3696,58811,3017,40784,2584,35723,2477,2268,110,89,215678,13942,145841,11274,122036,12531,11769,457,299,72573,2157,64567,5177,53869,5521,4904,428,166,42648,6995,47736,6581,33637,7518,6547,748,223,152562,16331,122902,14045,92269,16588,14872,1036,654,272663,37719,200623,30132,135967,34524,32765,606,1039,142749,1812,58681,6412,45615,6654,6243,211,196,153737,6167,40516,4193,31855,4468,4257,120,91,23687,7424,25217,2359,19725,3133,2885,143,103,213161,11671,162261,11179,133246,17836,16306,861,662,42120,3671,64118,4390,54455,5273,4589,288,396,123588,12171,100818,12966,73867,13985,12628,558,471,86232,3526,79746,4919,68995,5832,5384,119,328,48481,5189,49672,3482,41808,4382,3899,238,244,154826,2986,81319,5667,70586,5066,4739,176,145,74746,7741,65080,7968,48367,8745,6489,1000,439,97760,5485,95654,7563,80737,7354,6158,77,203,214544,7109,99382,4696,89979,4707,4353,129,208,112043,3058,80053,5968,68321,5764,5446,131,184,48615,1334,20542,2491,15443,2608,1791,658,158,92913,8589,93028,11687,67625,13716,12383,846,476,87602,9424,57396,5086,47009,5301,4789,280,229,42426,3918,35668,2965,29771,2932,2434,410,82,5674536,370109,3150721,255295,2608064,287362,259615,12975,12428
2021-08-13,69516,9535,29619,2622,23570,3427,3208,26,190,86651,31463,53807,8894,37799,7114,6479,272,360,84952,1350,51890,2169,47314,2407,2082,188,133,35125,5523,17566,1568,14300,1698,1502,132,64,123579,10049,78305,6691,64983,6631,6299,179,153,24353,2229,21517,1525,17928,2064,1620,155,284,35489,49016,16874,1754,12876,2244,1977,76,191,61134,3460,62086,7764,47101,7221,6040,884,284,2598135,76937,994239,48701,887708,57830,52661,1448,3706,59258,3029,41126,2591,36038,2497,2288,111,90,217035,13952,146497,11289,122653,12555,11790,456,303,73354,2167,65178,5203,54414,5561,4944,428,166,42957,7023,48134,6596,33981,7557,6583,750,224,153812,16351,124066,14104,93288,16674,14952,1041,656,274313,37741,202017,30188,137192,34637,32878,608,1037,144141,1818,59183,6447,46045,6691,6278,214,195,154986,6178,40698,4200,32012,4486,4273,121,92,24038,7433,25605,2374,20073,3158,2908,143,105,214768,11687,163963,11225,134816,17922,16390,861,664,42449,3679,64614,4407,54916,5291,4606,287,398,124095,12245,101542,13001,74492,14049,12691,560,470,86633,3529,80217,4934,69439,5844,5398,119,326,48800,5203,50089,3497,42200,4392,3911,240,240,155928,2990,82272,5686,71501,5085,4756,177,147,75260,7750,65392,7995,48627,8770,6512,1001,439,98276,5491,96105,7577,81152,7376,6182,77,201,215935,7133,100456,4706,91009,4741,4385,129,210,112592,3074,80662,5982,68891,5789,5468,130,188,48796,1338,20714,2494,15599,2621,1803,659,158,93569,8602,94080,11749,68515,13816,12480,847,477,87935,9462,57688,5099,47270,5319,4803,281,231,42679,3920,35876,2968,29962,2946,2449,408,83,5710543,371357,3172077,256000,2627664,288413,260596,13008,12465
2021-08-14,69575,9540,29647,2626,23584,3437,3218,26,190,86782,31471,53857,8898,37833,7126,6489,273,361,85046,1350,51970,2178,47380,2412,2082,192,132,35189,5530,17657,1579,14377,1701,1501,136,64,123884,10056,78480,6705,65125,6650,6321,178,151,24490,2231,21702,1537,18098,2067,1624,155,283,35546,49180,16963,1763,12947,2253,1986,76,191,61184,3464,62116,7765,47119,7232,6049,884,286,2605415,77048,996755,48803,890018,57934,52744,1457,3719,59320,3029,41180,2595,36081,2504,2296,112,89,217296,13956,146809,11304,122936,12569,11805,458,300,73641,2175,65449,5225,54644,5580,4956,432,169,43046,7045,48321,6628,34125,7568,6594,754,220,154249,16368,124465,14167,93552,16746,15025,1040,657,274693,37767,202394,30261,137424,34709,32943,611,1041,144820,1827,59345,6466,46145,6734,6316,216,199,155039,6179,40759,4208,32049,4502,4288,121,93,24193,7435,25780,2381,20223,3176,2926,143,105,215245,11696,164480,11268,135236,17976,16450,860,660,42564,3684,64937,4424,55200,5313,4628,290,395,124376,12274,101984,13051,74833,14100,12741,561,469,86749,3532,80389,4947,69570,5872,5421,119,331,48986,5210,50317,3507,42398,4412,3929,240,242,156645,2990,82790,5700,71990,5100,4767,179,148,75471,7760,65519,8034,48716,8769,6511,1001,438,98517,5496,96312,7602,81324,7386,6193,77,200,216629,7143,101021,4719,91541,4761,4405,128,211,112785,3079,80957,5998,69139,5820,5497,130,190,48877,1339,20806,2499,15669,2638,1813,665,158,93875,8616,94646,11816,68915,13915,12573,853,479,88034,9478,57798,5110,47348,5340,4819,282,235,42768,3921,35957,2973,30033,2951,2453,408,85,5724929,371869,3181562,256737,2635572,289253,261363,13057,12491
2021-08-15,69662,9545,29671,2627,23599,3445,3226,26,190,86911,31488,53905,8901,37855,7149,6507,273,366,85127,1351,52004,2182,47408,2414,2083,192,133,35258,5536,17770,1583,14473,1714,1511,137,66,124102,10067,78608,6717,65231,6660,6330,178,152,24653,2237,21949,1552,18313,2084,1639,156,285,35597,49267,17026,1774,12993,2259,1989,76,194,61223,3468,62144,7770,47131,7243,6055,885,290,2608348,77107,997909,48911,891000,57998,52804,1464,3716,59381,3031,41246,2605,36131,2510,2300,114,90,217602,13967,147014,11315,123098,12601,11832,459,303,73799,2191,65658,5257,54825,5576,4962,432,160,43181,7067,48557,6651,34293,7613,6633,755,225,154519,16379,124840,14234,93808,16798,15075,1041,656,275045,37779,202716,30322,137602,34792,33021,616,1041,145430,1830,59529,6494,46274,6761,6342,215,201,155119,6180,40843,4217,32095,4531,4317,121,93,24339,7438,25955,2405,20365,3185,2940,143,100,215630,11698,164899,11308,135578,18013,16491,859,659,42715,3687,65120,4448,55347,5325,4636,290,398,124592,12308,102357,13092,75115,14150,12795,561,466,86817,3532,80506,4957,69658,5891,5438,119,333,49176,5223,50489,3523,42529,4437,3957,239,240,156922,2993,83073,5725,72227,5121,4785,177,153,75623,7764,65623,8073,48785,8765,6512,998,437,98747,5497,96504,7612,81484,7408,6215,77,200,217055,7155,101418,4732,91912,4774,4419,126,212,112936,3080,81159,6024,69300,5835,5511,130,191,48935,1340,20900,2500,15746,2654,1819,672,161,94120,8628,95050,11885,69179,13986,12642,854,481,88107,9489,57867,5126,47400,5341,4818,283,236,42807,3921,36029,2977,30098,2954,2456,409,84,5733478,372243,3188338,257499,2640852,289987,262060,13077,12512
2021-08-16,69996,9552,29835,2632,23754,3449,3229,26,191,87608,31510,54157,8912,38070,7175,6532,276,364,85503,1354,52211,2191,47609,2411,2081,194,130,35512,5562,18066,1587,14753,1726,1521,136,69,125002,10076,79070,6730,65672,6668,6337,178,152,24970,2244,22437,1565,18767,2105,1656,156,290,35732,49436,17227,1783,13171,2273,2000,76,197,61501,3477,62259,7775,47236,7248,6061,886,288,2622340,77405,1002907,49011,895763,58133,52924,1471,3723,59824,3037,41586,2613,36453,2520,2307,117,91,218845,13986,147942,11331,123959,12652,11879,464,302,74656,2195,66343,5285,55427,5631,5005,436,168,43521,7122,49098,6672,34784,7642,6664,757,221,155888,16401,126277,14311,95067,16899,15170,1044,660,276942,37811,204322,30402,139043,34877,33101,620,1042,147502,1840,60056,6523,46746,6787,6372,214,199,156372,6193,41086,4231,32306,4549,4335,122,92,24683,7447,26410,2423,20793,3194,2953,143,96,217212,11722,166783,11364,137325,18094,16567,858,663,42973,3704,65683,4466,55859,5358,4666,295,396,125061,12362,103045,13138,75707,14200,12850,561,463,87290,3539,81118,4971,70235,5912,5460,119,332,49536,5239,50962,3540,42969,4453,3971,239,242,158142,2996,84030,5736,73137,5157,4815,178,158,76163,7772,65955,8104,49067,8784,6536,996,433,99391,5507,97035,7634,81973,7428,6236,77,199,218771,7199,102850,4750,93284,4816,4453,128,218,113632,3106,81894,6043,69977,5874,5548,130,193,49102,1340,21084,2504,15919,2661,1823,674,162,94798,8667,96093,11954,70056,14083,12734,853,487,88513,9540,58265,5140,47765,5360,4840,282,234,43102,3933,36349,2980,30392,2977,2477,411,84,5770083,373274,3212435,258301,2663038,291096,263103,13117,12539
2021-08-17,70388,9559,30017,2637,23923,3457,3236,26,192,88245,31538,54343,8918,38224,7201,6556,277,365,85814,1359,52367,2196,47758,2413,2083,195,129,35859,5577,18329,1596,15000,1733,1531,135,67,126007,10088,79527,6735,66099,6693,6362,178,152,25289,2246,22892,1582,19186,2124,1676,158,287,35960,49653,17433,1794,13358,2281,2011,76,194,61760,3486,62360,7778,47320,7262,6075,887,287,2637119,77662,1007549,49109,900186,58254,53036,1476,3726,60262,3047,41893,2624,36742,2527,2314,118,91,220066,14007,148702,11346,124666,12690,11912,466,303,75406,2205,66907,5305,55946,5656,5025,436,173,43881,7157,49565,6702,35194,7669,6683,761,224,157077,16422,127395,14366,96052,16977,15247,1043,664,278506,37852,205653,30466,140184,35003,33230,621,1040,149456,1852,60532,6549,47166,6817,6400,215,199,157999,6204,41280,4250,32450,4580,4364,123,93,25000,7465,26797,2445,21141,3211,2968,143,98,218788,11752,168517,11417,138926,18174,16643,858,666,43253,3722,66195,4491,56325,5379,4683,302,393,125526,12416,103833,13179,76366,14288,12930,562,470,87720,3548,81684,4979,70776,5929,5477,119,332,49875,5256,51325,3547,43300,4478,3993,240,244,159181,3001,84985,5752,74046,5187,4845,176,162,76609,7782,66250,8132,49315,8803,6550,1002,432,100036,5513,97585,7653,82475,7457,6262,77,202,220148,7223,104095,4765,94475,4855,4491,128,219,114334,3137,82530,6060,70562,5908,5580,130,195,49291,1346,21244,2509,16065,2670,1827,679,162,95410,8697,97124,12022,70902,14200,12851,854,486,89029,9582,58640,5151,48104,5385,4857,285,239,43378,3936,36579,2989,30608,2982,2481,412,84,5806672,374290,3234127,259044,2682840,292243,264179,13158,12570
2021-08-18,70659,9564,30163,2641,24054,3468,3247,26,192,88836,31556,54545,8925,38403,7217,6567,279,368,86131,1362,52542,2201,47925,2416,2081,197,132,36127,5592,18644,1604,15296,1744,1542,135,67,126870,10091,79893,6749,66429,6715,6384,178,152,25653,2247,23335,1595,19604,2136,1690,159,284,36123,49883,17599,1809,13501,2289,2021,76,192,61981,3489,62454,7782,47402,7270,6082,887,288,2650713,77970,1012030,49207,904442,58381,53160,1480,3726,60702,3049,42192,2634,37022,2536,2322,118,91,221185,14025,149401,11365,125311,12725,11946,468,301,76050,2219,67379,5334,56382,5663,5039,437,165,44227,7206,50021,6726,35580,7715,6721,767,227,158263,16439,128572,14451,97065,17056,15323,1046,665,279803,37884,206794,30561,141145,35088,33307,628,1041,151475,1856,61006,6577,47574,6855,6439,214,198,159557,6212,41537,4266,32674,4597,4376,124,97,25315,7492,27096,2461,21417,3218,2976,143,97,220358,11765,170176,11480,140439,18257,16721,858,672,43553,3729,66690,4511,56734,5445,4738,307,399,126080,12466,104588,13218,76995,14375,13007,566,476,88184,3551,82265,4990,71318,5957,5501,119,336,50145,5271,51666,3566,43606,4494,4008,240,245,160343,3007,85883,5774,74894,5215,4867,177,167,77068,7789,66509,8157,49529,8823,6570,1007,426,100670,5520,98045,7674,82882,7489,6288,77,208,221563,7246,105330,4797,95659,4874,4518,127,212,115070,3165,83199,6087,71171,5941,5617,130,191,49477,1347,21445,2510,16246,2689,1839,683,163,95984,8720,98121,12096,71725,14300,12945,853,492,89405,9615,58974,5169,48407,5398,4869,286,239,43637,3939,36792,2997,30810,2985,2485,414,84,5841207,375266,3254886,259914,2701641,293331,265196,13206,12593
2021-08-19,70862,9568,30309,2644,24179,3486,3264,26,193,89314,31572,54736,8930,38571,7235,6580,280,372,86434,1365,52675,2204,48051,2420,2087,196,132,36369,5619,18851,1608,15484,1759,1555,136,68,127610,10104,80271,6760,66772,6739,6406,179,153,26048,2250,23754,1611,19998,2145,1697,160,286,36309,50059,17767,1818,13653,2296,2026,76,194,62146,3491,62549,7785,47487,7277,6088,887,289,2664180,78264,1016179,49294,908405,58480,53256,1479,3729,61118,3055,42400,2644,37217,2539,2326,117,92,222408,14036,150158,11378,126018,12762,11978,472,303,76721,2226,67864,5360,56825,5679,5058,443,157,44527,7263,50475,6748,35989,7738,6745,768,225,159457,16458,129595,14513,97958,17124,15386,1048,670,281126,37917,208025,30629,142193,35203,33421,626,1044,153105,1861,61434,6606,47946,6882,6458,214,204,161201,6231,41723,4280,32831,4612,4388,125,99,25593,7511,27398,2480,21681,3237,2996,143,96,221743,11770,171577,11539,141689,18349,16808,860,674,43836,3733,67230,4535,57222,5473,4757,310,405,126581,12540,105314,13253,77605,14456,13081,567,482,88634,3553,82829,5003,71847,5979,5518,119,341,50348,5275,51877,3577,43800,4500,4015,240,244,161415,3012,86701,5791,75679,5231,4880,176,170,77550,7800,66756,8184,49723,8849,6586,1012,430,101339,5542,98474,7695,83275,7504,6304,77,207,222902,7264,106398,4814,96678,4906,4544,127,218,115686,3179,83733,6110,71666,5957,5629,134,191,49638,1349,21643,2515,16430,2698,1844,686,163,96549,8743,98946,12182,72382,14382,13027,857,488,89493,9625,59115,5185,48508,5422,4891,287,240,43907,3939,36967,3006,30973,2988,2487,415,85,5874149,376174,3273723,260681,2718735,294307,266086,13242,12644
2021-08-20,71164,9578,30439,2649,24295,3495,3273,26,193,89782,31585,54912,8940,38734,7238,6580,281,374,86772,1367,52794,2208,48167,2419,2086,195,133,36588,5634,19027,1613,15645,1769,1562,137,70,128503,10126,80621,6770,67102,6749,6415,179,154,26391,2252,24152,1626,20354,2172,1723,159,288,36491,50191,17914,1829,13780,2305,2032,76,197,62357,3496,62643,7786,47574,7283,6092,887,291,2677661,78472,1020157,49393,912171,58593,53380,1477,3722,61530,3058,42629,2655,37427,2547,2333,117,92,223586,14066,150845,11393,126663,12789,12005,472,303,77387,2243,68295,5391,57191,5713,5088,447,157,44785,7297,50848,6763,36317,7768,6773,768,227,160505,16473,130484,14582,98729,17173,15437,1051,666,282361,37949,209067,30693,143089,35285,33502,627,1044,154561,1873,61862,6625,48302,6935,6502,215,212,162969,6255,41857,4292,32952,4613,4390,124,99,25847,7527,27673,2497,21930,3246,3005,143,96,223098,11774,172976,11595,142946,18435,16894,861,673,44116,3740,67720,4562,57668,5490,4767,310,413,127093,12587,105982,13295,78138,14549,13168,568,486,88989,3555,83353,5013,72331,6009,5545,119,344,50589,5293,52144,3588,44038,4518,4031,240,246,162477,3012,87485,5814,76427,5244,4893,176,172,77995,7813,67002,8206,49939,8857,6594,1012,429,101896,5549,98908,7716,83671,7521,6324,78,203,224110,7276,107326,4830,97553,4943,4573,128,225,116328,3224,84330,6137,72218,5975,5648,134,190,49795,1352,21833,2520,16600,2713,1855,690,164,97055,8760,99742,12249,73027,14466,13114,856,486,89856,9655,59454,5195,48817,5442,4909,287,242,44150,3942,37130,3010,31118,3002,2498,415,88,5906787,376974,3291604,261435,2734913,295256,266991,13255,12679
2021-08-21,71240,9590,30473,2651,24321,3501,3278,26,194,89881,31590,54966,8948,38767,7251,6593,281,374,86889,1368,52851,2212,48219,2420,2088,195,132,36661,5637,19102,1627,15706,1769,1562,137,70,128768,10132,80817,6785,67265,6767,6434,179,153,26534,2252,24330,1651,20498,2181,1736,162,281,36568,50291,17999,1837,13845,2317,2041,76,200,62412,3499,62696,7792,47618,7286,6095,887,291,2682691,78565,1021951,49475,913795,58681,53460,1480,3726,61575,3059,42671,2667,37459,2545,2330,118,93,223925,14069,151102,11408,126888,12806,12021,472,303,77609,2246,68459,5413,57319,5727,5103,449,153,44853,7309,50990,6782,36422,7786,6788,773,225,160834,16485,130846,14662,98953,17231,15494,1051,666,282634,37963,209368,30754,143241,35373,33585,633,1043,155198,1876,62030,6666,48417,6947,6513,217,212,163033,6257,41929,4299,33000,4630,4400,125,105,25978,7544,27785,2512,22028,3245,3004,143,96,223531,11778,173420,11648,143274,18498,16957,857,675,44416,3747,67987,4579,57904,5504,4775,313,416,127261,12613,106265,13338,78341,14586,13203,569,487,89091,3556,83507,5028,72455,6024,5557,119,346,50792,5297,52346,3608,44216,4522,4041,240,241,163055,3013,87823,5846,76741,5236,4887,176,170,78180,7818,67131,8239,50043,8849,6595,1010,422,102169,5551,99113,7735,83840,7538,6338,78,206,224824,7286,107873,4848,98068,4957,4592,128,220,116544,3240,84568,6161,72413,5994,5670,133,188,49880,1353,21927,2525,16685,2717,1859,690,165,97256,8764,100164,12324,73337,14503,13154,856,483,89976,9665,59577,5205,48912,5460,4921,287,248,44189,3942,37185,3018,31156,3011,2507,415,88,5918447,377355,3299251,262243,2741146,295862,267581,13275,12672
2021-08-22,71306,9597,30500,2657,24339,3504,3280,26,195,89994,31598,55033,8957,38814,7262,6603,280,376,86972,1371,52891,2217,48251,2423,2091,195,132,36740,5648,19205,1629,15788,1788,1578,138,72,128994,10132,80948,6792,67375,6781,6445,180,155,26697,2254,24542,1666,20686,2190,1745,162,281,36657,50374,18058,1847,13886,2325,2047,76,202,62453,3500,62725,7793,47628,7304,6112,888,291,2685449,78611,1022956,49552,914615,58789,53557,1479,3738,61607,3063,42716,2675,37491,2550,2336,118,93,224197,14082,151343,11425,127075,12843,12051,474,306,77731,2253,68577,5441,57399,5737,5112,451,152,44927,7322,51147,6802,36525,7820,6817,774,229,161114,16492,131175,14735,99157,17283,15546,1058,660,282859,37977,209599,30818,143377,35404,33617,633,1042,155639,1878,62148,6692,48492,6964,6535,218,207,163090,6259,42001,4309,33045,4647,4414,127,106,26076,7544,27915,2527,22132,3256,3014,143,97,223835,11781,173750,11693,143526,18531,16995,857,670,44492,3756,68245,4607,58126,5512,4791,310,411,127400,12635,106519,13383,78507,14629,13238,571,493,89148,3557,83617,5052,72532,6033,5568,119,344,50952,5305,52521,3617,44370,4534,4050,241,243,163277,3014,88005,5863,76885,5257,4907,175,172,78340,7823,67219,8263,50099,8857,6606,1010,419,102421,5557,99276,7751,83964,7561,6359,78,208,225278,7300,108284,4865,98445,4974,4606,127,224,116715,3246,84777,6181,72579,6017,5694,132,189,49946,1354,22005,2527,16742,2736,1876,692,165,97499,8771,100549,12384,73593,14572,13225,854,482,90063,9687,59673,5220,48987,5466,4924,290,248,44249,3943,37235,3028,31195,3012,2510,415,86,5926117,377684,3305154,262968,2745625,296561,268249,13291,12688
2021-08-23,71635,9605,30710,2659,24536,3515,3291,26,195,90686,31617,55300,8965,39049,7286,6621,281,381,87282,1375,53069,2223,48412,2434,2099,194,136,36972,5664,19497,1643,16058,1796,1589,138,69,129908,10138,81319,6801,67708,6810,6474,182,153,27012,2256,24938,1681,21052,2205,1762,163,278,36867,50606,18256,1857,14067,2332,2055,76,201,62788,3504,62831,7796,47724,7311,6119,889,290,2697053,79098,1027051,49653,918502,58896,53648,1481,3752,62053,3074,42957,2685,37714,2558,2344,119,93,225487,14107,152195,11446,127865,12884,12088,474,308,78372,2263,69034,5471,57811,5752,5126,451,153,45254,7356,51583,6832,36910,7841,6839,774,228,162458,16509,132410,14792,100242,17376,15630,1059,667,284230,38012,210859,30902,144475,35482,33694,634,1042,157080,1891,62614,6721,48901,6992,6560,218,210,164061,6273,42254,4321,33253,4680,4443,129,108,26366,7559,28222,2543,22419,3260,3017,143,98,225060,11788,175334,11763,144956,18615,17077,857,672,44790,3764,68759,4630,58590,5539,4819,310,410,127875,12733,107245,13421,79093,14731,13331,577,496,89628,3560,84216,5063,73090,6063,5592,119,351,51317,5322,52856,3634,44677,4545,4060,241,244,164360,3018,88828,5891,77658,5279,4926,175,174,78812,7834,67503,8300,50329,8874,6630,1009,414,103127,5566,99843,7775,84475,7593,6391,77,207,226887,7316,109800,4888,99913,4999,4632,129,221,117372,3272,85479,6206,73240,6033,5706,133,192,50128,1359,22177,2532,16895,2750,1881,698,167,98053,8799,101519,12462,74411,14646,13303,854,478,90501,9729,60090,5234,49374,5482,4936,292,250,44536,3949,37476,3035,31425,3016,2514,414,87,5958010,378916,3326224,263825,2764824,297575,269197,13316,12725
2021-08-24,72007,9622,30835,2669,24641,3525,3301,26,195,91338,31636,55492,8969,39215,7308,6635,282,388,87626,1377,53185,2229,48518,2438,2103,194,137,37168,5673,19740,1653,16279,1808,1600,138,70,130680,10152,81647,6808,68013,6826,6489,182,154,27348,2256,25339,1702,21423,2214,1774,165,273,37095,50840,18415,1866,14207,2342,2067,76,199,63066,3505,62933,7802,47811,7320,6123,892,292,2708500,79560,1031131,49748,922364,59019,53761,1486,3758,62438,3084,43168,2689,37907,2572,2354,120,95,226739,14131,152966,11471,128590,12905,12114,473,306,78940,2274,69416,5497,58154,5765,5135,457,152,45533,7380,51965,6850,37240,7875,6870,775,229,163658,16524,133459,14863,101142,17454,15708,1058,669,285438,38034,211889,30971,145363,35555,33757,637,1049,158245,1896,63029,6755,49254,7020,6585,219,213,165326,6297,42449,4336,33416,4697,4457,132,108,26618,7577,28495,2565,22660,3270,3026,144,97,226285,11796,176763,11819,146242,18702,17159,859,676,45142,3768,69304,4647,59101,5556,4836,310,410,128297,12818,107893,13474,79622,14797,13393,582,494,90113,3562,84762,5075,73600,6087,5614,119,352,51568,5337,53153,3645,44951,4557,4073,242,242,165362,3021,89502,5915,78288,5299,4941,177,178,79301,7839,67733,8318,50527,8888,6635,1015,417,103819,5571,100306,7797,84900,7609,6412,77,202,228274,7331,111024,4913,101079,5032,4669,130,216,118038,3294,86107,6226,73814,6067,5737,136,192,50277,1362,22366,2535,17065,2766,1890,702,170,98552,8818,102309,12537,75028,14744,13399,858,477,90894,9764,60451,5249,49702,5500,4957,291,248,44800,3949,37653,3042,31587,3024,2520,414,89,5988485,380048,3344879,264635,2781703,298541,270094,13368,12747
2021-08-25,72336,9626,30976,2674,24766,3536,3311,26,196,91819,31692,55706,8979,39407,7320,6651,282,384,87896,1380,53314,2237,48636,2441,2104,194,139,37410,5691,19963,1661,16481,1821,1614,138,69,131452,10155,82047,6814,68382,6851,6515,182,153,27694,2256,25696,1719,21754,2223,1783,166,272,37267,51088,18537,1875,14311,2351,2073,76,202,63312,3510,63028,7806,47899,7323,6124,892,294,2719213,80170,1034722,49822,925757,59143,53877,1487,3766,62834,3099,43362,2700,38079,2583,2368,120,91,228086,14151,153688,11486,129251,12951,12158,476,304,79535,2283,69773,5519,58468,5786,5155,458,152,45793,7404,52325,6879,37558,7888,6879,776,232,164876,16531,134446,14919,102017,17510,15765,1059,669,286464,38059,212762,31037,146101,35624,33825,636,1051,159558,1908,63417,6786,49578,7053,6613,220,217,166418,6302,42640,4347,33579,4714,4477,132,105,26855,7593,28720,2577,22854,3289,3045,144,97,227462,11808,178014,11884,147357,18773,17229,860,676,45462,3772,69687,4669,59409,5609,4883,311,415,128675,12885,108538,13523,80133,14882,13481,582,491,90514,3566,85249,5089,74042,6118,5646,119,351,51873,5340,53453,3650,45226,4577,4085,243,249,166231,3023,90173,5932,78918,5323,4966,177,177,79700,7846,67923,8339,50687,8897,6643,1019,414,104503,5580,100758,7822,85301,7635,6436,77,205,229571,7346,112062,4926,102064,5072,4704,131,220,118643,3314,86783,6248,74440,6095,5765,136,192,50416,1364,22531,2541,17212,2778,1897,705,172,98968,8830,103051,12613,75622,14816,13457,862,484,91285,9800,60813,5255,50027,5531,4986,291,250,44993,3950,37828,3049,31744,3035,2527,416,91,6017114,381322,3361985,265377,2797060,299548,271042,13393,12780
2021-08-26,72602,9630,31098,2682,24864,3552,3326,26,197,92239,31763,55878,8988,39551,7339,6667,283,386,88213,1383,53457,2243,48771,2443,2107,195,137,37612,5708,20148,1675,16644,1829,1622,138,69,132108,10170,82367,6826,68668,6873,6538,181,153,28005,2258,26048,1735,22084,2229,1787,166,274,37424,51319,18647,1881,14408,2358,2080,76,202,63515,3511,63115,7808,47975,7332,6133,892,295,2729968,80392,1038226,49915,929069,59242,53967,1493,3769,63277,3101,43530,2707,38235,2588,2370,119,94,229208,14176,154388,11509,129895,12984,12180,482,308,80078,2289,70146,5549,58799,5798,5171,459,147,45998,7425,52627,6896,37807,7924,6902,779,242,165939,16542,135396,14980,102849,17567,15802,1065,683,287349,38092,213654,31107,146858,35689,33888,636,1053,160862,1916,63778,6822,49888,7068,6631,221,213,167686,6309,42805,4353,33716,4736,4494,137,105,27093,7607,28953,2591,23059,3303,3057,146,97,228708,11816,179244,11935,148476,18833,17290,860,674,45722,3778,70016,4695,59693,5628,4898,312,418,129072,12948,109194,13566,80663,14965,13564,581,491,90897,3566,85753,5104,74513,6136,5662,119,353,52138,5349,53657,3659,45413,4585,4093,244,248,167223,3023,90730,5945,79440,5345,4985,177,180,80092,7853,68092,8360,50824,8908,6662,1015,410,105093,5586,101129,7847,85621,7661,6460,77,207,230909,7365,113156,4938,103108,5110,4730,133,230,119245,3331,87311,6269,74929,6113,5785,135,191,50558,1364,22703,2552,17370,2781,1900,703,174,99345,8842,103768,12702,76210,14856,13487,862,494,91633,9828,61156,5269,50339,5548,4998,292,254,45200,3953,37972,3055,31870,3047,2539,418,90,6045011,382193,3378142,266163,2811609,300370,271775,13422,12838
2021-08-27,72856,9644,31229,2688,24982,3559,3332,26,198,92530,31819,56019,8996,39668,7355,6680,284,388,88494,1385,53553,2248,48863,2442,2108,195,135,37811,5725,20304,1682,16782,1840,1633,139,68,132762,10176,82665,6838,68942,6885,6546,184,154,28347,2259,26350,1750,22367,2233,1791,166,274,37620,51536,18763,1885,14512,2366,2088,76,202,63660,3514,63177,7809,48029,7339,6139,892,296,2739943,80569,1041956,49984,932616,59356,54066,1495,3784,63558,3114,43734,2714,38428,2592,2378,120,90,230266,14186,155058,11528,130512,13018,12214,480,310,80317,2289,70351,5571,58975,5805,5175,459,150,46254,7453,52914,6914,38048,7952,6929,781,241,166930,16553,136263,15048,103580,17635,15853,1074,691,288099,38130,214408,31165,147507,35736,33934,637,1053,162072,1927,64101,6849,50158,7094,6659,222,210,169073,6316,42979,4362,33867,4750,4510,136,104,27298,7620,29195,2606,23283,3306,3060,146,97,230008,11824,180407,11983,149517,18907,17364,860,675,45927,3790,70335,4710,59981,5644,4912,313,419,129385,13018,109807,13609,81150,15048,13642,581,496,91325,3574,86233,5115,74968,6150,5671,119,358,52413,5359,53856,3669,45588,4599,4104,245,250,168161,3025,91320,5971,79988,5361,5004,177,177,80473,7860,68281,8386,50981,8914,6670,1018,405,105636,5590,101532,7873,85988,7671,6468,77,209,232142,7381,114227,4960,104131,5136,4763,132,224,119881,3352,87843,6284,75415,6144,5813,136,193,50702,1366,22839,2557,17489,2793,1907,706,176,99745,8876,104468,12786,76782,14900,13526,867,495,92005,9864,61478,5291,50632,5555,5010,292,249,45400,3955,38133,3057,32015,3061,2551,418,92,6071093,383049,3393778,266888,2825744,301146,272500,13453,12863
2021-08-28,72929,9648,31252,2697,24996,3559,3334,26,196,92581,31826,56080,9004,39704,7372,6695,284,390,88599,1385,53590,2254,48893,2443,2112,195,132,37875,5728,20397,1693,16860,1844,1636,140,68,132985,10180,82798,6848,69050,6900,6558,188,153,28473,2259,26474,1767,22475,2232,1790,166,274,37671,51713,18822,1894,14558,2370,2097,76,197,63696,3518,63203,7817,48045,7341,6142,891,296,2745001,80774,1043900,50064,934409,59427,54108,1497,3809,63634,3116,43757,2719,38442,2596,2382,121,90,230564,14188,155323,11549,130742,13032,12229,479,310,80421,2291,70461,5589,59072,5800,5174,460,145,46334,7462,53051,6938,38141,7972,6949,782,240,167248,16556,136581,15098,103778,17705,15915,1078,696,288327,38150,214669,31227,147650,35792,33988,637,1055,162522,1929,64225,6881,50236,7108,6676,221,209,169173,6318,43065,4371,33929,4765,4524,136,105,27405,7629,29276,2615,23353,3308,3061,146,98,230404,11830,180771,12028,149797,18946,17412,861,667,46002,3800,70550,4729,60162,5659,4927,313,419,129561,13061,110120,13659,81340,15121,13712,583,497,91413,3575,86370,5131,75079,6160,5682,119,357,52584,5371,53974,3680,45685,4609,4115,244,250,168705,3027,91645,5988,80280,5377,5020,177,178,80651,7864,68395,8398,51074,8923,6683,1016,403,105969,5595,101673,7897,86103,7673,6472,77,207,232722,7387,114687,4983,104564,5140,4774,132,217,120109,3361,88089,6303,75622,6164,5835,136,191,50773,1366,22932,2561,17562,2809,1921,708,176,100001,8886,104894,12878,77082,14934,13560,867,495,92118,9879,61609,5297,50731,5581,5034,294,249,45471,3955,38181,3066,32045,3070,2560,416,94,6081921,383627,3400814,267623,2831459,301732,273077,13466,12863
2021-08-29,72976,9651,31283,2709,25016,3558,3333,26,196,92624,31831,56114,9013,39723,7378,6698,284,393,88664,1385,53621,2255,48922,2444,2113,196,131,37930,5730,20464,1700,16916,1848,1640,141,67,133128,10185,82896,6862,69123,6911,6570,188,153,28568,2259,26615,1778,22593,2244,1804,166,272,37746,51817,18872,1899,14592,2381,2101,76,204,63748,3519,63223,7820,48054,7349,6147,891,299,2747295,80825,1044741,50155,935114,59472,54158,1497,3806,63666,3119,43786,2725,38456,2605,2389,122,90,230840,14192,155642,11571,131020,13051,12243,482,311,80546,2295,70571,5615,59157,5799,5170,463,145,46382,7481,53194,6955,38240,7999,6972,786,240,167490,16565,136826,15154,103939,17733,15936,1082,698,288840,38186,214879,31280,147771,35828,34025,638,1053,162887,1931,64338,6906,50304,7128,6697,220,209,169230,6322,43118,4385,33952,4781,4538,136,107,27459,7632,29336,2629,23398,3309,3062,146,98,230682,11835,181074,12076,150027,18971,17441,860,665,46078,3802,70695,4744,60281,5670,4936,316,418,129700,13084,110380,13725,81501,15154,13744,584,497,91478,3576,86493,5147,75168,6178,5703,119,354,52723,5376,54100,3691,45786,4623,4128,244,251,168863,3029,91796,6017,80406,5373,5020,177,174,80769,7868,68446,8417,51107,8922,6685,1015,400,106165,5596,101793,7923,86205,7665,6469,77,202,232947,7391,114943,5002,104785,5156,4788,134,217,120274,3370,88285,6323,75775,6187,5860,136,189,50819,1366,22982,2567,17593,2822,1928,712,176,100185,8901,105211,12949,77296,14966,13585,873,495,92172,9895,61690,5313,50787,5590,5041,298,247,45493,3955,38220,3072,32077,3071,2564,415,92,6088367,383969,3405627,268377,2835084,302166,273488,13500,12849
2021-08-30,73314,9659,31470,2714,25181,3575,3350,26,196,92963,31938,56306,9024,39895,7387,6709,285,390,89036,1386,53774,2258,49070,2446,2114,199,129,38204,5745,20702,1706,17130,1866,1657,142,67,133744,10193,83294,6884,69485,6925,6583,189,153,28866,2261,26933,1794,22890,2249,1810,167,270,37897,52131,19005,1906,14709,2390,2109,76,205,64070,3530,63335,7825,48153,7357,6153,894,298,2757577,81026,1048265,50238,938448,59579,54252,1498,3819,63978,3124,44004,2735,38658,2611,2397,121,89,232240,14200,156642,11584,131961,13097,12282,487,313,81014,2301,70813,5634,59366,5813,5184,464,144,46614,7511,53549,6977,38541,8031,7004,789,237,168656,16585,137896,15215,104902,17779,15975,1086,701,290565,38462,215912,31345,148686,35881,34073,640,1056,164007,1937,64715,6934,50623,7158,6724,221,211,170308,6325,43299,4391,34095,4813,4566,140,107,27702,7645,29571,2636,23615,3320,3072,146,99,231988,11851,182513,12124,151340,19049,17523,860,662,46334,3807,71114,4764,60672,5678,4945,315,418,130063,13171,110951,13774,81967,15210,13796,585,500,91853,3580,87018,5161,75658,6199,5718,123,356,53025,5389,54336,3704,45996,4636,4141,244,251,169753,3041,92399,6037,80977,5385,5033,176,174,81015,7872,68563,8432,51200,8931,6691,1019,399,106818,5604,102270,7946,86635,7689,6494,77,201,234169,7420,116239,5019,106038,5182,4809,133,223,120933,3384,88908,6340,76357,6211,5883,137,189,50979,1368,23136,2578,17738,2820,1927,712,176,100658,8933,105986,13026,77920,15040,13653,876,498,92588,9942,62066,5326,51120,5620,5065,301,250,45700,3955,38379,3083,32214,3082,2572,419,91,6116631,385276,3423363,269114,2851240,303009,274264,13547,12872
2021-08-31,73606,9670,31586,2727,25288,3571,3346,26,196,93207,32033,56434,9038,40009,7387,6711,285,388,89330,1386,53870,2263,49160,2447,2115,199,129,38386,5756,20919,1712,17329,1878,1670,142,66,134429,10201,83669,6898,69823,6948,6606,190,152,29201,2262,27214,1809,23140,2265,1822,170,271,38044,52438,19125,1910,14812,2403,2116,76,211,64319,3533,63424,7831,48234,7359,6153,895,299,2766526,81156,1051105,50319,941123,59663,54326,1501,3825,64281,3131,44196,2740,38834,2622,2405,121,91,233553,14214,157473,11599,132732,13142,12322,490,315,81335,2303,71046,5652,59574,5820,5192,462,145,46833,7533,53877,7000,38834,8043,7015,792,235,169846,16599,138882,15276,105753,17853,16042,1088,705,291829,38986,216887,31399,149560,35928,34114,641,1061,165037,1941,65056,6964,50908,7184,6748,222,212,171277,6387,43435,4401,34198,4836,4586,139,111,27904,7658,29770,2649,23796,3325,3077,146,99,233222,11864,183664,12192,152367,19105,17581,861,659,46627,3820,71546,4781,61071,5694,4956,315,423,130369,13235,111564,13832,82452,15280,13872,585,495,92194,3580,87493,5174,76095,6224,5740,123,360,53333,5397,54563,3717,46200,4646,4150,244,252,170500,3043,92933,6069,81477,5387,5039,176,170,81294,7877,68733,8452,51339,8942,6700,1017,403,107358,5608,102617,7964,86951,7702,6508,77,200,235522,7441,117464,5037,107213,5214,4837,135,225,121545,3405,89496,6365,76893,6238,5908,138,189,51143,1371,23299,2585,17887,2827,1930,714,176,101041,8951,106641,13088,78452,15101,13708,878,501,92964,9997,62473,5339,51483,5651,5088,304,255,45880,3957,38516,3089,32341,3086,2575,420,91,6141935,386733,3438970,269871,2865328,303771,274958,13572,12910
2021-09-01,73819,9677,31687,2733,25375,3579,3351,26,199,93465,32123,56570,9046,40124,7400,6726,285,386,89599,1387,53961,2267,49247,2447,2117,199,127,38553,5762,21113,1724,17501,1888,1679,142,67,135077,10210,84046,6913,70171,6962,6618,190,154,29456,2263,27535,1818,23435,2282,1839,171,270,38224,52653,19238,1914,14916,2408,2120,77,211,64572,3534,63506,7833,48311,7362,6156,895,299,2775681,81525,1053806,50398,943672,59736,54407,1504,3812,64506,3137,44388,2751,39008,2629,2411,122,92,234575,14224,158188,11613,133388,13187,12364,492,315,81766,2308,71341,5667,59844,5830,5203,463,143,47061,7554,54171,7030,39068,8073,7040,794,238,170983,16613,139754,15352,106524,17878,16076,1092,691,293354,39699,217753,31445,150336,35972,34156,646,1058,165980,1945,65352,7002,51153,7197,6758,222,215,172254,6392,43593,4409,34321,4863,4615,138,110,28153,7670,29982,2657,23993,3332,3084,146,98,234244,11885,184699,12229,153300,19170,17639,863,664,46873,3833,71951,4799,61435,5717,4977,315,425,130723,13301,112108,13879,82886,15343,13922,586,506,92481,3584,87945,5187,76515,6243,5756,123,363,53611,5410,54761,3731,46381,4649,4159,244,246,171333,3044,93427,6085,81935,5407,5059,176,171,81593,7889,68890,8464,51471,8955,6710,1020,403,107806,5612,103001,7986,87294,7721,6529,77,198,236836,7451,118592,5049,108293,5250,4863,138,232,122212,3420,90097,6388,77440,6269,5936,140,190,51279,1372,23438,2590,18016,2832,1932,718,176,101434,9006,107276,13155,78943,15178,13781,876,507,93350,10028,62846,5349,51832,5665,5103,304,254,46044,3957,38632,3098,32440,3094,2580,422,92,6166897,388468,3453647,270561,2878568,304518,275666,13606,12912
2021-09-02,74052,9681,31837,2736,25510,3591,3363,26,199,93711,32195,56716,9056,40245,7415,6741,285,386,89917,1389,54053,2273,49336,2444,2116,199,125,38733,5773,21289,1733,17665,1891,1681,141,69,135758,10215,84411,6930,70506,6975,6631,190,154,29696,2266,27790,1832,23658,2300,1857,171,270,38447,52862,19334,1918,14995,2421,2131,77,213,64810,3537,63609,7836,48400,7373,6166,894,301,2783685,82012,1056578,50485,946295,59798,54455,1508,3821,64758,3140,44567,2756,39172,2639,2418,124,93,235495,14229,158939,11630,134095,13214,12387,494,317,82197,2311,71593,5683,60067,5843,5213,466,143,47254,7574,54434,7051,39284,8099,7062,797,238,172064,16629,140668,15400,107330,17938,16124,1096,699,295130,40053,218520,31491,151022,36007,34183,651,1061,166867,1947,65666,7023,51404,7239,6798,223,215,173097,6399,43739,4419,34439,4881,4634,137,110,28381,7686,30143,2678,24142,3323,3079,146,95,235114,11893,185526,12278,154022,19226,17688,862,671,47091,3843,72311,4815,61738,5758,5017,319,422,131036,13366,112635,13925,83296,15414,13997,586,502,92817,3587,88369,5197,76899,6273,5786,123,363,53889,5430,54923,3747,46525,4651,4163,243,245,172160,3048,93861,6107,82342,5412,5061,176,174,81888,7895,69035,8474,51590,8971,6720,1022,407,108249,5616,103366,8004,87625,7737,6546,77,197,238255,7470,119559,5062,109211,5286,4895,139,235,122771,3442,90616,6414,77924,6278,5949,140,186,51411,1373,23597,2595,18152,2850,1944,725,174,101859,9027,107931,13220,79489,15222,13833,873,501,93782,10058,63173,5359,52129,5685,5124,304,253,46256,3957,38762,3106,32559,3097,2583,422,92,6190630,389903,3467550,271233,2891066,305251,276345,13636,12931
2021-09-03,74250,9682,31960,2740,25621,3599,3371,26,199,93962,32269,56848,9067,40356,7425,6752,285,385,90235,1391,54111,2277,49391,2443,2114,198,126,38845,5779,21395,1744,17760,1891,1681,141,69,136395,10225,84758,6939,70823,6996,6652,190,154,29949,2268,28051,1848,23900,2303,1860,170,271,38635,53104,19433,1921,15083,2429,2140,76,213,65013,3540,63687,7840,48470,7377,6171,894,300,2793575,82436,1059372,50554,948942,59876,54528,1512,3823,65019,3148,44720,2761,39309,2650,2422,127,95,236459,14233,159560,11659,134666,13235,12409,494,315,82591,2314,71832,5702,60285,5845,5218,465,141,47428,7607,54686,7079,39491,8116,7082,798,234,173084,16638,141483,15450,108053,17980,16164,1095,702,296841,40293,219216,31546,151618,36052,34222,656,1062,167545,1951,65936,7050,51629,7257,6812,224,217,174229,6406,43880,4433,34549,4898,4650,137,111,28532,7702,30317,2690,24285,3342,3097,146,96,235942,11915,186320,12321,154732,19267,17725,861,676,47313,3851,72651,4827,62046,5778,5032,324,422,131343,13416,113203,13986,83757,15460,14049,586,498,93113,3588,88779,5207,77277,6295,5803,123,368,54126,5440,55086,3757,46669,4660,4170,246,244,172854,3053,94281,6130,82730,5421,5076,176,169,82188,7901,69190,8495,51725,8970,6721,1021,406,108663,5617,103716,8026,87940,7750,6558,77,198,239653,7489,120526,5075,110133,5318,4922,142,237,123414,3467,91160,6435,78422,6303,5974,139,187,51531,1375,23739,2600,18276,2863,1957,727,173,102297,9047,108552,13274,80003,15275,13886,874,500,94164,10085,63519,5374,52427,5718,5157,304,254,46398,3958,38865,3112,32646,3107,2592,423,92,6215586,391188,3480832,271919,2903014,305899,276967,13657,12937
2021-09-04,74296,9687,31996,2741,25644,3611,3382,26,200,94021,32286,56899,9076,40388,7435,6760,286,386,90459,1392,54145,2278,49423,2444,2116,197,126,38895,5786,21465,1758,17816,1891,1682,140,69,136612,10228,84913,6965,70948,7000,6659,190,151,30067,2270,28192,1862,24017,2313,1868,171,272,38767,53249,19491,1925,15130,2436,2143,76,217,65063,3548,63722,7843,48499,7380,6174,895,299,2798014,82829,1060970,50618,950417,59935,54584,1511,3826,65061,3148,44772,2769,39350,2653,2425,128,95,236737,14234,159840,11681,134904,13255,12428,495,316,82701,2316,71917,5715,60361,5841,5218,465,137,47510,7617,54799,7098,39574,8127,7096,798,231,173378,16646,141784,15506,108259,18019,16201,1096,702,297445,40361,219510,31592,151815,36103,34269,659,1063,167808,1954,66055,7071,51709,7275,6825,225,221,174312,6407,43963,4443,34615,4905,4658,137,110,28624,7703,30400,2700,24350,3350,3104,146,97,236205,11919,186570,12354,154928,19288,17750,860,672,47437,3857,72866,4840,62240,5786,5034,326,426,131475,13438,113462,14019,83931,15512,14097,587,501,93227,3589,88923,5226,77399,6298,5806,123,368,54294,5441,55174,3770,46745,4659,4172,246,241,173365,3057,94523,6153,82942,5428,5084,177,167,82323,7905,69256,8511,51776,8969,6718,1020,409,108919,5622,103815,8040,88012,7763,6568,77,201,240362,7497,121065,5097,110625,5343,4942,141,243,123615,3479,91402,6455,78623,6324,5995,139,186,51575,1375,23828,2608,18351,2869,1960,729,175,102538,9061,108954,13334,80308,15312,13924,877,496,94268,10091,63634,5393,52506,5735,5167,305,260,46419,3958,38912,3120,32676,3116,2599,426,91,6225792,391950,3487217,272561,2908281,306375,277408,13674,12954
2021-09-05,74356,9694,32019,2749,25656,3614,3385,26,200,94061,32301,56950,9083,40418,7449,6774,286,386,90537,1393,54166,2281,49441,2444,2116,197,126,38982,5787,21530,1769,17869,1892,1683,140,69,136858,10233,85044,6976,71056,7012,6671,190,151,30180,2270,28321,1873,24132,2316,1873,172,269,38848,53326,19531,1935,15152,2444,2147,76,221,65105,3548,63741,7846,48509,7386,6181,895,298,2800074,83082,1061733,50692,951081,59960,54625,1513,3807,65101,3148,44811,2782,39379,2650,2423,128,94,236982,14242,160059,11705,135071,13283,12456,497,316,82792,2320,71990,5728,60417,5845,5225,467,132,47590,7632,54901,7122,39645,8134,7106,803,223,173713,16650,142060,15568,108433,18059,16235,1104,701,297922,40410,219714,31629,151953,36132,34294,662,1064,168064,1958,66166,7089,51776,7301,6852,224,221,174399,6410,44058,4452,34669,4937,4686,140,111,28697,7705,30456,2711,24393,3352,3106,146,97,236378,11924,186770,12414,155073,19283,17745,861,672,47532,3868,72990,4853,62337,5800,5045,326,429,131586,13464,113659,14064,84054,15541,14129,590,497,93320,3592,89045,5240,77491,6314,5821,123,369,54422,5448,55253,3781,46805,4667,4181,246,240,173543,3057,94612,6181,83008,5423,5077,177,169,82441,7908,69302,8525,51806,8971,6721,1019,409,109043,5625,103903,8056,88071,7776,6579,77,203,240520,7502,121270,5122,110800,5348,4945,142,244,123777,3486,91587,6478,78781,6328,6000,139,185,51631,1375,23889,2609,18403,2877,1966,731,175,102740,9066,109250,13396,80527,15327,13943,874,496,94345,10103,63711,5410,52561,5740,5170,307,260,46448,3958,38935,3129,32691,3115,2597,427,91,6231987,392485,3491426,273248,2911458,306720,277757,13705,12925
2021-09-06,74645,9700,32127,2755,25747,3625,3396,26,200,94452,32393,57123,9087,40570,7466,6788,286,389,90844,1395,54254,2286,49523,2445,2118,197,125,39206,5807,21716,1771,18040,1905,1692,142,71,137692,10237,85404,6989,71387,7028,6687,190,151,30446,2270,28588,1881,24384,2323,1877,173,271,39036,53536,19667,1946,15276,2445,2148,76,221,65493,3554,63852,7850,48608,7394,6187,895,300,2809713,83500,1064660,50767,953879,60014,54681,1515,3802,65411,3153,45000,2793,39552,2655,2430,130,91,238201,14251,160973,11730,135914,13329,12502,498,317,83160,2324,72247,5740,60643,5864,5241,468,134,47870,7654,55214,7145,39919,8150,7120,803,224,175054,16655,143197,15622,109472,18103,16277,1110,698,300008,40727,220780,31684,152938,36158,34323,663,1060,169227,1966,66524,7120,52073,7331,6878,224,226,175600,6418,44286,4465,34863,4958,4709,139,110,28917,7722,30641,2717,24562,3362,3116,146,97,237150,11939,187743,12462,155942,19339,17800,862,671,47817,3874,73392,4878,62705,5809,5053,326,430,131960,13527,114322,14105,84632,15585,14180,590,490,93650,3597,89554,5250,77969,6335,5836,123,374,54711,5474,55443,3789,46978,4676,4187,246,243,174499,3058,95112,6197,83480,5435,5090,178,167,82843,7909,69459,8539,51946,8974,6722,1021,409,109495,5632,104247,8074,88387,7786,6588,77,205,241940,7517,122444,5147,111916,5381,4975,143,246,124484,3513,92208,6499,79356,6353,6022,138,189,51763,1380,24073,2613,18563,2897,1981,737,174,103269,9084,109939,13458,81101,15380,13994,877,496,94774,10162,64153,5433,52969,5751,5177,307,264,46615,3959,39064,3133,32811,3120,2601,427,92,6259945,393887,3507406,273925,2926105,307376,278376,13733,12937
2021-09-07,74941,9707,32235,2758,25846,3631,3402,26,200,94693,32480,57271,9098,40693,7480,6805,287,385,91154,1396,54335,2289,49596,2450,2124,198,123,39394,5823,21878,1784,18183,1911,1694,142,75,138408,10241,85781,6993,71728,7060,6718,190,152,30679,2270,28825,1894,24599,2332,1882,175,273,39225,53735,19795,1957,15398,2440,2145,76,219,65735,3561,63939,7857,48681,7401,6197,895,297,2817972,84114,1067047,50839,956134,60074,54733,1519,3806,65705,3158,45156,2799,39700,2657,2435,130,89,239232,14258,161687,11753,136585,13349,12523,499,317,83509,2333,72447,5751,60814,5882,5258,470,133,48093,7675,55443,7180,40113,8150,7120,803,224,176220,16660,144126,15666,110324,18136,16311,1110,696,301844,40951,221765,31714,153835,36216,34372,665,1067,170410,1969,66827,7148,52343,7336,6886,223,225,176819,6432,44461,4479,35008,4974,4725,139,109,29108,7733,30818,2731,24730,3357,3111,146,97,237853,11949,188616,12517,156714,19385,17848,864,668,48104,3881,73735,4890,63013,5832,5064,332,436,132292,13562,114895,14149,85089,15657,14255,588,489,93965,3599,89922,5262,78311,6349,5848,123,376,54932,5484,55588,3800,47107,4681,4195,246,240,175242,3062,95509,6212,83849,5448,5105,179,164,83193,7919,69615,8559,52088,8968,6721,1019,406,109897,5637,104550,8093,88663,7794,6599,77,202,243426,7541,123436,5164,112872,5400,4989,143,251,125115,3536,92718,6524,79836,6358,6026,139,190,51901,1382,24217,2617,18690,2910,1991,739,174,103709,9096,110502,13512,81550,15440,14055,878,494,95197,10192,64461,5452,53247,5762,5187,308,264,46752,3959,39151,3138,32884,3129,2608,429,92,6284719,395295,3520751,274579,2938223,307949,278932,13757,12933
2021-09-08,75180,9710,32324,2764,25926,3634,3406,26,199,94891,32545,57423,9113,40810,7500,6823,287,385,91425,1398,54405,2291,49664,2450,2123,198,123,39543,5840,22012,1793,18297,1922,1703,143,76,139145,10245,86070,7000,71993,7077,6736,189,152,30886,2273,29071,1909,24823,2339,1892,174,271,39379,53968,19881,1960,15474,2447,2149,76,222,65978,3565,64030,7862,48766,7402,6198,895,297,2825410,84623,1069076,50913,958034,60129,54790,1521,3801,65975,3163,45293,2803,39824,2666,2440,131,92,240248,14265,162330,11779,137178,13373,12550,500,313,83699,2337,72602,5766,60954,5882,5263,467,130,48298,7705,55620,7189,40257,8174,7136,807,228,177302,16663,144966,15711,111085,18170,16343,1109,700,304130,41163,222616,31754,154601,36261,34417,666,1066,171605,1974,67141,7166,52615,7360,6906,224,227,178086,6446,44663,4489,35186,4988,4739,137,111,29287,7749,30941,2735,24839,3367,3120,146,98,238557,11963,189405,12555,157406,19444,17906,864,672,48378,3885,74011,4909,63258,5844,5077,335,432,132633,13603,115415,14209,85504,15702,14304,588,485,94259,3603,90291,5270,78656,6365,5858,124,381,55167,5489,55744,3810,47247,4687,4206,246,235,175996,3069,95891,6231,84204,5456,5114,178,164,83474,7925,69752,8569,52207,8976,6725,1022,407,110347,5640,104838,8112,88921,7805,6609,78,202,244727,7560,124358,5178,113764,5416,5007,143,249,125731,3555,93244,6542,80316,6386,6056,139,188,52027,1382,24361,2623,18820,2918,1998,741,174,104079,9122,111026,13569,81970,15487,14103,879,492,95602,10218,64806,5466,53558,5782,5207,310,262,46888,3960,39238,3144,32960,3134,2611,428,95,6308332,396606,3532844,275184,2949117,308543,279515,13771,12929
2021-09-09,75393,9720,32418,2777,26006,3635,3409,26,197,95135,32603,57566,9122,40919,7525,6850,288,382,91634,1399,54472,2296,49723,2453,2125,198,124,39711,5844,22146,1805,18414,1927,1710,143,74,139722,10250,86309,7012,72210,7087,6746,189,152,31112,2274,29277,1927,25011,2339,1890,176,271,39578,54188,19980,1963,15562,2455,2158,76,221,66217,3569,64105,7869,48832,7404,6198,896,298,2833654,85014,1071346,50985,960179,60182,54844,1522,3801,66282,3168,45449,2806,39965,2678,2450,132,94,241189,14270,162997,11805,137788,13404,12578,500,315,83962,2338,72765,5780,61101,5884,5265,467,130,48454,7721,55824,7198,40420,8206,7164,808,232,178366,16674,145799,15766,111824,18209,16384,1107,700,306471,41362,223581,31780,155479,36322,34472,669,1069,172474,1982,67391,7194,52814,7383,6929,224,227,179268,6456,44825,4506,35318,5001,4755,136,109,29454,7754,31066,2752,24949,3365,3117,145,99,239191,11976,190104,12600,158027,19477,17932,867,677,48761,3895,74307,4921,63523,5863,5094,337,432,133017,13638,115982,14263,85952,15767,14370,589,484,94577,3603,90652,5293,78984,6375,5865,124,384,55391,5504,55864,3814,47347,4703,4221,246,236,176760,3071,96238,6246,84535,5457,5119,179,159,83780,7932,69894,8577,52334,8983,6730,1023,407,110777,5643,105123,8124,89175,7824,6627,78,203,246030,7571,125162,5192,114536,5434,5019,143,255,126279,3575,93684,6560,80716,6408,6075,141,189,52147,1384,24479,2627,18920,2932,2005,748,174,104553,9133,111568,13620,82411,15537,14153,883,488,95986,10242,65158,5481,53874,5803,5226,310,264,47035,3961,39337,3148,33051,3138,2617,428,93,6332360,397714,3544868,275809,2959899,309160,280097,13798,12940
2021-09-10,75671,9724,32526,2786,26096,3644,3420,26,195,95340,32643,57678,9132,41011,7535,6855,289,387,91729,1399,54519,2300,49765,2454,2125,198,125,39801,5850,22240,1812,18501,1927,1711,144,72,140272,10251,86555,7021,72426,7108,6766,190,152,31357,2275,29494,1936,25217,2341,1890,176,273,39688,54425,20073,1968,15643,2462,2165,76,221,66440,3573,64179,7877,48899,7403,6197,898,296,2842536,85386,1073610,51041,962316,60253,54914,1526,3799,66545,3170,45572,2811,40075,2686,2459,133,92,242166,14275,163687,11823,138433,13431,12605,501,315,84188,2339,72947,5794,61264,5889,5270,466,131,48643,7734,55978,7220,40548,8210,7174,808,226,179260,16675,146670,15811,112605,18254,16426,1109,701,308818,41686,224614,31831,156423,36360,34508,669,1071,173228,1992,67651,7219,53028,7404,6945,226,230,180721,6466,45012,4511,35466,5035,4789,136,109,29648,7759,31169,2759,25044,3366,3116,145,100,239974,11987,190774,12639,158608,19527,17978,866,681,49015,3903,74579,4934,63776,5869,5098,338,432,133363,13669,116444,14316,86310,15818,14425,591,478,94842,3606,90926,5308,79228,6390,5876,124,388,55618,5513,56004,3819,47469,4716,4231,248,237,177643,3073,96626,6262,84897,5467,5126,180,160,84087,7941,69994,8595,52422,8977,6728,1024,402,111176,5650,105407,8140,89436,7831,6635,80,201,247201,7588,126006,5213,115350,5443,5031,142,253,126834,3593,94100,6584,81087,6429,6096,141,189,52239,1386,24596,2630,19024,2942,2011,750,174,104919,9144,112043,13684,82790,15569,14183,883,490,96345,10266,65492,5495,54171,5826,5244,312,267,47155,3961,39439,3152,33141,3146,2624,427,94,6356462,398902,3556604,276423,2970469,309712,280621,13822,12941
2021-09-11,75749,9735,32558,2794,26122,3642,3421,26,192,95396,32653,57728,9135,41046,7547,6865,289,389,91831,1399,54578,2302,49820,2456,2125,200,125,39843,5851,22284,1822,18531,1931,1711,146,74,140426,10254,86653,7029,72507,7117,6775,190,151,31450,2275,29600,1943,25305,2352,1900,177,273,39722,54547,20119,1975,15680,2464,2169,76,219,66468,3573,64198,7882,48912,7404,6198,899,295,2847304,85711,1074857,51087,963458,60312,54973,1528,3797,66580,3174,45595,2819,40095,2681,2455,132,92,242494,14277,164053,11840,138762,13451,12623,502,315,84288,2342,73037,5803,61342,5892,5273,468,129,48710,7739,56057,7241,40596,8220,7182,808,228,179559,16676,146910,15868,112759,18283,16460,1108,698,309603,41753,224985,31870,156719,36396,34542,671,1071,173626,1994,67754,7239,53095,7420,6961,227,229,180824,6474,45117,4522,35545,5050,4808,135,106,29714,7767,31230,2768,25097,3365,3114,145,101,240234,11992,191005,12672,158782,19551,18011,861,677,49233,3908,74746,4950,63917,5879,5103,341,434,133500,13683,116681,14363,86456,15862,14465,593,480,94930,3607,91052,5321,79336,6395,5885,124,384,55756,5515,56071,3825,47520,4726,4240,248,238,178078,3075,96809,6272,85064,5473,5132,180,160,84254,7945,70063,8612,52474,8977,6729,1024,400,111348,5651,105521,8154,89530,7837,6641,80,201,247630,7593,126311,5235,115620,5456,5042,140,257,127007,3599,94273,6601,81232,6440,6110,140,187,52275,1386,24656,2632,19070,2954,2023,751,174,105107,9156,112287,13731,82960,15596,14213,883,486,96435,10272,65585,5509,54233,5843,5258,312,270,47194,3961,39464,3157,33160,3147,2623,429,94,6366568,399537,3561837,276973,2974745,310119,281030,13833,12926
2021-09-12,75800,9742,32577,2796,26131,3650,3429,26,192,95441,32664,57775,9141,41073,7561,6877,289,391,91909,1400,54607,2304,49848,2455,2123,201,125,39878,5856,22321,1832,18549,1940,1717,148,75,140579,10259,86730,7039,72565,7126,6785,190,151,31564,2275,29755,1952,25442,2361,1908,177,274,39750,54656,20152,1982,15706,2464,2168,76,220,66515,3575,64219,7885,48926,7408,6203,898,295,2849667,85993,1075486,51145,963956,60385,55041,1530,3798,66609,3175,45618,2824,40105,2689,2465,133,89,242836,14278,164311,11855,138975,13481,12649,502,319,84374,2342,73105,5816,61395,5894,5276,468,128,48785,7753,56142,7257,40652,8233,7196,808,227,179837,16678,147199,15915,112953,18331,16512,1110,689,310196,41812,225258,31916,156935,36407,34554,671,1070,173992,1996,67855,7267,53154,7434,6977,224,231,180903,6476,45214,4530,35608,5076,4830,141,105,29795,7773,31292,2776,25140,3376,3126,145,100,240436,11998,191189,12706,158909,19574,18040,861,672,49313,3909,74850,4964,64003,5883,5113,338,431,133597,13695,116844,14410,86549,15885,14481,598,481,95015,3607,91150,5344,79411,6395,5888,124,381,55867,5522,56130,3831,47566,4733,4247,248,238,178225,3076,96907,6280,85141,5486,5141,184,160,84383,7948,70101,8627,52499,8975,6730,1022,398,111502,5652,105612,8173,89602,7837,6642,82,198,247768,7596,126439,5253,115719,5467,5055,139,256,127150,3605,94417,6623,81345,6449,6119,141,187,52325,1386,24698,2639,19097,2962,2031,752,173,105253,9166,112446,13791,83066,15589,14209,881,485,96495,10283,65675,5529,54290,5856,5268,313,272,47209,3961,39508,3158,33196,3154,2630,429,94,6372968,400107,3565582,277560,2977506,310516,281430,13849,12905
2021-09-13,76225,9753,32718,2799,26260,3659,3437,26,193,95688,32748,57981,9149,41251,7581,6893,289,395,92204,1402,54699,2309,49935,2455,2124,200,125,39980,5871,22439,1837,18653,1949,1724,149,76,141082,10268,87031,7050,72835,7146,6803,192,151,31853,2276,29959,1959,25630,2370,1918,177,273,39911,54873,20277,1989,15821,2467,2174,76,217,66839,3580,64355,7889,49046,7420,6216,898,294,2858602,86479,1077874,51214,966227,60433,55089,1529,3800,66874,3179,45759,2829,40234,2696,2469,134,91,244050,14287,165211,11883,139814,13514,12679,502,322,84606,2343,73249,5831,61525,5893,5276,468,127,49030,7768,56403,7270,40876,8257,7224,808,223,181166,16693,148204,15965,113881,18358,16537,1112,689,312775,42116,226291,31957,157882,36452,34603,673,1064,174785,2002,68165,7295,53418,7452,7002,224,224,181978,6480,45503,4543,35860,5100,4854,141,105,30021,7781,31463,2783,25296,3384,3132,145,102,241086,12007,192052,12736,159696,19620,18085,861,673,49655,3913,75173,4979,64295,5899,5128,338,432,133969,13770,117357,14458,86970,15929,14520,599,485,95349,3609,91504,5355,79733,6416,5906,124,384,56142,5535,56301,3838,47719,4744,4258,248,238,179096,3078,97323,6296,85531,5496,5155,184,156,84792,7961,70264,8642,52646,8976,6732,1022,397,111961,5655,105940,8185,89908,7847,6653,82,197,248966,7621,127454,5273,116708,5473,5068,138,250,127714,3622,94881,6639,81770,6472,6143,140,187,52458,1390,24832,2644,19216,2972,2035,757,174,105749,9182,112896,13846,83435,15615,14235,885,481,96967,10318,66111,5545,54699,5867,5278,314,272,47395,3961,39606,3162,33287,3157,2631,430,95,6398968,401521,3579275,278149,2990057,311069,281981,13865,12892
2021-09-14,76502,9760,32833,2806,26365,3662,3440,26,193,95888,32835,58105,9156,41360,7589,6902,289,394,92481,1402,54787,2310,50017,2460,2126,200,128,40064,5879,22509,1846,18714,1949,1725,150,74,141626,10284,87249,7065,73028,7156,6813,193,150,32087,2277,30188,1969,25841,2378,1924,178,274,40142,55044,20400,1997,15930,2473,2178,76,219,67085,3586,64439,7892,49122,7425,6223,898,292,2867067,87047,1080090,51271,968302,60517,55157,1531,3815,67112,3183,45898,2834,40357,2707,2476,134,93,245200,14295,166043,11916,140584,13543,12703,505,322,84759,2343,73389,5838,61639,5912,5292,470,128,49199,7795,56607,7293,41051,8263,7236,806,219,182279,16708,148983,16012,114580,18391,16570,1114,688,315292,42375,227251,31985,158770,36496,34642,677,1065,175488,2008,68409,7319,53614,7476,7027,224,223,183001,6486,45679,4549,36012,5118,4874,140,104,30214,7783,31586,2791,25403,3392,3139,146,102,241696,12010,192740,12781,160316,19643,18107,861,674,49897,3923,75468,4991,64564,5913,5142,338,432,134301,13811,117808,14494,87338,15976,14571,599,480,95606,3611,91795,5365,80008,6422,5909,124,387,56376,5545,56436,3848,47837,4751,4265,248,238,179786,3078,97686,6308,85854,5524,5184,182,158,85078,7967,70393,8648,52762,8983,6739,1021,398,112340,5659,106264,8199,90205,7860,6667,82,196,250070,7634,128252,5292,117462,5498,5083,140,258,128176,3634,95258,6661,82111,6486,6156,140,188,52555,1394,24931,2650,19296,2985,2044,761,173,106107,9190,113250,13891,83704,15655,14276,886,479,97332,10349,66480,5558,55036,5886,5297,315,271,47561,3961,39706,3171,33380,3155,2632,430,93,6422367,402856,3590912,278706,3000562,311644,282519,13884,12908
2021-09-15,76617,9767,32877,2812,26390,3675,3453,26,193,95956,32853,58181,9163,41412,7606,6922,290,390,92719,1402,54853,2312,50082,2459,2127,198,128,40103,5880,22559,1857,18755,1947,1724,149,74,141897,10288,87399,7072,73162,7165,6822,194,149,32268,2278,30324,1977,25967,2380,1927,177,274,40279,55165,20459,2000,15983,2476,2181,76,219,67274,3593,64522,7898,49197,7427,6227,898,290,2873756,87496,1081831,51317,969936,60578,55205,1532,3826,67221,3185,45954,2839,40403,2712,2479,134,94,246020,14297,166628,11942,141107,13579,12742,505,320,84932,2343,73498,5853,61734,5911,5292,469,128,49286,7812,56736,7313,41147,8276,7244,813,217,182776,16725,149377,16066,114896,18415,16598,1112,686,317158,42716,227799,32011,159238,36550,34696,677,1065,176099,2013,68559,7342,53723,7494,7044,226,222,184086,6488,45810,4560,36118,5132,4888,141,103,30303,7793,31661,2800,25466,3395,3142,146,102,242165,12014,193066,12804,160589,19673,18127,870,675,50077,3928,75668,5008,64749,5911,5142,336,432,134501,13850,118090,14540,87546,16004,14600,598,481,95782,3612,92003,5376,80174,6453,5938,124,389,56526,5556,56515,3859,47907,4749,4265,247,237,180434,3080,97917,6323,86063,5531,5188,183,160,85297,7970,70456,8655,52813,8988,6744,1019,399,112576,5665,106475,8212,90385,7878,6684,83,196,251072,7650,128978,5313,118157,5508,5099,140,252,128514,3654,95565,6680,82384,6501,6172,140,187,52614,1395,24984,2654,19338,2992,2050,762,173,106357,9194,113528,13935,83925,15668,14292,886,477,97542,10384,66622,5569,55159,5894,5304,315,272,47637,3961,39746,3174,33412,3160,2637,431,92,6439844,404007,3598640,279236,3007317,312087,282955,13897,12902
2021-09-16,76665,9773,32905,2817,26406,3682,3459,26,194,96032,32875,58228,9176,41441,7611,6932,291,384,92833,1402,54878,2312,50106,2460,2128,198,128,40119,5882,22607,1870,18791,1946,1724,149,73,142163,10292,87491,7079,73232,7180,6837,194,149,32379,2279,30422,1991,26056,2375,1925,177,271,40339,55270,20488,2004,16009,2475,2179,76,220,67329,3599,64555,7903,49215,7437,6236,899,290,2874921,87678,1082208,51372,970244,60592,55224,1531,3821,67262,3185,45977,2841,40417,2719,2485,134,95,246321,14302,166909,11968,141351,13590,12754,506,320,85030,2344,73551,5858,61774,5919,5297,470,130,49349,7826,56828,7330,41213,8285,7251,814,219,183149,16733,149664,16101,115116,18447,16633,1114,682,317948,42765,228024,32043,159408,36573,34718,677,1066,176469,2018,68661,7370,53788,7503,7050,226,225,184154,6489,45874,4577,36155,5142,4895,140,107,30386,7796,31728,2811,25519,3398,3145,146,102,242389,12019,193242,12826,160727,19689,18142,870,675,50270,3933,75858,5016,64923,5919,5153,336,430,134631,13870,118337,14583,87713,16041,14633,600,483,95844,3612,92096,5389,80252,6455,5940,124,389,56638,5558,56570,3873,47958,4739,4261,247,231,180615,3081,98049,6332,86182,5535,5193,183,159,85425,7971,70507,8663,52851,8993,6750,1019,398,112681,5668,106559,8220,90445,7894,6699,83,197,251421,7653,129234,5335,118382,5517,5109,139,252,128683,3671,95733,6698,82528,6507,6177,140,188,52651,1398,25024,2659,19367,2998,2051,765,175,106550,9204,113748,13984,84077,15687,14307,887,480,97606,10391,66748,5582,55250,5916,5327,315,271,47691,3961,39770,3178,33430,3162,2639,431,92,6445943,404498,3602473,279761,3010326,312386,283253,13907,12896
2021-09-17,76899,9781,33028,2823,26516,3689,3463,26,197,96301,32948,58410,9192,41600,7618,6939,291,384,93128,1402,54933,2315,50160,2458,2126,198,127,40215,5887,22708,1872,18877,1959,1736,149,74,142696,10306,87725,7092,73442,7191,6848,194,149,32603,2280,30659,2005,26277,2377,1930,177,268,40454,55418,20570,2011,16083,2476,2185,76,215,67526,3603,64650,7911,49294,7445,6244,899,290,2884303,88166,1084442,51419,972384,60639,55271,1532,3822,67474,3190,46120,2850,40549,2721,2490,133,93,247361,14316,167600,11986,141987,13627,12787,510,320,85201,2344,73651,5860,61863,5928,5306,470,130,49545,7830,56988,7343,41354,8291,7255,814,221,184179,16750,150512,16145,115884,18483,16667,1119,677,319940,43047,229143,32076,160449,36618,34761,677,1068,177226,2022,68888,7397,53978,7513,7063,225,223,185567,6494,45993,4589,36250,5154,4909,138,107,30578,7812,31844,2817,25626,3401,3148,146,102,243059,12024,193961,12868,161363,19730,18182,870,676,50579,3939,76134,5028,65178,5928,5163,338,427,134956,13916,118751,14626,88053,16072,14669,600,478,96082,3613,92383,5401,80518,6464,5947,124,391,56888,5569,56714,3881,48087,4746,4270,247,229,181316,3083,98373,6348,86483,5542,5200,186,156,85786,7975,70643,8673,52978,8992,6751,1018,397,113078,5673,106856,8241,90720,7895,6703,83,194,252527,7670,129992,5353,119092,5547,5141,141,248,129158,3692,96142,6716,82915,6511,6180,141,188,52746,1398,25126,2664,19458,3004,2057,764,177,106936,9218,114129,14023,84394,15712,14333,889,477,98024,10415,67169,5595,55640,5934,5343,316,272,47794,3964,39833,3182,33478,3173,2650,431,92,6470125,405745,3614070,280302,3020930,312838,283717,13922,12869
2021-09-18,76955,9786,33055,2829,26535,3691,3463,26,199,96367,32955,58470,9205,41642,7623,6944,291,384,93245,1402,54957,2318,50182,2457,2126,197,127,40232,5889,22741,1881,18899,1961,1741,148,72,142918,10309,87820,7099,73513,7208,6864,194,150,32697,2280,30739,2013,26341,2385,1938,177,268,40480,55492,20597,2012,16103,2482,2189,76,217,67572,3609,64674,7916,49307,7451,6251,899,289,2888807,88497,1085619,51464,973485,60670,55304,1532,3818,67506,3192,46145,2855,40567,2723,2492,132,94,247703,14316,167933,12003,142282,13648,12808,510,321,85280,2345,73700,5864,61903,5933,5311,470,130,49608,7840,57085,7354,41423,8308,7272,814,221,184502,16752,150752,16183,116036,18533,16713,1119,681,320686,43104,229503,32110,160741,36652,34795,675,1070,177575,2025,69003,7418,54048,7537,7086,226,222,185627,6495,46049,4601,36282,5166,4925,135,106,30686,7816,31896,2824,25671,3401,3148,146,102,243265,12027,194134,12905,161491,19738,18193,868,675,50767,3943,76302,5046,65322,5934,5169,342,423,135074,13934,118962,14666,88198,16098,14695,599,479,96174,3613,92489,5415,80604,6470,5956,124,388,57036,5576,56774,3887,48143,4744,4267,247,230,181725,3083,98503,6356,86595,5552,5209,186,157,85939,7976,70684,8683,53005,8996,6756,1017,396,113189,5675,106938,8256,90785,7897,6702,83,197,252875,7676,130266,5370,119341,5555,5145,140,253,129315,3699,96322,6724,83072,6526,6195,140,189,52794,1399,25174,2668,19499,3007,2058,765,178,107124,9230,114339,14060,84546,15733,14358,889,472,98130,10426,67312,5615,55754,5943,5351,319,270,47813,3964,39845,3185,33487,3173,2651,430,92,6479666,406325,3618782,280785,3024802,313195,284075,13916,12870
2021-09-19,77007,9790,33083,2833,26549,3701,3473,26,199,96443,32969,58527,9211,41671,7645,6957,292,392,93352,1403,54974,2322,50195,2457,2127,197,126,40256,5896,22785,1891,18928,1966,1747,147,72,143106,10310,87877,7104,73556,7217,6873,194,150,32802,2281,30834,2019,26422,2393,1945,177,269,40512,55574,20620,2020,16119,2481,2188,76,217,67608,3609,64696,7920,49321,7455,6254,898,291,2890977,88799,1086103,51499,973901,60703,55334,1533,3820,67532,3193,46171,2860,40582,2729,2496,132,96,248015,14321,168184,12025,142491,13668,12828,511,321,85357,2345,73730,5877,61926,5927,5303,471,131,49658,7847,57168,7369,41482,8317,7285,813,218,184840,16754,150954,16215,116167,18572,16752,1123,678,321260,43188,229749,32138,160929,36682,34827,675,1068,177825,2026,69074,7437,54082,7555,7101,227,224,185696,6500,46127,4619,36334,5174,4929,138,107,30765,7820,31936,2829,25706,3401,3149,146,102,243453,12030,194300,12936,161614,19750,18209,869,671,50826,3944,76422,5052,65422,5948,5181,346,421,135173,13954,119151,14708,88321,16122,14721,599,477,96235,3616,92560,5431,80657,6472,5964,124,382,57171,5580,56823,3893,48187,4743,4266,247,230,181863,3085,98582,6367,86663,5552,5212,185,155,86076,7976,70714,8693,53026,8995,6755,1017,396,113275,5677,106998,8267,90828,7903,6709,83,196,253046,7684,130415,5380,119470,5565,5156,141,251,129439,3701,96435,6748,83153,6534,6202,140,190,52829,1401,25207,2673,19520,3014,2064,766,179,107310,9234,114552,14102,84694,15756,14382,890,470,98220,10430,67389,5624,55814,5951,5356,319,273,47832,3965,39867,3189,33499,3179,2654,434,91,6485759,406902,3622007,281251,3027229,313527,284399,13936,12863
2021-09-20,77310,9790,33213,2842,26659,3712,3484,26,199,96978,32990,58805,9221,41905,7679,6985,293,397,93688,1404,55032,2323,50248,2461,2131,198,126,40343,5916,22912,1897,19042,1973,1751,148,74,143749,10326,88135,7120,73788,7227,6883,194,150,33086,2282,31061,2032,26636,2393,1951,177,263,40680,55802,20726,2024,16215,2487,2196,76,215,67840,3612,64810,7923,49422,7465,6263,898,292,2900366,89484,1088446,51549,976138,60759,55393,1536,3814,67785,3194,46314,2864,40717,2733,2501,132,95,249205,14335,169034,12048,143288,13698,12857,511,322,85564,2354,73853,5886,62030,5937,5315,471,130,49847,7866,57342,7383,41633,8326,7293,814,218,186273,16774,151905,16254,117042,18609,16793,1122,675,323990,43446,230775,32181,161874,36720,34853,680,1075,178634,2028,69307,7462,54275,7570,7108,229,230,186687,6514,46244,4635,36418,5191,4947,136,108,31014,7837,32073,2836,25835,3402,3150,147,101,244145,12043,194948,12969,162194,19785,18246,870,668,51028,3946,76741,5064,65713,5964,5192,347,425,135477,14030,119608,14764,88689,16155,14757,597,476,96580,3620,92912,5443,80977,6492,5986,124,380,57426,5589,56950,3895,48307,4748,4271,247,230,182618,3085,98904,6380,86969,5555,5218,184,153,86518,7980,70834,8699,53134,9001,6759,1017,396,113762,5681,107292,8285,91088,7919,6725,83,196,254391,7702,131396,5394,120417,5585,5175,143,250,129998,3730,96887,6759,83573,6555,6222,141,190,52974,1406,25310,2677,19610,3023,2072,769,179,107744,9241,114952,14139,85031,15782,14405,891,471,98698,10473,67822,5640,56212,5970,5376,319,272,47990,3965,39934,3194,33559,3181,2654,436,91,6512388,408445,3634477,281782,3038638,314057,284912,13956,12861
2021-09-21,77562,9799,33322,2848,26749,3725,3495,26,201,97491,33013,59008,9240,42084,7684,6991,293,396,93974,1405,55065,2326,50280,2459,2129,198,126,40440,5931,22997,1905,19119,1973,1754,148,71,144378,10342,88366,7129,73987,7250,6904,195,151,33336,2284,31238,2041,26803,2394,1954,177,261,40832,55995,20825,2027,16303,2495,2202,76,217,68056,3619,64893,7927,49496,7470,6266,898,294,2908438,90135,1090412,51591,978011,60810,55438,1537,3820,67990,3197,46409,2874,40802,2733,2506,131,92,250358,14353,169884,12072,144087,13725,12882,512,324,85718,2354,73896,5892,62070,5934,5312,471,130,50045,7876,57495,7405,41757,8333,7304,815,213,187454,16794,152613,16300,117666,18647,16831,1125,672,326429,43773,231585,32224,162617,36744,34879,680,1072,179438,2033,69481,7487,54415,7579,7118,229,229,187666,6557,46356,4642,36505,5209,4961,140,108,31209,7851,32170,2841,25915,3414,3162,147,101,244829,12057,195500,13011,162684,19805,18267,871,666,51223,3953,76937,5072,65898,5967,5197,347,423,135772,14080,120033,14798,89022,16213,14815,598,475,96836,3622,93203,5458,81240,6505,6005,124,374,57648,5603,57067,3899,48413,4755,4278,247,230,183382,3086,99165,6392,87209,5564,5229,184,151,86927,7983,70958,8707,53246,9005,6765,1016,395,114134,5684,107549,8299,91315,7935,6743,83,194,255452,7707,132087,5415,121076,5596,5191,141,247,130483,3743,97212,6779,83873,6560,6228,141,189,53094,1407,25422,2683,19714,3025,2073,771,179,108149,9250,115249,14181,85254,15814,14439,893,468,99111,10511,68183,5656,56546,5981,5387,319,272,48142,3967,40008,3198,33625,3185,2657,438,90,6535996,409964,3644588,282319,3047781,314488,285362,13971,12831
2021-09-22,77797,9815,33406,2852,26818,3736,3504,26,203,98009,33048,59206,9251,42259,7696,6999,293,399,94277,1406,55115,2328,50326,2461,2130,199,126,40506,5936,23076,1908,19188,1980,1761,148,71,144918,10357,88557,7147,74153,7257,6913,195,149,33566,2284,31418,2050,26975,2393,1954,177,260,40961,56156,20902,2034,16369,2499,2202,76,221,68290,3623,64998,7931,49593,7474,6270,897,295,2916895,90860,1092401,51637,979922,60842,55469,1538,3820,68191,3205,46496,2878,40886,2732,2504,131,93,251531,14356,170746,12092,144901,13753,12905,514,327,85837,2355,73961,5897,62124,5940,5319,470,130,50194,7894,57653,7418,41894,8341,7313,815,212,188498,16825,153233,16332,118227,18674,16850,1126,677,328792,44071,232367,32248,163332,36787,34916,684,1074,180357,2038,69718,7501,54619,7598,7139,230,226,188741,6584,46448,4647,36575,5226,4975,140,110,31429,7862,32260,2847,25993,3420,3168,147,101,245305,12065,195865,13032,163001,19832,18294,871,667,51434,3957,77151,5084,66095,5972,5206,345,421,136129,14125,120458,14828,89372,16258,14856,599,478,97096,3623,93441,5470,81459,6512,6017,124,369,57879,5614,57179,3902,48508,4769,4292,247,230,184033,3090,99474,6404,87497,5573,5239,182,152,87310,7996,71053,8715,53326,9012,6773,1016,393,114472,5691,107827,8324,91560,7943,6755,82,191,256437,7718,132793,5435,121765,5593,5196,140,240,130923,3762,97582,6807,84207,6568,6236,140,190,53201,1407,25513,2689,19791,3033,2075,774,182,108477,9254,115514,14219,85468,15827,14455,893,465,99518,10533,68534,5670,56868,5996,5398,322,273,48247,3969,40050,3202,33661,3187,2659,438,89,6559250,411479,3654395,282779,3056732,314884,285742,13979,12834
2021-09-23,78009,9826,33507,2856,26909,3742,3510,26,203,98426,33070,59437,9261,42456,7720,7018,293,403,94557,1406,55155,2330,50360,2465,2131,201,127,40574,5952,23147,1918,19250,1979,1763,147,69,145322,10373,88717,7158,74296,7263,6919,195,149,33786,2284,31577,2054,27125,2398,1958,177,261,41177,56297,20967,2040,16432,2495,2201,76,218,68506,3628,65096,7935,49680,7481,6273,899,297,2924510,91284,1094079,51668,981516,60895,55508,1541,3831,68353,3207,46577,2881,40963,2733,2505,131,93,252695,14364,171566,12117,145665,13784,12935,512,328,85941,2355,74037,5901,62187,5949,5330,470,128,50347,7911,57772,7433,41989,8350,7322,819,208,189305,16846,153707,16372,118636,18699,16876,1125,676,331008,44311,233176,32280,164080,36816,34945,684,1074,181046,2041,69891,7516,54759,7616,7160,230,223,189877,6589,46545,4656,36656,5233,4986,139,108,31601,7876,32342,2853,26066,3423,3170,147,102,245955,12068,196281,13054,163368,19859,18316,873,670,51625,3963,77351,5096,66272,5983,5217,344,422,136415,14165,120831,14860,89679,16292,14892,599,476,97415,3623,93683,5478,81681,6524,6031,124,367,58097,5621,57261,3903,48578,4780,4303,247,230,184913,3094,99713,6418,87723,5572,5237,183,152,87642,7998,71155,8722,53412,9021,6779,1017,395,114813,5694,108015,8343,91726,7946,6760,81,190,257439,7730,133353,5449,122293,5611,5217,140,237,131278,3766,97823,6823,84417,6583,6252,140,189,53309,1408,25588,2691,19856,3041,2080,776,183,108823,9260,115824,14253,85722,15849,14476,893,466,99904,10570,68831,5682,57141,6008,5409,324,272,48393,3971,40108,3206,33712,3190,2661,438,90,6581061,412551,3663112,283207,3064605,315300,286140,13991,12837
2021-09-24,78197,9838,33596,2862,26994,3740,3508,26,203,98825,33079,59654,9270,42640,7744,7036,294,408,94824,1406,55210,2332,50411,2467,2134,201,126,40668,5961,23232,1924,19322,1986,1768,149,69,145729,10388,88899,7168,74459,7272,6928,195,149,33999,2285,31723,2061,27257,2405,1964,178,261,41323,56416,21037,2044,16495,2498,2206,76,216,68710,3634,65207,7938,49778,7491,6281,899,299,2933051,91720,1095996,51710,983359,60927,55547,1542,3823,68521,3211,46676,2886,41053,2737,2511,132,90,253672,14366,172264,12135,146321,13808,12955,513,331,86102,2360,74104,5908,62244,5952,5332,471,128,50499,7922,57886,7440,42083,8363,7334,820,208,190107,16881,154148,16413,118996,18739,16925,1128,664,333077,44562,233975,32309,164830,36836,34967,684,1072,181767,2045,70035,7529,54874,7632,7175,231,223,191049,6594,46638,4669,36737,5232,4987,138,107,31784,7889,32420,2859,26133,3428,3175,147,102,246682,12073,196686,13081,163719,19886,18338,873,675,51818,3972,77519,5105,66431,5983,5218,344,421,136767,14205,121217,14899,90003,16315,14915,599,476,97683,3624,93877,5486,81856,6535,6040,124,369,58299,5627,57343,3905,48655,4783,4307,247,229,185669,3098,99911,6422,87905,5584,5246,184,154,87961,8003,71241,8733,53486,9022,6780,1016,395,115122,5696,108235,8359,91923,7953,6767,81,190,258462,7740,133977,5463,122892,5622,5229,142,234,131841,3788,98091,6845,84660,6586,6258,141,185,53404,1408,25654,2698,19911,3045,2084,778,182,109122,9273,116055,14295,85896,15864,14491,893,466,100254,10619,69129,5696,57408,6025,5427,325,270,48486,3976,40166,3211,33764,3191,2664,439,87,6603474,413659,3671801,283655,3072495,315651,286497,14010,12812
2021-09-25,78294,9841,33623,2872,27010,3741,3510,26,202,98932,33091,59709,9283,42679,7747,7041,294,406,94948,1406,55233,2333,50432,2468,2134,202,126,40686,5962,23256,1932,19343,1981,1764,150,67,145899,10391,88989,7175,74532,7282,6937,195,150,34116,2285,31807,2070,27332,2405,1964,179,260,41365,56527,21062,2047,16515,2500,2207,76,217,68747,3635,65226,7940,49789,7497,6287,900,298,2937110,91948,1097067,51751,984366,60950,55570,1544,3820,68556,3212,46711,2891,41080,2740,2515,134,88,253990,14381,172538,12156,146550,13832,12978,515,330,86182,2362,74127,5916,62262,5949,5330,469,129,50550,7933,57954,7449,42135,8370,7342,821,206,190381,16895,154290,16451,119076,18763,16943,1131,667,333715,44626,234202,32332,165004,36866,34994,685,1074,182136,2045,70108,7541,54917,7650,7189,231,227,191106,6597,46685,4678,36769,5238,4993,138,107,31855,7889,32450,2863,26156,3431,3180,147,100,246911,12077,196809,13101,163804,19904,18358,872,674,51858,3983,77651,5115,66551,5985,5220,344,421,136916,14214,121401,14943,90122,16336,14937,599,475,97772,3625,93956,5496,81918,6542,6049,124,367,58463,5631,57390,3911,48688,4791,4317,247,227,186149,3101,100022,6427,88009,5586,5250,182,154,88087,8009,71285,8736,53519,9030,6784,1019,396,115220,5696,108309,8366,91981,7962,6778,81,188,258933,7746,134217,5480,123105,5632,5236,143,236,131999,3793,98220,6859,84764,6597,6267,141,187,53450,1408,25689,2701,19939,3049,2088,779,181,109283,9280,116188,14325,85998,15865,14493,892,466,100345,10634,69213,5704,57468,6041,5437,327,274,48508,3976,40181,3213,33773,3195,2668,439,87,6612462,414199,3675568,284057,3075586,315925,286760,14026,12807
2021-09-26,78332,9846,33649,2874,27023,3752,3521,26,202,99005,33095,59755,9295,42715,7745,7038,294,408,95045,1406,55244,2334,50443,2467,2133,202,126,40696,5969,23286,1939,19366,1981,1764,150,67,146094,10396,89082,7183,74601,7298,6952,196,150,34218,2285,31859,2073,27377,2409,1968,178,261,41411,56594,21084,2052,16531,2501,2209,76,216,68787,3635,65252,7943,49801,7508,6297,900,299,2939308,92249,1097541,51786,984771,60984,55600,1546,3822,68581,3225,46727,2892,41094,2741,2515,135,88,254317,14386,172855,12179,146827,13849,12992,517,331,86242,2363,74155,5923,62283,5949,5328,469,131,50614,7939,58021,7468,42184,8369,7346,819,203,190675,16902,154442,16477,119157,18808,16984,1133,670,334165,44681,234410,32354,165163,36893,35021,686,1073,182353,2046,70154,7564,54948,7642,7183,231,225,191184,6602,46739,4683,36797,5259,5008,141,110,31945,7891,32488,2870,26191,3427,3176,147,100,247093,12080,196912,13127,163879,19906,18356,874,676,51912,4005,77715,5128,66608,5979,5217,343,419,137046,14230,121578,14971,90241,16366,14965,599,477,97830,3625,94001,5510,81948,6543,6051,124,366,58581,5632,57420,3916,48713,4791,4317,247,227,186353,3101,100087,6438,88065,5584,5250,181,153,88197,8012,71327,8739,53546,9042,6794,1021,396,115277,5698,108381,8376,92030,7975,6789,81,190,259110,7747,134324,5499,123199,5626,5235,140,234,132132,3798,98324,6880,84841,6603,6273,141,187,53484,1408,25721,2706,19959,3056,2091,782,181,109463,9285,116320,14360,86086,15874,14499,891,470,100387,10646,69259,5714,57489,6056,5446,330,277,48539,3976,40191,3219,33778,3194,2669,439,85,6618376,414753,3678303,284472,3077654,316177,286987,14039,12820
2021-09-27,78662,9866,33795,2877,27151,3767,3533,26,205,99600,33112,60041,9312,42982,7747,7041,294,407,95390,1407,55309,2336,50505,2468,2133,202,127,40793,5991,23364,1942,19437,1985,1766,151,68,146638,10412,89315,7189,74818,7308,6959,197,152,34460,2285,32003,2076,27512,2415,1975,178,260,41554,56733,21175,2057,16616,2502,2209,76,217,69000,3638,65406,7947,49936,7523,6313,900,298,2947652,92674,1099362,51837,986499,61026,55645,1550,3816,68762,3227,46822,2895,41181,2746,2517,135,90,255592,14396,173889,12205,147807,13877,13020,517,331,86431,2363,74234,5936,62351,5947,5328,470,128,50863,7946,58162,7478,42305,8379,7351,821,206,191636,16933,154982,16511,119619,18852,17024,1135,670,336390,45218,235167,32381,165867,36919,35045,687,1074,183633,2055,70349,7582,55115,7652,7196,231,222,191871,6609,46865,4688,36898,5279,5028,141,110,32147,7904,32587,2874,26279,3434,3183,147,100,247950,12082,197461,13155,164390,19916,18365,874,677,52117,4030,77898,5136,66779,5983,5225,342,416,137406,14274,121952,14996,90556,16400,14994,601,480,98174,3626,94251,5524,82178,6549,6063,124,360,58869,5644,57513,3919,48792,4802,4327,247,228,187118,3104,100409,6449,88370,5590,5257,181,152,88676,8017,71447,8742,53648,9057,6804,1024,397,115632,5698,108587,8396,92225,7966,6781,81,189,260334,7757,135102,5517,123950,5635,5251,140,227,132645,3817,98668,6894,85153,6621,6292,140,187,53594,1408,25800,2708,20028,3064,2094,786,180,109886,9296,116660,14387,86398,15875,14499,891,470,100810,10700,69585,5720,57785,6080,5467,332,278,48686,3983,40272,3222,33848,3202,2675,440,86,6642971,416205,3688432,284888,3086978,316566,287360,14061,12808
2021-09-28,78941,9876,33916,2883,27259,3774,3538,26,207,100164,33129,60278,9332,43195,7751,7049,294,403,95675,1408,55352,2337,50548,2467,2132,202,127,40870,6006,23437,1946,19500,1991,1774,150,67,147272,10418,89523,7196,75013,7314,6965,197,152,34640,2286,32092,2087,27590,2415,1974,178,261,41776,56823,21238,2062,16673,2503,2212,76,215,69221,3642,65506,7953,50021,7532,6321,901,298,2955220,93344,1100690,51863,987746,61081,55693,1551,3822,68967,3232,46906,2901,41262,2743,2516,134,90,256831,14404,174651,12232,148530,13889,13033,519,329,86572,2364,74300,5938,62407,5955,5335,470,129,51072,7958,58292,7488,42410,8394,7366,825,202,192248,16975,155365,16549,119938,18878,17051,1135,669,338536,45491,235788,32411,166425,36952,35075,690,1074,184619,2060,70498,7595,55236,7667,7204,232,228,192529,6611,46967,4693,36975,5299,5045,143,111,32323,7917,32651,2878,26332,3441,3190,147,100,248725,12090,197900,13181,164807,19912,18363,874,675,52303,4065,78066,5146,66928,5992,5231,344,417,137721,14313,122275,15039,90806,16430,15027,601,477,98464,3629,94456,5537,82369,6550,6065,124,358,59105,5654,57605,3920,48880,4805,4330,247,228,187832,3105,100620,6457,88570,5593,5262,181,150,89046,8019,71544,8753,53734,9057,6799,1027,399,115944,5701,108735,8408,92361,7966,6781,82,188,261476,7765,135647,5533,124471,5643,5258,141,227,133140,3831,98889,6907,85358,6624,6295,140,187,53695,1409,25874,2712,20091,3071,2100,786,180,110195,9300,116875,14422,86568,15885,14510,892,467,101203,10713,69873,5732,58044,6097,5482,333,279,48827,3984,40348,3224,33918,3206,2676,442,87,6665152,417522,3696157,285315,3093965,316877,287652,14084,12803
2021-09-29,79242,9881,34011,2888,27343,3780,3544,26,207,100664,33141,60501,9342,43404,7755,7056,294,400,95933,1409,55408,2337,50602,2469,2134,202,127,40966,6011,23499,1952,19552,1995,1779,148,68,147742,10424,89754,7201,75218,7335,6984,197,153,34832,2287,32169,2094,27665,2410,1970,178,260,41892,56982,21288,2065,16715,2508,2217,76,215,69452,3653,65621,7956,50124,7541,6331,901,297,2962236,93914,1101932,51897,988893,61142,55749,1552,3827,69146,3233,46964,2904,41313,2747,2521,134,90,257840,14424,175420,12258,149239,13923,13066,524,326,86693,2365,74343,5944,62444,5955,5335,470,129,51215,7973,58392,7494,42495,8403,7376,824,202,192899,17013,155708,16582,120208,18918,17084,1139,672,340714,45806,236322,32438,166903,36981,35101,688,1079,185249,2062,70633,7623,55347,7663,7207,231,223,193138,6616,47077,4697,37070,5310,5057,143,110,32487,7928,32719,2884,26391,3444,3195,147,98,249380,12093,198277,13205,165144,19928,18377,874,677,52490,4094,78206,5155,67052,5999,5233,342,424,138015,14346,122556,15067,91014,16475,15075,601,475,98766,3631,94672,5543,82562,6567,6079,125,360,59309,5666,57689,3922,48958,4809,4335,247,227,188414,3105,100809,6463,88746,5600,5267,181,152,89413,8024,71609,8766,53793,9050,6793,1029,396,116248,5705,108906,8424,92518,7964,6779,82,188,262541,7770,136189,5544,124992,5653,5270,140,226,133569,3840,99135,6923,85582,6630,6302,139,187,53799,1409,25934,2715,20144,3075,2100,788,182,110535,9309,117117,14453,86747,15917,14546,892,463,101548,10759,70132,5745,58275,6112,5493,333,283,48941,3984,40409,3227,33973,3209,2679,442,87,6685308,418857,3703401,285708,3100426,317267,288034,14089,12810
2021-09-30,79447,9885,34085,2897,27408,3780,3543,26,208,101180,33161,60726,9352,43611,7763,7063,294,401,96216,1414,55446,2338,50639,2469,2135,202,126,41069,6015,23571,1955,19613,2003,1783,149,71,148264,10429,89929,7213,75375,7341,6990,198,153,35028,2290,32251,2103,27734,2414,1972,178,262,42039,57108,21353,2069,16774,2510,2219,76,215,69629,3654,65717,7961,50206,7550,6339,901,298,2968245,94526,1102977,51925,989870,61182,55787,1554,3827,69286,3235,47030,2907,41374,2749,2522,134,91,258869,14429,176158,12279,149943,13936,13076,527,327,86849,2367,74387,5945,62481,5961,5341,470,129,51351,7982,58482,7502,42567,8413,7384,824,204,193492,17062,156012,16611,120448,18953,17111,1141,678,342373,46079,236733,32466,167264,37003,35121,689,1080,185779,2065,70717,7635,55407,7675,7215,232,226,193612,6621,47143,4699,37127,5317,5065,143,109,32682,7937,32784,2887,26448,3449,3199,148,98,249977,12096,198628,13225,165451,19952,18398,875,679,52652,4113,78343,5167,67175,6001,5236,343,422,138316,14386,122810,15103,91215,16492,15086,602,480,99010,3634,94823,5552,82706,6565,6078,125,359,59535,5682,57765,3923,49028,4814,4340,247,227,188979,3107,100981,6472,88907,5602,5270,181,151,89762,8027,71702,8776,53870,9056,6799,1030,395,116529,5707,109072,8439,92671,7962,6778,82,187,263541,7784,136674,5557,125455,5662,5281,139,225,133939,3861,99345,6930,85763,6652,6322,140,188,53892,1411,25990,2720,20192,3078,2105,787,182,110924,9324,117333,14476,86920,15937,14567,892,461,101856,10829,70333,5758,58456,6119,5501,333,282,49063,3984,40456,3232,34013,3211,2677,443,90,6703385,420204,3709756,286074,3106111,317571,288303,14105,12831
2021-10-01,79693,9893,34151,2899,27465,3787,3546,27,211,101641,33176,60920,9360,43784,7776,7077,295,399,96489,1414,55472,2338,50663,2471,2137,202,126,41130,6018,23630,1960,19664,2006,1787,150,69,148752,10432,90112,7223,75539,7350,6999,198,153,35207,2291,32343,2108,27815,2420,1977,178,263,42155,57197,21385,2074,16801,2510,2220,76,214,69801,3661,65795,7967,50270,7558,6348,902,296,2975074,95032,1104175,51967,991009,61199,55809,1558,3817,69432,3240,47073,2910,41417,2746,2521,133,90,259886,14433,176749,12300,150491,13958,13100,527,325,86976,2369,74427,5951,62510,5966,5348,470,127,51517,7993,58564,7515,42634,8415,7385,823,206,194099,17089,156288,16636,120670,18982,17134,1146,679,344206,46197,237194,32486,167686,37022,35142,689,1078,186239,2074,70802,7655,55472,7675,7220,232,221,194256,6623,47225,4704,37192,5329,5079,141,109,32871,7942,32847,2889,26506,3452,3204,148,96,250632,12108,198963,13252,165741,19970,18422,873,675,52815,4129,78472,5174,67294,6004,5237,343,424,138601,14413,123032,15135,91388,16509,15102,603,479,99215,3636,94974,5561,82838,6575,6090,125,357,59751,5698,57832,3926,49086,4820,4344,247,229,189643,3110,101165,6480,89080,5605,5272,181,152,90063,8028,71766,8783,53928,9055,6800,1030,393,116815,5711,109223,8449,92794,7980,6793,82,190,264433,7796,137114,5568,125874,5672,5289,140,226,134299,3884,99534,6946,85932,6656,6323,140,191,53974,1412,26043,2723,20240,3080,2106,789,181,111264,9331,117526,14504,87074,15948,14588,893,450,102223,10904,70501,5767,58601,6133,5517,334,279,49186,3987,40505,3234,34054,3217,2682,444,90,6722338,421221,3715802,286444,3111512,317846,288598,14119,12795
2021-10-02,79737,9904,34172,2902,27473,3797,3557,27,210,101776,33184,60983,9369,43828,7786,7083,295,403,96599,1415,55487,2342,50675,2470,2136,203,126,41168,6018,23652,1965,19681,2006,1788,149,69,148900,10434,90192,7232,75602,7358,7007,198,153,35296,2291,32374,2113,27841,2420,1977,178,263,42189,57236,21399,2075,16812,2512,2223,76,213,69834,3663,65820,7973,50285,7562,6351,902,297,2978617,95251,1104797,51995,991583,61219,55832,1560,3814,69467,3241,47086,2914,41428,2744,2520,134,88,260191,14440,177065,12318,150768,13979,13123,527,323,87059,2370,74453,5956,62526,5971,5353,471,126,51577,7996,58595,7526,42658,8411,7380,824,206,194370,17096,156414,16665,120744,19005,17157,1144,681,344776,46218,237405,32514,167842,37049,35164,692,1080,186395,2074,70857,7675,55504,7678,7224,231,221,194314,6626,47257,4711,37206,5340,5087,141,112,32944,7942,32870,2894,26524,3452,3204,148,96,250858,12109,199079,13273,165827,19979,18434,873,672,52869,4134,78554,5179,67366,6009,5242,343,424,138728,14425,123165,15162,91473,16530,15122,602,481,99283,3639,95035,5572,82880,6583,6100,125,355,59901,5699,57864,3928,49118,4818,4343,247,228,190132,3114,101270,6489,89170,5611,5280,180,151,90223,8033,71800,8785,53958,9057,6801,1030,394,116928,5713,109283,8457,92840,7986,6798,83,190,264778,7801,137320,5580,126059,5681,5296,140,228,134439,3887,99611,6959,85991,6661,6324,140,195,54008,1412,26059,2725,20255,3079,2105,790,181,111474,9334,117637,14527,87154,15956,14596,892,452,102279,10930,70532,5779,58619,6134,5517,337,277,49206,3987,40524,3237,34064,3223,2687,445,90,6730315,421616,3718611,286791,3113754,318066,288811,14127,12799
2021-10-03,79802,9911,34207,2907,27497,3803,3559,27,214,101881,33195,61041,9380,43872,7789,7087,295,402,96672,1415,55508,2346,50690,2472,2138,203,126,41199,6022,23678,1969,19702,2007,1787,151,69,149035,10438,90255,7239,75652,7364,7013,198,153,35369,2292,32437,2116,27895,2426,1979,179,266,42213,57290,21413,2077,16821,2515,2226,76,213,69881,3666,65853,7977,50306,7570,6359,903,296,2980306,95504,1105130,52036,991860,61234,55852,1563,3809,69497,3241,47096,2916,41431,2749,2524,134,89,260442,14448,177271,12338,150939,13994,13138,529,321,87129,2371,74482,5961,62545,5976,5356,471,128,51618,7998,58636,7533,42680,8423,7390,825,207,194637,17111,156519,16693,120793,19033,17181,1145,684,345142,46279,237576,32543,167980,37053,35170,691,1079,186526,2077,70912,7690,55535,7687,7230,231,224,194385,6633,47306,4723,37234,5349,5094,141,114,33022,7943,32891,2896,26538,3457,3208,149,96,251078,12112,199173,13289,165896,19988,18445,873,670,52937,4135,78639,5186,67440,6013,5247,342,424,138830,14430,123266,15194,91538,16534,15133,602,474,99338,3639,95079,5582,82913,6584,6100,125,356,60057,5706,57885,3930,49137,4818,4344,247,227,190340,3133,101309,6491,89201,5617,5286,180,151,90374,8033,71822,8792,53974,9056,6801,1028,395,117016,5715,109336,8463,92881,7992,6805,83,189,264902,7801,137404,5596,126125,5683,5298,140,228,134574,3891,99671,6970,86040,6661,6324,142,193,54035,1412,26075,2729,20265,3081,2107,790,181,111627,9339,117746,14542,87232,15972,14613,892,451,102326,10947,70576,5794,58642,6140,5519,340,278,49231,3987,40535,3240,34069,3226,2690,445,90,6735421,422114,3720727,287138,3115323,318266,289003,14140,12797
2021-10-04,80181,9920,34352,2911,27629,3812,3565,28,216,102507,33222,61338,9386,44143,7809,7103,297,403,96947,1417,55541,2348,50720,2473,2139,203,126,41334,6031,23753,1976,19773,2004,1788,150,66,149577,10445,90479,7248,75853,7378,7026,198,154,35611,2292,32555,2124,28005,2426,1978,179,267,42336,57398,21466,2082,16871,2513,2226,76,211,70139,3674,66021,7982,50457,7582,6369,904,297,2987238,95882,1106396,52069,993063,61264,55888,1564,3803,69690,3246,47177,2920,41505,2752,2528,134,88,261669,14463,178064,12352,151687,14025,13166,531,323,87303,2372,74539,5968,62590,5981,5362,471,127,51790,8011,58730,7541,42761,8428,7398,822,207,195320,17145,156860,16721,121080,19059,17204,1150,683,347387,46653,238210,32574,168568,37068,35181,690,1085,186921,2083,71011,7701,55619,7691,7235,231,223,195022,6663,47425,4737,37333,5355,5104,140,111,33268,7948,32961,2902,26598,3461,3212,149,96,251907,12120,199572,13313,166255,20004,18459,873,672,53166,4137,78841,5193,67620,6028,5261,345,422,139162,14468,123507,15227,91731,16549,15144,603,477,99676,3640,95314,5589,83129,6596,6110,125,358,60345,5723,57959,3933,49205,4821,4348,247,226,191092,3170,101505,6496,89388,5621,5290,180,151,90724,8037,71914,8799,54054,9061,6803,1030,395,117366,5717,109527,8475,93048,8004,6816,82,191,266015,7811,137996,5607,126698,5691,5309,140,225,135010,3910,99888,6987,86230,6671,6336,142,191,54127,1414,26125,2733,20310,3082,2108,789,183,112129,9351,117992,14568,87439,15985,14631,892,447,102700,11048,70787,5810,58826,6151,5525,340,283,49400,3989,40604,3246,34128,3230,2692,447,90,6757059,423400,3728409,287518,3122316,318575,289304,14152,12797
2021-10-05,80505,9936,34476,2917,27740,3819,3571,28,217,103072,33240,61579,9398,44356,7825,7112,298,409,97253,1418,55577,2349,50751,2477,2143,203,126,41438,6039,23811,1981,19824,2006,1792,150,64,150076,10447,90676,7256,76028,7392,7037,200,155,35808,2295,32641,2125,28088,2428,1981,179,266,42519,57508,21504,2085,16904,2515,2228,76,211,70394,3681,66173,7990,50589,7594,6381,905,296,2993969,96415,1107463,52098,994080,61285,55914,1562,3802,69885,3247,47251,2921,41575,2755,2531,134,88,262856,14467,178742,12377,152332,14033,13174,530,324,87439,2372,74580,5974,62622,5984,5365,471,127,51945,8020,58792,7549,42817,8426,7397,822,206,195944,17188,157169,16752,121317,19100,17242,1151,687,349381,46959,238695,32592,169012,37091,35203,690,1086,187214,2085,71107,7715,55692,7700,7245,231,222,195507,6676,47485,4743,37384,5358,5109,138,111,33476,7954,33017,2910,26644,3463,3213,149,97,252686,12128,199926,13331,166576,20019,18473,873,673,53366,4140,78979,5201,67751,6027,5260,346,421,139421,14498,123791,15248,91970,16573,15166,603,479,99986,3640,95512,5597,83310,6605,6115,125,362,60600,5725,58018,3937,49261,4820,4348,247,225,191749,3193,101685,6503,89552,5630,5298,181,151,91080,8039,72014,8804,54145,9065,6809,1029,394,117755,5721,109701,8484,93208,8009,6822,82,190,266910,7816,138423,5617,127108,5698,5318,142,221,135459,3924,100061,7000,86389,6672,6338,142,190,54208,1417,26177,2737,20357,3083,2109,790,182,112513,9358,118142,14590,87561,15991,14639,892,445,103015,11119,70997,5824,59020,6153,5530,341,279,49603,3991,40643,3249,34162,3232,2692,448,90,6777032,424656,3734807,287854,3128125,318828,289555,14158,12796
2021-10-06,80824,9948,34592,2921,27841,3830,3580,28,219,103609,33248,61867,9410,44616,7841,7128,298,410,97550,1418,55607,2350,50779,2478,2143,203,127,41538,6049,23872,1982,19879,2011,1794,151,66,150561,10454,90853,7264,76184,7405,7050,200,155,36001,2299,32741,2130,28180,2431,1984,179,266,42667,57602,21538,2087,16933,2518,2233,76,209,70654,3690,66276,7993,50678,7605,6392,906,295,2999983,96891,1108481,52121,995047,61313,55943,1563,3799,70053,3251,47305,2925,41624,2756,2533,134,87,264025,14476,179410,12394,152954,14062,13201,531,325,87582,2373,74634,5976,62663,5995,5374,472,128,52087,8025,58856,7556,42867,8433,7403,825,204,196525,17224,157402,16789,121508,19105,17250,1149,686,352066,47243,239165,32616,169445,37104,35215,690,1087,187464,2090,71203,7731,55771,7701,7247,232,220,195999,6687,47577,4745,37457,5375,5127,138,110,33695,7966,33075,2913,26698,3464,3215,149,96,253486,12131,200189,13345,166800,20044,18495,873,676,53565,4143,79093,5205,67853,6035,5263,346,426,139694,14527,124004,15269,92132,16603,15194,603,481,100236,3641,95682,5607,83463,6612,6121,125,363,60851,5729,58081,3942,49321,4818,4347,247,224,192363,3209,101850,6512,89703,5635,5304,182,149,91466,8044,72100,8811,54212,9077,6818,1031,395,118137,5729,109881,8490,93372,8019,6831,82,191,267875,7822,138842,5628,127502,5712,5330,144,221,135879,3936,100235,7007,86550,6678,6344,142,190,54288,1417,26218,2739,20383,3096,2115,794,184,112888,9361,118283,14612,87676,15995,14643,892,445,103323,11182,71159,5833,59164,6162,5535,343,281,49708,3992,40705,3253,34215,3237,2697,448,90,6796642,425797,3740776,288156,3133470,319150,289849,14176,12805
2021-10-07,81108,9957,34704,2933,27941,3830,3582,28,217,104170,33256,62156,9422,44866,7868,7148,299,416,97862,1421,55630,2352,50802,2476,2141,203,127,41641,6056,23923,1987,19927,2009,1793,151,65,150977,10460,91017,7270,76333,7414,7059,200,155,36197,2302,32813,2132,28248,2433,1984,180,267,42863,57665,21575,2093,16968,2514,2231,76,207,70878,3697,66408,8001,50794,7613,6397,908,296,3006080,97258,1109409,52140,995911,61358,55975,1563,3812,70189,3253,47362,2927,41676,2759,2535,134,88,265015,14489,179992,12408,153497,14087,13221,535,326,87720,2373,74671,5981,62690,6000,5381,471,127,52234,8031,58922,7565,42927,8430,7402,824,203,197072,17267,157615,16809,121673,19133,17277,1152,684,353953,47549,239536,32634,169780,37122,35233,691,1086,187668,2095,71277,7750,55822,7705,7253,232,218,196433,6694,47643,4752,37511,5380,5135,137,108,33887,7975,33133,2914,26748,3471,3223,149,95,254246,12133,200489,13367,167076,20046,18497,873,676,53758,4144,79174,5216,67925,6033,5264,344,425,139950,14559,124184,15288,92276,16620,15211,603,481,100506,3643,95834,5612,83610,6612,6123,125,361,61088,5731,58148,3942,49378,4828,4357,247,224,192968,3211,101987,6518,89828,5641,5310,182,149,91818,8045,72163,8817,54268,9078,6820,1030,395,118466,5735,110046,8498,93528,8020,6831,82,192,268727,7826,139139,5642,127791,5706,5336,144,209,136308,3948,100388,7016,86682,6690,6357,142,189,54385,1419,26275,2742,20434,3099,2115,794,186,113276,9367,118451,14631,87806,16014,14662,892,445,103614,11229,71318,5848,59306,6164,5542,343,276,49843,3992,40766,3256,34271,3239,2698,449,90,6814900,426780,3746148,288463,3138293,319392,290093,14183,12795
2021-10-08,81352,9962,34798,2935,28026,3837,3589,28,217,104658,33261,62434,9433,45109,7892,7172,300,415,98182,1423,55657,2354,50826,2477,2141,204,127,41732,6061,23976,1993,19973,2010,1795,152,63,151409,10462,91186,7280,76486,7420,7066,200,154,36392,2303,32879,2139,28306,2434,1984,180,268,42953,57755,21597,2094,16988,2515,2233,76,206,71079,3701,66510,8010,50888,7612,6398,908,294,3012760,97542,1110296,52175,996752,61369,55993,1562,3806,70361,3255,47442,2931,41747,2764,2537,136,89,265934,14495,180422,12425,153895,14102,13232,538,327,87855,2373,74705,5985,62712,6008,5389,471,127,52351,8040,58981,7571,42973,8437,7405,827,204,197551,17278,157820,16843,121825,19152,17297,1154,681,356171,47850,239960,32651,170158,37151,35263,691,1085,187858,2097,71359,7763,55884,7712,7260,232,218,196936,6698,47712,4759,37563,5390,5144,137,109,34074,7985,33176,2919,26780,3477,3229,149,95,255047,12137,200741,13382,167300,20059,18511,873,675,54025,4147,79280,5230,68023,6027,5265,344,418,140200,14570,124343,15318,92395,16630,15223,603,479,100745,3643,95959,5616,83723,6620,6129,125,363,61335,5746,58210,3943,49431,4836,4365,247,224,193637,3232,102158,6522,89984,5652,5321,181,150,92159,8047,72237,8823,54328,9086,6827,1030,396,118789,5741,110215,8504,93683,8028,6838,82,193,269562,7838,139461,5666,128094,5701,5343,143,198,136794,3970,100549,7025,86823,6701,6367,143,189,54469,1420,26302,2745,20457,3100,2117,794,185,113644,9378,118585,14655,87912,16018,14665,892,447,103878,11279,71478,5856,59444,6178,5554,342,279,49985,3996,40802,3257,34299,3246,2703,450,90,6833877,427685,3751230,288802,3142787,319641,290355,14194,12771
2021-10-09,81484,9967,34831,2942,28053,3836,3590,28,215,104770,33269,62528,9446,45188,7894,7177,300,412,98312,1423,55675,2357,50841,2477,2141,204,127,41760,6061,23991,1997,19984,2010,1795,152,63,151564,10464,91305,7290,76589,7426,7071,201,154,36490,2303,32902,2141,28325,2436,1985,180,269,42987,57786,21610,2096,16997,2517,2236,76,205,71135,3702,66556,8014,50923,7619,6405,908,294,3016313,97818,1110740,52205,997143,61392,56015,1564,3806,70389,3255,47460,2932,41757,2771,2542,136,91,266251,14497,180639,12439,154084,14116,13244,538,329,87924,2373,74727,5991,62724,6012,5391,472,128,52400,8043,59016,7582,42990,8444,7408,829,206,197788,17280,157918,16876,121879,19163,17309,1157,677,357071,47868,240164,32669,170325,37170,35285,692,1081,187980,2098,71389,7779,55902,7708,7256,232,218,197043,6699,47740,4764,37583,5393,5146,137,110,34165,7987,33201,2922,26801,3478,3231,148,95,255284,12139,200834,13387,167362,20085,18537,873,675,54092,4147,79353,5233,68085,6035,5269,347,419,140321,14579,124451,15339,92465,16647,15239,603,480,100827,3643,96011,5626,83762,6623,6135,125,360,61527,5752,58247,3946,49464,4837,4365,247,225,194137,3233,102251,6524,90070,5657,5325,181,151,92320,8049,72270,8829,54354,9087,6828,1032,394,118965,5742,110270,8511,93726,8033,6844,82,192,269863,7839,139617,5674,128235,5708,5350,142,199,136917,3975,100611,7034,86877,6700,6367,143,188,54503,1420,26320,2745,20471,3104,2120,795,185,113838,9382,118677,14670,87980,16027,14671,891,451,103932,11303,71508,5869,59464,6175,5551,343,278,50015,3997,40812,3260,34308,3244,2701,450,90,6842367,428093,3753624,289089,3144711,319824,290529,14208,12767
2021-10-10,81567,9972,34876,2943,28085,3848,3602,28,215,104862,33273,62615,9462,45245,7908,7189,300,413,98376,1424,55680,2364,50846,2470,2136,203,126,41803,6061,24008,2001,19996,2011,1795,151,65,151724,10466,91390,7300,76645,7445,7091,201,153,36572,2304,32942,2143,28363,2436,1986,180,268,43014,57862,21621,2097,17006,2518,2237,76,205,71205,3705,66582,8020,50944,7618,6405,907,294,3018428,98137,1111034,52224,997388,61422,56043,1564,3808,70421,3255,47475,2937,41768,2770,2541,136,91,266592,14502,180832,12456,154245,14131,13258,539,329,88001,2373,74748,5993,62738,6017,5396,472,128,52466,8055,59055,7589,43015,8451,7414,830,206,198001,17295,158017,16903,121939,19175,17323,1158,674,357676,47893,240309,32688,170440,37181,35295,693,1081,188074,2099,71431,7794,55932,7705,7253,233,217,197175,6701,47803,4767,37635,5401,5154,137,110,34248,7987,33223,2928,26814,3481,3235,148,94,255501,12141,200911,13402,167411,20098,18549,873,676,54166,4148,79435,5238,68159,6038,5270,346,422,140431,14590,124547,15354,92528,16665,15257,603,480,100897,3643,96058,5634,83796,6628,6137,125,363,61648,5756,58280,3946,49490,4844,4372,247,225,194335,3249,102299,6527,90116,5656,5324,181,151,92482,8051,72299,8833,54375,9091,6832,1032,394,119102,5744,110311,8525,93755,8031,6842,82,192,270025,7841,139695,5682,128305,5708,5353,142,196,137047,3977,100695,7042,86951,6702,6371,143,186,54527,1420,26335,2747,20480,3108,2122,795,187,114007,9387,118763,14689,88048,16026,14672,892,448,103983,11316,71546,5879,59494,6173,5552,343,275,50047,3998,40826,3264,34318,3244,2701,451,89,6848403,428625,3755641,289371,3146270,320000,290707,14211,12761
2021-10-11,81950,9982,34991,2947,28184,3860,3613,28,216,105495,33290,62971,9474,45572,7925,7205,301,413,98763,1430,55715,2365,50879,2471,2136,203,127,41933,6065,24055,2005,20037,2013,1798,151,64,152380,10469,91565,7313,76801,7451,7099,201,151,36805,2311,33014,2147,28432,2435,1985,180,268,43168,57997,21663,2100,17045,2518,2237,76,205,71549,3712,66717,8029,51064,7624,6410,907,295,3025901,98777,1112039,52255,998337,61447,56066,1569,3806,70688,3257,47558,2939,41844,2775,2545,136,92,267859,14529,181525,12469,154892,14164,13289,541,329,88184,2375,74789,5997,62767,6025,5404,472,128,52681,8062,59132,7596,43074,8462,7424,831,206,198626,17352,158291,16927,122153,19211,17353,1163,675,360255,48144,240907,32705,170985,37217,35332,693,1080,188368,2102,71527,7800,56013,7714,7261,234,217,197453,6710,47908,4770,37728,5410,5162,137,111,34478,7995,33276,2936,26855,3485,3239,147,95,256452,12145,201286,13422,167756,20108,18557,872,679,54430,4151,79563,5247,68274,6042,5272,345,425,140728,14626,124713,15377,92656,16680,15275,603,477,101268,3643,96251,5646,83967,6638,6147,125,363,61937,5762,58349,3952,49556,4841,4371,247,223,195156,3298,102515,6532,90314,5669,5336,181,152,92850,8052,72377,8841,54445,9091,6830,1033,395,119463,5748,110534,8536,93962,8036,6847,82,192,271101,7847,140153,5693,128745,5715,5359,142,197,137580,4002,100894,7052,87136,6706,6374,143,187,54639,1421,26375,2748,20515,3112,2124,797,187,114467,9393,118923,14702,88175,16046,14695,892,445,104335,11406,71706,5890,59631,6185,5562,342,278,50200,4000,40884,3270,34372,3242,2701,450,89,6871142,430053,3762166,289682,3152166,320318,291008,14224,12767
2021-10-12,82276,9993,35093,2951,28272,3870,3625,28,214,106127,33305,63273,9485,45852,7936,7217,302,411,99061,1430,55737,2369,50899,2469,2135,202,128,42039,6068,24101,2005,20079,2017,1800,152,65,153013,10477,91746,7323,76963,7460,7107,201,151,36993,2313,33068,2152,28475,2441,1992,181,266,43315,58108,21697,2102,17076,2519,2240,76,203,71684,3715,66779,8034,51117,7628,6414,908,294,3032451,99415,1112890,52285,999138,61467,56089,1570,3802,70904,3258,47618,2944,41899,2775,2546,136,91,269064,14539,182230,12491,155544,14195,13320,542,328,88334,2375,74827,6003,62800,6024,5405,472,126,52828,8068,59189,7601,43123,8465,7429,831,204,199115,17410,158495,16952,122309,19234,17374,1164,676,362366,48409,241289,32722,171336,37231,35348,692,1079,188617,2104,71595,7810,56061,7724,7272,234,216,197733,6719,47970,4779,37779,5412,5165,137,110,34697,8013,33324,2938,26899,3487,3240,147,96,257330,12149,201597,13436,168036,20125,18577,872,676,54673,4156,79653,5254,68353,6046,5279,347,420,140976,14652,124865,15400,92776,16689,15287,603,474,101584,3645,96412,5653,84109,6650,6157,125,365,62174,5767,58393,3953,49594,4846,4374,248,224,195838,3321,102691,6539,90479,5673,5340,182,151,93172,8053,72439,8845,54489,9105,6843,1035,394,119770,5758,110677,8540,94090,8047,6859,82,191,272082,7857,140469,5702,129046,5721,5368,142,194,138044,4010,101043,7064,87271,6708,6380,143,183,54730,1421,26406,2751,20543,3112,2124,798,187,114867,9398,119023,14710,88259,16054,14702,892,447,104621,11455,71847,5901,59757,6189,5568,342,276,50355,4002,40950,3273,34431,3246,2702,451,91,6890833,431363,3767386,289967,3156854,320565,291278,14237,12733
2021-10-13,82585,9997,35198,2955,28364,3879,3634,28,214,106706,33312,63534,9504,46088,7942,7226,302,409,99361,1432,55765,2369,50926,2470,2136,202,128,42133,6070,24143,2008,20120,2015,1799,152,64,153511,10481,91890,7336,77095,7459,7107,200,151,37177,2316,33112,2154,28514,2444,1996,181,265,43430,58198,21734,2102,17108,2524,2244,76,204,71928,3723,66895,8043,51222,7630,6419,908,291,3039537,99827,1113645,52302,999851,61492,56112,1572,3800,71101,3260,47668,2949,41946,2773,2543,138,90,270102,14549,182806,12513,156073,14220,13338,546,331,88480,2375,74861,6012,62826,6023,5406,471,125,52975,8077,59237,7603,43162,8472,7433,832,206,199730,17452,158664,16976,122438,19250,17383,1165,682,364122,48828,241582,32743,171585,37254,35368,694,1080,188775,2106,71647,7820,56091,7736,7287,234,213,198007,6747,48045,4783,37833,5429,5182,137,110,34905,8031,33358,2941,26928,3489,3243,147,95,258135,12151,201883,13449,168292,20142,18593,872,677,54850,4160,79749,5261,68437,6051,5282,351,418,141234,14673,125010,15418,92883,16709,15310,603,471,101887,3646,96559,5664,84238,6657,6165,125,364,62439,5775,58450,3957,49643,4850,4377,248,225,196557,3347,102834,6546,90614,5674,5341,182,151,93388,8058,72475,8849,54518,9108,6844,1035,396,120115,5760,110840,8546,94238,8056,6867,82,192,272905,7869,140813,5712,129363,5738,5384,142,195,138494,4021,101184,7070,87400,6714,6383,143,186,54821,1423,26423,2754,20559,3110,2122,798,187,115236,9404,119128,14723,88342,16063,14713,892,445,104971,11490,71988,5917,59878,6193,5579,342,268,50509,4003,40992,3273,34471,3248,2704,451,91,6910106,432561,3772112,290252,3161046,320814,291520,14251,12724
2021-10-14,82857,10002,35257,2960,28414,3883,3638,28,214,107284,33327,63830,9523,46353,7954,7242,303,404,99639,1433,55789,2371,50947,2471,2136,202,129,42238,6084,24183,2009,20154,2020,1801,155,64,153948,10484,92065,7346,77261,7458,7106,200,151,37363,2319,33154,2156,28550,2448,2000,181,265,43612,58313,21778,2103,17151,2524,2244,76,204,72204,3730,67034,8046,51348,7640,6429,908,291,3046287,100132,1114377,52317,1000524,61536,56156,1573,3799,71262,3261,47716,2953,41987,2776,2545,138,91,271052,14558,183406,12533,156616,14257,13367,549,337,88597,2377,74884,6016,62842,6026,5409,471,125,53109,8082,59303,7611,43218,8474,7435,832,206,200213,17499,158847,16998,122578,19271,17403,1167,681,366043,49085,241909,32762,171877,37270,35386,694,1078,188997,2108,71701,7830,56128,7743,7293,234,214,198432,6754,48119,4784,37896,5439,5192,137,110,35054,8046,33404,2947,26971,3486,3240,147,95,258886,12159,202155,13458,168534,20163,18614,872,677,55276,4161,79856,5268,68534,6054,5286,348,420,141489,14717,125136,15432,92976,16728,15332,603,468,102192,3647,96708,5673,84376,6659,6168,125,363,62669,5784,58509,3960,49690,4859,4386,248,225,197238,3361,102976,6548,90751,5677,5343,182,152,93676,8060,72521,8853,54556,9112,6845,1038,396,120408,5761,110981,8550,94366,8065,6877,82,191,273632,7876,141074,5728,129604,5742,5390,142,193,138819,4029,101321,7081,87519,6721,6389,144,186,54899,1423,26446,2757,20574,3115,2127,800,185,115550,9408,119247,14733,88442,16072,14723,892,444,105287,11517,72113,5928,59981,6204,5588,343,269,50642,4003,41016,3278,34493,3245,2702,451,90,6928854,433500,3776815,290512,3165211,321092,291792,14265,12717
2021-10-15,83116,10011,35298,2963,28451,3884,3641,28,212,107830,33340,64117,9532,46607,7978,7263,303,407,99938,1436,55811,2371,50967,2473,2138,202,129,42290,6087,24215,2015,20182,2018,1803,152,63,154349,10491,92204,7350,77390,7464,7111,200,152,37518,2322,33179,2160,28572,2447,2000,181,264,43718,58397,21798,2104,17170,2524,2244,76,204,72399,3731,67184,8052,51486,7646,6431,909,294,3053547,100831,1115227,52342,1001326,61559,56177,1573,3801,71450,3267,47750,2954,42019,2777,2547,138,90,271974,14566,183926,12546,157095,14285,13390,552,338,88733,2378,74918,6022,62863,6033,5416,471,125,53234,8091,59337,7617,43244,8476,7438,831,206,200633,17505,159001,17028,122696,19277,17404,1170,683,368344,49526,242253,32776,172189,37288,35402,694,1080,189143,2113,71765,7840,56173,7752,7301,234,215,198699,6758,48176,4785,37946,5445,5198,137,110,35204,8057,33434,2949,27001,3484,3238,147,95,259581,12162,202377,13475,168729,20173,18625,872,676,55539,4162,79949,5278,68620,6051,5286,348,417,141750,14739,125271,15458,93077,16736,15340,603,468,102484,3648,96830,5679,84484,6667,6175,125,364,62871,5788,58542,3961,49719,4862,4388,248,226,197949,3375,103114,6553,90876,5685,5350,182,153,93955,8063,72573,8861,54598,9114,6847,1038,396,120672,5761,111109,8556,94471,8082,6894,82,191,274378,7880,141384,5733,129903,5748,5395,141,195,139195,4042,101502,7087,87690,6725,6390,144,189,54994,1423,26469,2762,20593,3114,2127,800,185,115875,9412,119352,14754,88526,16072,14725,892,442,105614,11541,72235,5936,60088,6211,5595,343,269,50768,4003,41058,3280,34528,3250,2705,454,89,6947744,434906,3781358,290779,3169279,321300,291984,14270,12728
2021-10-16,83169,10028,35313,2965,28457,3891,3647,28,213,107951,33348,64237,9542,46704,7991,7270,303,413,100092,1436,55822,2371,50978,2473,2138,202,129,42319,6088,24228,2019,20192,2017,1802,152,63,154514,10492,92260,7358,77438,7464,7109,200,154,37610,2324,33197,2163,28589,2445,1998,181,264,43752,58431,21807,2106,17179,2522,2244,76,202,72436,3733,67220,8056,51519,7645,6429,909,295,3056769,101085,1115574,52366,1001629,61579,56194,1575,3803,71488,3268,47761,2956,42027,2778,2549,138,89,272288,14568,184192,12562,157324,14306,13410,551,340,88789,2378,74931,6026,62871,6034,5416,472,125,53282,8094,59358,7623,43254,8481,7446,830,204,200815,17506,159079,17055,122727,19297,17422,1174,680,368908,49552,242383,32788,172281,37314,35426,694,1082,189239,2113,71788,7852,56188,7748,7299,233,214,198785,6759,48213,4795,37967,5451,5204,136,111,35277,8059,33461,2954,27022,3485,3239,147,95,259783,12165,202441,13488,168777,20176,18630,872,674,55712,4165,80003,5284,68668,6051,5287,347,417,141872,14743,125329,15475,93109,16745,15355,602,463,102543,3648,96855,5691,84501,6663,6175,124,361,63019,5790,58576,3961,49747,4868,4393,248,227,198365,3404,103176,6559,90935,5682,5348,182,152,94092,8065,72598,8868,54620,9110,6844,1038,395,120784,5762,111160,8563,94510,8087,6899,83,190,274681,7882,141467,5739,129982,5746,5394,141,194,139293,4043,101570,7094,87746,6730,6395,144,189,55014,1423,26476,2762,20596,3118,2131,800,185,116019,9414,119403,14774,88564,16065,14717,892,443,105685,11548,72259,5946,60103,6210,5595,343,268,50792,4004,41068,3282,34535,3251,2704,455,89,6955137,435318,3783205,291043,3170739,321423,292109,14272,12723
2021-10-17,83205,10029,35326,2969,28461,3896,3651,28,214,108050,33354,64338,9551,46774,8013,7289,304,414,100150,1436,55834,2372,50988,2474,2139,202,129,42349,6090,24251,2025,20211,2015,1799,153,63,154670,10495,92314,7368,77484,7462,7107,200,154,37691,2326,33217,2166,28606,2445,1996,182,265,43777,58467,21812,2108,17184,2520,2244,76,200,72481,3734,67253,8059,51545,7649,6434,909,294,3058498,101386,1115741,52379,1001767,61595,56210,1576,3802,71505,3269,47771,2956,42032,2783,2553,138,90,272550,14573,184352,12577,157440,14335,13433,554,342,88878,2378,74954,6031,62885,6038,5419,473,125,53346,8100,59374,7628,43262,8484,7446,832,205,200967,17545,159152,17073,122760,19319,17438,1179,681,369356,49573,242471,32808,172342,37321,35436,694,1079,189327,2114,71807,7858,56199,7750,7301,233,214,198870,6760,48250,4800,37988,5462,5212,138,112,35340,8063,33478,2956,27036,3486,3240,147,95,259985,12167,202510,13501,168821,20188,18642,872,674,55757,4169,80041,5286,68700,6055,5290,347,418,141953,14756,125394,15494,93152,16748,15358,602,463,102609,3648,96882,5698,84518,6666,6179,124,360,63125,5790,58615,3961,49774,4880,4404,248,228,198518,3421,103212,6564,90963,5685,5352,182,151,94204,8066,72634,8869,54644,9121,6854,1039,395,120915,5763,111204,8574,94545,8085,6897,84,189,274831,7883,141519,5746,130026,5747,5397,141,192,139392,4045,101601,7103,87771,6727,6393,144,188,55051,1423,26483,2764,20599,3120,2133,799,186,116122,9416,119454,14781,88601,16072,14725,892,442,105733,11552,72278,5956,60112,6210,5599,343,264,50818,4004,41072,3284,34537,3251,2706,454,89,6960023,435795,3784594,291265,3171727,321602,292276,14289,12717
2021-10-18,83496,10034,35404,2975,28529,3900,3656,28,213,108754,33385,64792,9557,47172,8063,7325,304,428,100484,1437,55858,2372,51009,2477,2142,202,129,42456,6097,24296,2027,20249,2020,1804,153,63,155257,10500,92520,7372,77676,7472,7116,200,155,37935,2335,33247,2167,28634,2446,1998,182,264,43963,58596,21851,2110,17222,2519,2244,76,199,72776,3743,67435,8063,51712,7660,6444,909,295,3065256,101826,1116617,52393,1002607,61617,56231,1576,3803,71737,3281,47840,2957,42094,2789,2557,138,92,273698,14581,184882,12593,157929,14360,13459,555,340,89054,2380,75004,6033,62921,6050,5430,473,126,53535,8106,59427,7629,43309,8489,7451,832,205,201549,17571,159357,17100,122916,19341,17459,1181,679,371670,49821,242890,32823,172727,37340,35457,695,1076,189568,2115,71862,7872,56242,7748,7297,234,215,199228,6784,48339,4805,38061,5473,5223,138,112,35550,8073,33519,2959,27075,3485,3239,147,95,260876,12168,202813,13509,169103,20201,18653,873,675,56094,4171,80165,5287,68816,6062,5293,349,420,142239,14798,125573,15512,93296,16765,15374,602,465,102984,3649,97012,5706,84635,6671,6185,124,359,63424,5794,58684,3963,49837,4884,4409,248,227,199292,3448,103362,6569,91105,5688,5355,182,151,94544,8074,72703,8881,54703,9119,6854,1037,395,121302,5767,111368,8579,94693,8096,6907,84,190,275705,7891,141779,5760,130275,5744,5403,141,183,139868,4054,101719,7108,87876,6735,6401,144,188,55155,1425,26510,2767,20619,3124,2137,799,186,116523,9424,119559,14794,88693,16072,14727,892,440,106161,11581,72448,5963,60270,6215,5602,344,265,50971,4005,41118,3286,34579,3253,2707,454,89,6981104,436914,3789953,291491,3176584,321878,292539,14296,12722
2021-10-19,83794,10040,35473,2976,28587,3910,3664,28,215,109400,33428,65189,9572,47533,8084,7344,304,430,100823,1437,55882,2373,51032,2477,2141,203,129,42552,6099,24323,2032,20272,2019,1803,153,63,155808,10508,92689,7376,77834,7479,7123,200,155,38132,2336,33288,2169,28670,2449,1997,182,268,44128,58684,21875,2110,17244,2521,2245,76,200,72996,3749,67582,8065,51842,7675,6454,910,299,3071627,102949,1117360,52414,1003315,61631,56252,1578,3794,71975,3285,47889,2957,42140,2792,2560,138,92,274718,14589,185290,12618,158296,14376,13471,554,345,89225,2382,75058,6038,62967,6053,5433,473,126,53726,8115,59481,7637,43351,8493,7458,832,202,202080,17594,159494,17118,123021,19355,17477,1182,673,373656,50090,243221,32831,173030,37360,35478,696,1074,189754,2117,71904,7887,56272,7745,7295,234,214,199450,6803,48381,4810,38090,5481,5230,138,113,35746,8088,33548,2959,27099,3490,3243,147,96,261824,12175,203062,13523,169322,20217,18670,873,674,56288,4174,80267,5290,68912,6065,5295,349,421,142493,14820,125683,15523,93374,16786,15396,602,464,103293,3650,97106,5708,84723,6675,6187,124,361,63682,5799,58733,3964,49881,4888,4412,248,228,200054,3471,103506,6574,91245,5687,5354,183,150,94863,8078,72753,8886,54747,9120,6855,1037,395,121629,5771,111514,8589,94827,8098,6909,84,189,276522,7896,142005,5767,130488,5750,5410,141,182,140260,4063,101816,7114,87959,6743,6408,144,189,55263,1426,26534,2770,20638,3126,2137,800,188,116882,9425,119660,14807,88779,16074,14731,892,437,106528,11602,72580,5966,60390,6224,5607,345,268,51096,4005,41154,3289,34612,3253,2706,455,90,7000267,438648,3794300,291712,3180492,322096,292745,14305,12724
2021-10-20,84076,10041,35557,2980,28658,3919,3674,28,214,110052,33462,65608,9583,47908,8117,7368,305,440,101182,1437,55915,2373,51064,2478,2142,203,129,42624,6101,24342,2032,20290,2020,1804,153,63,156353,10514,92836,7379,77967,7490,7134,200,155,38352,2339,33314,2170,28691,2453,1999,182,270,44262,58778,21896,2112,17262,2522,2245,76,201,73242,3767,67725,8069,51975,7681,6461,910,298,3078270,103861,1118005,52438,1003921,61646,56266,1579,3794,72164,3290,47925,2959,42171,2795,2563,139,91,275693,14598,185769,12634,158749,14386,13482,552,346,89435,2383,75079,6040,62986,6053,5434,473,125,53883,8125,59510,7640,43373,8497,7461,832,203,202596,17610,159633,17134,123129,19370,17495,1183,669,375823,50244,243492,32845,173277,37370,35486,696,1076,189953,2118,71949,7896,56304,7749,7299,234,214,199810,6812,48429,4818,38129,5482,5231,137,114,35923,8106,33578,2962,27127,3489,3242,147,96,262665,12181,203295,13540,169532,20223,18680,873,670,56549,4179,80390,5296,69025,6069,5301,349,419,142745,14844,125799,15535,93468,16796,15409,602,461,103559,3650,97232,5711,84837,6684,6194,124,363,63884,5808,58770,3966,49915,4889,4413,248,228,200833,3489,103614,6583,91343,5688,5357,182,149,95166,8080,72810,8889,54797,9124,6858,1038,395,121925,5772,111628,8600,94932,8096,6908,84,188,277250,7902,142200,5774,130674,5752,5414,140,181,140673,4074,101936,7123,88065,6748,6412,145,189,55350,1426,26546,2770,20649,3127,2137,800,188,117213,9427,119740,14823,88837,16080,14738,893,435,106873,11620,72676,5977,60469,6230,5612,346,268,51215,4008,41176,3292,34630,3254,2706,455,90,7019593,440046,3798374,291943,3184154,322277,292925,14308,12722
2021-10-21,84268,10045,35610,2985,28706,3919,3675,28,213,110717,33483,66038,9595,48292,8151,7399,307,441,101501,1437,55937,2374,51084,2479,2142,204,129,42694,6104,24374,2034,20319,2021,1804,153,64,156958,10518,92983,7382,78101,7500,7144,200,155,38539,2343,33350,2172,28726,2452,2000,182,268,44425,58882,21912,2112,17278,2522,2245,76,201,73489,3770,67845,8073,52081,7691,6472,910,297,3083705,104623,1118617,52461,1004499,61657,56281,1579,3790,72317,3292,47963,2961,42201,2801,2568,140,91,276675,14607,186200,12651,159149,14400,13496,552,346,89631,2391,75132,6042,63033,6057,5438,473,125,54013,8131,59556,7645,43416,8495,7458,833,203,203129,17641,159809,17160,123277,19372,17499,1184,666,378291,50326,243781,32855,173538,37388,35502,696,1078,190144,2121,71991,7910,56336,7745,7296,234,213,200222,6824,48471,4823,38163,5485,5234,137,114,36109,8116,33609,2965,27150,3494,3246,147,97,263482,12185,203539,13551,169753,20235,18694,872,669,56726,4182,80470,5301,69097,6072,5306,349,417,143001,14872,125877,15553,93532,16792,15407,602,459,103860,3651,97344,5717,84935,6692,6202,124,363,64114,5822,58804,3966,49943,4895,4417,249,229,201559,3499,103740,6586,91463,5691,5359,182,150,95421,8086,72858,8893,54840,9125,6860,1038,394,122266,5778,111772,8608,95061,8103,6915,84,188,277978,7909,142408,5780,130871,5757,5420,141,179,141059,4083,102019,7134,88141,6744,6410,145,187,55433,1426,26563,2771,20662,3130,2140,800,188,117485,9429,119814,14829,88899,16086,14744,892,435,107132,11640,72753,5984,60532,6237,5618,347,268,51380,4010,41210,3293,34661,3256,2709,455,90,7037723,441226,3802349,292166,3187739,322444,293100,14315,12707
2021-10-22,84457,10048,35663,2985,28754,3924,3679,28,214,111330,33510,66458,9613,48675,8170,7420,306,440,101769,1437,55959,2375,51105,2479,2142,204,129,42774,6106,24397,2036,20340,2021,1805,152,64,157412,10522,93114,7389,78226,7499,7146,200,153,38690,2350,33378,2173,28752,2453,2001,182,268,44519,58943,21927,2112,17291,2524,2246,76,202,73729,3776,68004,8078,52228,7698,6478,911,297,3090390,105099,1119326,52477,1005166,61683,56306,1579,3792,72429,3295,48000,2967,42235,2798,2567,139,90,277522,14622,186622,12675,159543,14404,13503,550,345,89852,2391,75164,6044,63058,6062,5443,474,124,54205,8138,59596,7651,43450,8495,7457,833,204,203647,17653,159968,17179,123402,19387,17511,1185,668,380351,50496,244042,32861,173774,37407,35522,696,1077,190313,2123,72024,7918,56353,7753,7304,233,214,200497,6833,48503,4826,38191,5486,5234,137,115,36280,8125,33628,2967,27168,3493,3245,147,97,264263,12188,203730,13566,169915,20249,18709,872,668,56912,4185,80530,5302,69153,6075,5309,350,416,143245,14882,125970,15569,93601,16800,15419,603,454,104108,3652,97462,5719,85048,6695,6205,124,363,64351,5830,58840,3968,49972,4900,4421,250,229,202373,3512,103852,6589,91569,5694,5363,180,151,95713,8088,72905,8899,54883,9123,6858,1037,395,122564,5782,111917,8618,95185,8114,6926,84,188,278635,7915,142541,5788,130990,5763,5428,141,177,141469,4095,102111,7143,88226,6742,6409,145,186,55505,1426,26576,2772,20671,3133,2144,800,188,117800,9433,119865,14835,88941,16089,14748,892,434,107491,11653,72860,5988,60627,6245,5623,348,270,51562,4010,41242,3294,34687,3261,2712,456,91,7056157,442118,3806174,292376,3191179,322619,293283,14314,12703
2021-10-23,84526,10053,35689,2992,28777,3920,3679,28,210,111510,33516,66595,9627,48783,8185,7435,306,440,101880,1438,55970,2377,51116,2477,2141,204,128,42809,6107,24408,2036,20348,2024,1808,152,64,157633,10525,93184,7397,78282,7505,7151,200,154,38761,2353,33406,2179,28777,2450,2003,182,263,44573,58985,21938,2112,17300,2526,2248,76,202,73789,3780,68044,8082,52262,7700,6479,911,298,3093486,105686,1119688,52485,1005504,61699,56323,1581,3791,72439,3295,48004,2970,42237,2797,2567,139,89,277856,14626,186830,12693,159722,14415,13514,550,345,89916,2391,75177,6051,63065,6061,5445,472,123,54259,8141,59609,7657,43456,8496,7460,833,202,203779,17654,160013,17198,123423,19392,17516,1187,667,380760,50560,244155,32869,173866,37420,35538,696,1074,190399,2123,72043,7925,56362,7756,7308,233,213,200570,6834,48534,4828,38212,5494,5242,136,116,36365,8127,33641,2968,27178,3495,3247,147,97,264541,12189,203788,13575,169957,20256,18718,872,666,56975,4187,80569,5309,69182,6078,5309,350,419,143359,14893,126032,15585,93645,16802,15421,603,454,104178,3652,97500,5722,85077,6701,6209,124,365,64522,5833,58872,3970,49998,4904,4422,251,231,203004,3544,103910,6596,91618,5696,5367,180,149,95843,8088,72924,8903,54896,9125,6859,1037,396,122676,5784,111968,8624,95222,8122,6935,84,187,278911,7917,142589,5796,131032,5761,5427,141,176,141598,4096,102153,7151,88260,6742,6410,145,185,55530,1427,26584,2774,20677,3133,2145,800,187,117938,9438,119910,14846,88973,16091,14748,892,436,107571,11658,72889,5993,60647,6249,5624,348,274,51596,4010,41249,3300,34692,3257,2711,454,91,7063552,442910,3807865,292590,3192546,322729,293409,14314,12692
2021-10-24,84601,10060,35714,2996,28794,3924,3682,28,211,111626,33519,66705,9643,48857,8205,7455,307,439,101954,1438,55978,2377,51123,2478,2142,204,128,42850,6108,24420,2040,20357,2023,1808,151,64,157785,10529,93229,7407,78321,7501,7147,200,154,38853,2358,33429,2180,28798,2451,2005,182,262,44653,59023,21941,2112,17303,2526,2248,76,202,73850,3781,68081,8087,52288,7706,6484,911,299,3095046,106216,1119834,52506,1005621,61707,56328,1582,3793,72458,3296,48014,2974,42242,2798,2567,138,91,278084,14634,186983,12709,159829,14445,13540,551,348,89974,2391,75186,6056,63067,6063,5446,473,123,54326,8152,59627,7661,43466,8500,7464,834,201,203954,17660,160069,17209,123442,19418,17539,1191,666,381169,50600,244259,32882,173949,37428,35544,698,1074,190497,2123,72057,7932,56372,7753,7307,233,212,200644,6836,48551,4830,38221,5500,5248,136,116,36425,8128,33654,2970,27188,3496,3247,147,98,264795,12191,203835,13576,169989,20270,18732,872,666,57048,4190,80617,5313,69216,6088,5319,350,419,143449,14900,126077,15599,93670,16808,15427,603,454,104230,3652,97529,5726,85090,6713,6219,124,367,64639,5834,58894,3972,50013,4909,4427,252,230,203228,3560,103950,6601,91647,5702,5373,180,149,95962,8088,72950,8906,54916,9128,6859,1039,397,122784,5786,112013,8631,95257,8125,6938,84,187,279069,7922,142644,5801,131079,5764,5433,140,174,141697,4100,102193,7158,88286,6749,6416,145,186,55570,1427,26596,2775,20687,3134,2147,800,186,118039,9438,119957,14857,89006,16094,14750,893,437,107627,11661,72905,5996,60658,6251,5626,348,274,51619,4010,41256,3300,34698,3258,2712,454,91,7068505,443611,3809147,292782,3193450,322915,293579,14326,12698
2021-10-25,85037,10067,35807,2998,28880,3929,3685,28,213,112342,33566,67287,9656,49401,8230,7475,308,444,102280,1440,56011,2378,51156,2477,2142,203,128,42961,6121,24454,2043,20385,2026,1810,150,66,158417,10543,93436,7413,78509,7514,7160,200,154,39070,2364,33470,2183,28837,2450,2006,181,261,44847,59110,21966,2115,17326,2525,2249,76,200,74170,3785,68273,8093,52462,7718,6494,912,300,3101024,106848,1120591,52523,1006342,61726,56345,1584,3794,72734,3300,48081,2979,42302,2800,2567,138,93,279076,14648,187492,12719,160305,14468,13559,554,349,90131,2391,75216,6058,63093,6065,5448,473,123,54506,8156,59682,7665,43512,8505,7468,834,202,204617,17680,160243,17228,123577,19438,17562,1192,663,384092,50802,244677,32893,174343,37441,35557,698,1074,190658,2123,72086,7937,56396,7753,7308,233,211,201011,6845,48610,4831,38271,5508,5256,136,116,36636,8145,33690,2970,27218,3502,3251,147,100,265864,12197,204084,13586,170207,20291,18753,872,666,57337,4192,80711,5316,69305,6090,5322,349,419,143724,14918,126185,15614,93746,16825,15443,604,454,104663,3653,97671,5731,85219,6721,6228,124,366,64909,5845,58941,3976,50058,4907,4425,252,230,204066,3595,104075,6606,91764,5705,5377,180,148,96317,8091,73009,8910,54961,9138,6863,1042,400,123137,5792,112219,8635,95447,8137,6949,84,187,280009,7932,142867,5811,131292,5764,5437,140,170,142178,4113,102328,7167,88406,6755,6421,146,186,55684,1427,26624,2779,20713,3132,2147,800,184,118542,9440,120051,14864,89083,16104,14760,893,436,107965,11684,73029,6005,60773,6251,5626,348,274,51784,4011,41308,3303,34741,3264,2715,456,92,7089788,444824,3814174,292985,3198030,323159,293808,14337,12703
2021-10-26,85353,10073,35867,3002,28932,3933,3689,28,213,113047,33590,67769,9673,49857,8239,7479,311,446,102581,1441,56032,2378,51177,2477,2142,203,128,43068,6126,24480,2045,20409,2026,1810,150,66,159024,10551,93579,7413,78633,7533,7178,200,155,39254,2370,33496,2184,28861,2451,2007,181,261,45037,59197,21983,2117,17343,2523,2248,76,199,74468,3792,68419,8098,52589,7732,6507,912,301,3106707,107144,1121243,52534,1006962,61747,56362,1584,3798,72972,3304,48126,2982,42332,2812,2577,140,93,279943,14656,187944,12735,160724,14485,13576,553,350,90327,2392,75266,6061,63137,6068,5451,474,122,54669,8162,59730,7670,43553,8507,7472,834,200,205229,17682,160394,17242,123694,19458,17579,1195,663,386216,50900,244978,32904,174628,37446,35563,699,1072,190828,2124,72121,7940,56426,7755,7309,233,212,201270,6856,48643,4839,38296,5508,5258,135,115,36807,8150,33720,2973,27243,3504,3254,147,99,266976,12207,204279,13596,170386,20297,18761,873,663,57568,4192,80796,5318,69379,6099,5328,349,422,143945,14930,126264,15625,93810,16829,15450,604,451,104976,3654,97760,5737,85297,6726,6233,124,366,65177,5849,58969,3980,50082,4907,4427,252,228,204795,3634,104190,6613,91864,5713,5388,180,145,96589,8092,73064,8914,55009,9141,6869,1041,398,123450,5794,112410,8644,95621,8145,6956,84,188,280765,7936,143005,5814,131423,5768,5441,139,171,142523,4124,102414,7174,88486,6754,6422,145,185,55786,1427,26641,2780,20727,3134,2150,800,183,118936,9449,120130,14870,89147,16113,14766,894,438,108261,11701,73145,6010,60881,6254,5628,352,271,51936,4013,41329,3304,34759,3266,2718,455,92,7108483,445512,3818186,293169,3201667,323350,293998,14347,12694
2021-10-27,85629,10076,35914,3008,28977,3929,3685,28,213,113744,33620,68222,9683,50277,8262,7498,311,450,102827,1441,56047,2378,51187,2482,2146,203,129,43141,6133,24510,2047,20437,2026,1809,151,66,159568,10554,93750,7419,78784,7547,7191,200,156,39424,2374,33519,2187,28878,2454,2009,181,262,45149,59251,21991,2117,17350,2524,2249,76,199,74699,3798,68558,8107,52710,7741,6519,912,298,3112298,107199,1121755,52542,1007449,61764,56376,1585,3800,73171,3306,48177,2982,42381,2814,2578,140,94,280792,14665,188350,12754,161093,14503,13596,552,349,90498,2394,75307,6062,63163,6082,5464,474,123,54834,8165,59794,7673,43608,8513,7476,834,202,205830,17694,160513,17256,123790,19467,17590,1196,660,388249,51053,245305,32913,174922,37470,35587,699,1072,191028,2125,72149,7944,56449,7756,7311,233,211,201501,6865,48668,4842,38316,5510,5260,135,115,36980,8160,33752,2974,27271,3507,3257,147,99,267949,12210,204452,13599,170541,20312,18776,873,663,57765,4194,80857,5325,69430,6102,5326,350,426,144181,14950,126346,15635,93873,16838,15461,604,449,105283,3654,97839,5746,85369,6724,6231,124,367,65417,5854,59017,3983,50125,4909,4427,252,230,205492,3648,104268,6615,91932,5721,5395,181,145,96860,8093,73116,8918,55048,9150,6878,1040,399,123729,5795,112543,8651,95741,8151,6959,84,191,281583,7945,143177,5825,131585,5767,5442,138,170,142846,4137,102507,7178,88568,6761,6428,145,186,55879,1429,26654,2782,20738,3134,2151,800,182,119377,9454,120201,14884,89207,16110,14765,895,435,108617,11729,73235,6012,60956,6267,5637,353,274,52053,4019,41360,3307,34785,3268,2721,455,91,7126393,445984,3821853,293348,3204940,323565,294198,14351,12706
2021-10-28,85980,10101,35980,3012,29037,3931,3686,28,214,114399,33636,68688,9708,50691,8289,7525,311,450,103071,1442,56060,2379,51200,2481,2146,202,129,43251,6136,24528,2049,20455,2024,1807,151,66,160089,10559,93877,7426,78901,7550,7194,200,156,39588,2377,33537,2190,28896,2451,2009,181,259,45320,59328,22003,2118,17361,2524,2250,76,198,74937,3801,68707,8122,52840,7745,6525,912,296,3117933,107255,1122282,52552,1007945,61785,56392,1586,3804,73328,3307,48211,2986,42411,2814,2577,141,94,281563,14667,188780,12769,161477,14534,13628,552,348,90670,2395,75366,6063,63216,6087,5469,474,123,54992,8170,59841,7674,43651,8516,7480,834,201,206348,17708,160657,17273,123904,19480,17609,1194,656,389790,51162,245498,32926,175096,37476,35595,699,1070,191197,2125,72180,7950,56474,7756,7312,233,210,201788,6872,48708,4846,38350,5512,5263,135,114,37161,8162,33770,2977,27289,3504,3254,147,99,268917,12212,204627,13608,170694,20325,18789,874,662,57922,4198,80914,5327,69479,6108,5331,350,427,144411,14974,126414,15646,93920,16848,15470,606,448,105608,3654,97946,5749,85464,6733,6239,124,368,65633,5860,59037,3983,50144,4910,4428,252,230,206201,3664,104358,6615,92015,5728,5400,182,146,97200,8104,73168,8922,55093,9153,6881,1040,399,124003,5799,112678,8654,95852,8172,6977,84,194,282290,7957,143293,5828,131698,5767,5443,138,169,143105,4145,102598,7184,88655,6759,6427,145,185,55953,1431,26673,2784,20754,3135,2152,800,182,119777,9455,120252,14888,89247,16117,14771,895,435,108882,11747,73333,6016,61044,6273,5642,355,273,52162,4020,41375,3310,34799,3266,2722,452,91,7143469,446423,3825339,293534,3208052,323753,294393,14353,12696
2021-10-29,86158,10102,36017,3014,29070,3933,3685,28,217,115010,33663,69110,9729,51064,8317,7551,314,448,103276,1443,56076,2379,51215,2482,2147,202,129,43338,6137,24562,2049,20487,2026,1808,152,66,160549,10561,94006,7431,79024,7551,7195,200,156,39704,2379,33562,2192,28919,2451,2010,181,258,45440,59384,22014,2118,17370,2526,2251,76,199,75129,3804,68821,8131,52941,7749,6528,913,296,3123144,107338,1122959,52567,1008601,61791,56399,1587,3802,73466,3310,48237,2991,42432,2814,2580,140,92,282324,14671,189103,12790,161757,14556,13647,552,351,90832,2396,75409,6067,63246,6096,5477,474,124,55110,8174,59887,7679,43694,8514,7480,834,199,206867,17710,160760,17289,123981,19490,17617,1194,658,391320,51278,245722,32934,175297,37491,35609,698,1072,191329,2127,72198,7959,56488,7751,7311,233,206,202058,6877,48766,4848,38402,5516,5267,135,114,37309,8170,33787,2979,27303,3505,3256,147,98,269854,12212,204760,13616,170813,20331,18795,874,662,58056,4199,80957,5331,69514,6112,5334,350,428,144643,14990,126478,15662,93971,16845,15470,606,445,105882,3654,98015,5757,85528,6730,6238,124,366,65862,5866,59062,3984,50167,4911,4430,252,229,206796,3666,104439,6618,92092,5729,5401,182,146,97432,8107,73226,8929,55145,9152,6880,1040,399,124282,5799,112828,8661,95982,8185,6992,84,192,282929,7971,143434,5832,131834,5768,5447,138,166,143406,4152,102672,7185,88726,6761,6429,145,185,56004,1431,26686,2784,20764,3138,2155,800,182,120097,9461,120299,14897,89285,16117,14770,895,436,109165,11757,73423,6021,61122,6280,5649,355,273,52296,4021,41400,3311,34819,3270,2724,453,93,7159067,446810,3828675,293734,3211053,323888,294532,14358,12687
2021-10-30,86212,10103,36029,3016,29073,3940,3692,29,216,115177,33673,69254,9748,51175,8331,7569,316,442,103405,1443,56094,2380,51231,2483,2148,203,128,43366,6137,24571,2051,20493,2027,1809,152,66,160743,10562,94056,7434,79068,7554,7197,200,157,39775,2382,33576,2193,28932,2451,2011,181,257,45460,59406,22017,2119,17372,2526,2250,76,200,75191,3806,68888,8134,52991,7763,6537,916,298,3125804,107352,1123170,52581,1008783,61806,56412,1592,3799,73491,3310,48246,2992,42438,2816,2582,140,92,282596,14672,189238,12820,161858,14560,13659,551,346,90910,2397,75423,6069,63256,6098,5479,474,124,55169,8176,59903,7681,43708,8514,7479,835,199,207026,17713,160794,17302,123995,19497,17627,1194,655,391969,51292,245825,32945,175375,37505,35623,699,1071,191405,2129,72215,7963,56499,7753,7314,233,205,202137,6882,48789,4850,38420,5519,5270,135,114,37363,8171,33798,2979,27313,3506,3257,147,98,270126,12214,204803,13625,170843,20335,18803,873,659,58114,4199,80982,5333,69534,6115,5335,350,430,144748,15003,126514,15666,93995,16853,15477,607,445,105966,3654,98034,5766,85544,6724,6236,124,362,66012,5870,59069,3985,50172,4912,4431,252,229,207179,3700,104482,6621,92131,5730,5404,181,145,97536,8108,73236,8932,55154,9150,6879,1039,399,124380,5800,112874,8671,96016,8187,6994,84,192,283153,7976,143475,5834,131868,5773,5449,138,169,143523,4179,102705,7189,88757,6759,6428,145,184,56039,1431,26692,2785,20766,3141,2158,800,182,120214,9463,120324,14903,89305,16116,14770,895,435,109210,11761,73444,6026,61137,6281,5648,355,275,52306,4023,41404,3312,34823,3269,2723,453,93,7165705,446987,3829924,293905,3212025,323994,294650,14369,12666
2021-10-31,86234,10107,36035,3019,29076,3940,3693,29,215,115309,33683,69366,9754,51262,8350,7586,316,444,103463,1446,56097,2380,51234,2483,2148,203,128,43406,6139,24579,2053,20499,2027,1811,151,65,160865,10567,94096,7441,79101,7554,7198,200,156,39836,2384,33581,2197,28934,2450,2012,181,255,45469,59428,22020,2119,17375,2526,2250,76,200,75225,3806,68919,8138,53008,7773,6545,917,299,3127259,107372,1123266,52592,1008860,61814,56419,1592,3800,73513,3311,48258,2998,42447,2813,2579,141,91,282853,14677,189401,12843,161977,14581,13677,554,346,90979,2398,75444,6073,63270,6101,5482,474,124,55220,8182,59922,7683,43720,8519,7485,836,197,207152,17727,160837,17310,124020,19507,17635,1194,657,392250,51308,245884,32952,175411,37521,35638,699,1072,191481,2129,72227,7968,56504,7755,7316,233,205,202222,6886,48805,4851,38429,5525,5274,137,114,37413,8172,33802,2980,27315,3507,3258,147,98,270324,12215,204846,13629,170873,20344,18812,873,659,58191,4201,80999,5335,69549,6115,5337,350,428,144867,15014,126546,15670,94016,16860,15482,608,446,106020,3654,98054,5770,85554,6730,6242,124,362,66140,5870,59075,3987,50178,4910,4430,252,228,207301,3717,104508,6626,92150,5732,5407,181,144,97612,8108,73253,8933,55162,9158,6887,1040,398,124471,5801,112919,8674,96050,8195,7001,83,193,283265,7977,143493,5839,131882,5772,5448,138,169,143609,4181,102722,7189,88771,6762,6431,145,184,56060,1431,26703,2787,20777,3139,2157,800,181,120341,9465,120340,14914,89316,16110,14768,895,431,109257,11766,73464,6033,61149,6282,5649,355,275,52320,4023,41407,3312,34825,3270,2724,453,93,7169927,447145,3830868,294049,3212694,324125,294781,14377,12657
2021-11-01,86443,10111,36078,3022,29114,3942,3694,30,215,116011,33709,69940,9769,51786,8385,7617,317,447,103690,1447,56121,2380,51257,2484,2148,203,129,43453,6144,24585,2055,20504,2026,1810,151,65,161466,10575,94281,7448,79272,7561,7206,200,155,39968,2385,33592,2199,28943,2450,2011,181,256,45540,59494,22031,2120,17385,2526,2250,76,200,75393,3807,69009,8143,53074,7792,6562,918,300,3131399,107675,1123707,52607,1009274,61826,56431,1593,3799,73698,3313,48307,3001,42488,2818,2584,141,91,283785,14686,189759,12856,162299,14604,13699,554,347,91114,2402,75466,6076,63287,6103,5485,474,123,55359,8186,59977,7684,43769,8524,7489,836,198,207717,17739,160969,17327,124132,19510,17636,1198,655,393641,51338,246058,32959,175565,37534,35651,699,1072,191637,2130,72259,7973,56532,7754,7315,233,205,202449,6891,48841,4857,38461,5523,5275,137,111,37559,8177,33834,2984,27343,3507,3258,147,98,271448,12223,204990,13635,171004,20351,18819,873,659,58464,4201,81054,5340,69599,6115,5340,349,426,145056,15022,126584,15675,94051,16858,15481,608,445,106330,3654,98150,5775,85649,6726,6240,124,360,66383,5875,59094,3988,50193,4913,4433,252,228,207921,3748,104620,6630,92254,5736,5409,180,147,97847,8110,73293,8940,55198,9155,6889,1040,393,124742,5804,113094,8685,96209,8200,7006,83,193,283633,7982,143550,5842,131933,5775,5452,138,168,143907,4192,102791,7196,88830,6765,6435,145,183,56118,1431,26710,2789,20784,3137,2156,799,181,120717,9467,120390,14921,89355,16114,14773,895,431,109531,11784,73565,6044,61238,6283,5651,355,274,52411,4024,41425,3316,34841,3268,2722,453,93,7184830,447726,3834124,294236,3215623,324265,294927,14382,12647
2021-11-02,86608,10115,36106,3027,29138,3941,3693,30,215,116731,33726,70453,9790,52267,8396,7634,317,441,103909,1448,56133,2381,51268,2484,2148,203,129,43479,6144,24594,2058,20512,2024,1809,151,64,161847,10581,94444,7454,79422,7568,7213,200,155,40091,2388,33607,2199,28955,2453,2014,181,256,45598,59526,22036,2120,17389,2527,2251,76,200,75536,3809,69097,8152,53143,7802,6573,919,298,3133992,108104,1123919,52615,1009458,61846,56448,1595,3800,73810,3314,48344,3002,42520,2822,2587,140,93,284359,14693,190027,12868,162534,14625,13715,556,350,91201,2412,75480,6079,63295,6106,5487,474,124,55498,8189,60017,7685,43805,8527,7492,836,198,208131,17742,161058,17343,124200,19515,17643,1196,656,394400,51357,246183,32970,175665,37548,35666,700,1070,191765,2131,72279,7978,56544,7757,7318,233,205,202586,6896,48861,4862,38477,5522,5275,137,110,37680,8180,33850,2984,27355,3511,3262,147,98,272379,12233,205141,13645,171136,20360,18828,873,659,58691,4203,81083,5343,69625,6115,5340,350,425,145194,15031,126630,15682,94083,16865,15490,609,442,106576,3655,98222,5776,85718,6728,6240,124,362,66571,5879,59103,3988,50200,4915,4434,253,228,208360,3759,104681,6632,92310,5739,5411,180,148,98040,8112,73326,8943,55221,9162,6890,1047,392,124924,5805,113196,8693,96293,8210,7017,83,193,283873,7983,143575,5849,131956,5770,5451,138,164,144155,4197,102855,7199,88883,6773,6443,145,183,56178,1431,26713,2790,20785,3138,2157,799,182,121026,9469,120426,14927,89381,16118,14778,895,430,109716,11787,73646,6048,61303,6295,5662,356,274,52488,4025,41440,3318,34853,3269,2723,454,92,7195392,448324,3836525,294400,3217694,324431,295092,14397,12636
2021-11-03,86892,10126,36159,3033,29184,3942,3695,30,214,117540,33757,70975,9807,52744,8424,7661,317,443,104134,1449,56149,2381,51281,2487,2150,204,129,43575,6148,24603,2059,20521,2023,1809,151,63,162349,10584,94629,7459,79595,7575,7219,200,156,40266,2394,33628,2202,28974,2452,2014,181,255,45706,59583,22047,2120,17399,2528,2252,76,200,75775,3811,69283,8162,53305,7816,6587,919,298,3140385,108599,1124581,52628,1010099,61854,56458,1595,3798,74040,3317,48402,3002,42564,2836,2599,141,94,285368,14696,190388,12890,162866,14632,13727,556,345,91361,2426,75525,6084,63332,6109,5490,474,124,55749,8202,60052,7686,43835,8531,7493,836,201,208687,17755,161171,17352,124305,19514,17643,1196,655,396197,51431,246386,32979,175841,37566,35680,701,1073,191970,2134,72309,7978,56566,7765,7325,233,206,202862,6900,48880,4866,38493,5521,5276,135,110,37848,8186,33876,2988,27379,3509,3261,147,97,273357,12239,205272,13652,171253,20367,18835,873,659,58928,4206,81133,5347,69667,6119,5345,350,424,145485,15072,126694,15694,94136,16864,15490,609,441,106933,3655,98318,5780,85809,6729,6239,125,363,66834,5887,59130,3989,50223,4918,4437,253,228,209002,3779,104762,6637,92387,5738,5410,180,148,98284,8115,73358,8945,55247,9166,6894,1047,392,125231,5806,113361,8708,96440,8213,7021,83,193,284707,7991,143738,5854,132113,5771,5455,137,161,144518,4205,102944,7205,88966,6773,6444,145,182,56301,1432,26720,2790,20791,3139,2158,799,182,121470,9472,120484,14934,89428,16122,14783,895,429,110004,11806,73746,6050,61396,6300,5667,357,273,52620,4025,41462,3318,34871,3273,2726,455,92,7214378,449188,3840165,294579,3221010,324576,295243,14400,12628
2021-11-04,87137,10130,36206,3036,29226,3944,3697,30,214,118299,33795,71478,9833,53184,8461,7685,319,454,104386,1454,56159,2381,51290,2488,2151,204,129,43696,6149,24620,2059,20535,2026,1811,151,64,162783,10591,94774,7462,79730,7582,7226,200,156,40429,2400,33643,2203,28987,2453,2013,181,257,45853,59643,22053,2120,17404,2529,2253,76,200,76013,3814,69467,8168,53480,7819,6588,920,299,3147045,109083,1125204,52636,1010706,61862,56466,1595,3798,74233,3319,48436,3002,42593,2841,2603,141,95,286226,14702,190744,12903,163194,14647,13740,556,347,91586,2436,75560,6088,63362,6110,5491,474,124,55944,8204,60089,7688,43866,8535,7496,838,200,209206,17762,161262,17361,124386,19515,17644,1197,654,398065,51590,246583,32984,176017,37582,35699,701,1070,192160,2135,72333,7979,56587,7767,7328,233,205,203212,6904,48905,4869,38516,5520,5275,135,110,37967,8194,33884,2991,27387,3506,3260,147,95,274120,12239,205404,13656,171369,20379,18847,873,659,59245,4207,81206,5350,69732,6124,5352,350,422,145754,15093,126750,15704,94183,16863,15489,609,441,107246,3655,98411,5783,85896,6732,6244,125,361,67082,5891,59145,3989,50235,4921,4440,253,228,209709,3820,104861,6639,92484,5738,5411,180,147,98517,8115,73395,8951,55278,9166,6894,1048,391,125561,5810,113528,8714,96594,8220,7029,83,193,285490,8002,143833,5856,132200,5777,5462,137,160,144773,4212,103018,7211,89033,6774,6445,145,182,56402,1432,26727,2790,20795,3142,2161,799,182,121869,9477,120526,14939,89457,16130,14790,895,430,110244,11825,73821,6056,61457,6308,5676,357,272,52766,4025,41488,3319,34895,3274,2728,454,92,7233018,450108,3843513,294720,3224058,324735,295394,14406,12631
2021-11-05,87340,10133,36251,3036,29268,3947,3700,30,214,119001,33849,71972,9843,53619,8510,7723,320,463,104612,1456,56178,2381,51309,2488,2151,204,129,43766,6152,24631,2062,20544,2025,1811,151,63,163194,10601,94932,7464,79877,7591,7234,201,156,40569,2401,33653,2206,28994,2453,2013,181,257,45984,59704,22059,2120,17410,2529,2253,76,200,76213,3817,69642,8173,53647,7822,6593,919,298,3153862,109510,1125735,52651,1011221,61863,56464,1597,3799,74400,3324,48482,3004,42638,2840,2603,141,94,287018,14705,190992,12917,163419,14656,13751,554,347,91812,2452,75588,6093,63384,6111,5493,474,123,56100,8205,60113,7691,43887,8535,7496,838,200,209614,17772,161354,17375,124457,19522,17652,1198,652,399970,51680,246735,32991,176146,37598,35714,700,1072,192294,2139,72356,7985,56602,7769,7329,234,205,203520,6915,48928,4870,38530,5528,5284,135,109,38098,8206,33895,2993,27396,3506,3260,147,95,274825,12241,205512,13663,171456,20393,18860,873,660,59423,4210,81259,5353,69778,6128,5357,350,421,145987,15109,126792,15711,94215,16866,15494,609,439,107512,3655,98489,5784,85972,6733,6246,125,360,67306,5892,59163,3993,50250,4920,4439,253,228,210343,3844,104946,6641,92559,5746,5420,180,146,98741,8116,73445,8956,55325,9164,6892,1049,390,125870,5816,113702,8717,96748,8237,7044,85,193,286078,8008,143939,5858,132299,5782,5464,137,163,145045,4221,103084,7216,89093,6775,6447,145,181,56509,1433,26742,2791,20808,3143,2162,799,182,122263,9479,120568,14943,89485,16140,14801,895,429,110518,11843,73899,6063,61525,6311,5680,357,271,52876,4025,41504,3320,34909,3275,2728,455,92,7250663,450913,3846540,294864,3226770,324906,295558,14412,12631
2021-11-06,87392,10135,36262,3038,29268,3956,3709,30,214,119169,33855,72118,9853,53716,8549,7754,321,470,104684,1456,56187,2382,51317,2488,2152,203,129,43785,6153,24636,2062,20547,2027,1813,151,63,163360,10607,94990,7470,79927,7593,7234,202,157,40654,2405,33659,2209,28997,2453,2014,181,256,46014,59738,22064,2120,17414,2530,2253,76,201,76262,3818,69702,8183,53695,7824,6596,920,296,3156618,109912,1126096,52654,1011567,61875,56473,1597,3802,74428,3326,48485,3006,42640,2839,2604,141,92,287257,14705,191115,12930,163519,14666,13761,555,346,91893,2453,75602,6096,63397,6109,5491,474,123,56169,8216,60128,7692,43897,8539,7497,839,202,209758,17773,161388,17383,124473,19532,17664,1198,650,400473,51695,246799,33003,176193,37603,35721,700,1070,192374,2139,72374,7986,56611,7777,7336,234,206,203590,6915,48942,4875,38541,5526,5282,135,109,38156,8206,33906,2994,27402,3510,3263,147,96,275044,12244,205551,13670,171487,20394,18861,873,660,59498,4210,81302,5354,69816,6132,5360,350,422,146095,15119,126821,15719,94231,16871,15500,608,439,107591,3655,98525,5788,86005,6732,6247,125,358,67442,5893,59177,3995,50260,4922,4442,253,227,210765,3862,104997,6642,92605,5750,5424,180,146,98835,8120,73462,8958,55340,9164,6893,1048,390,126011,5819,113776,8727,96815,8234,7041,86,192,286320,8009,143971,5861,132327,5783,5467,137,161,145137,4225,103121,7220,89121,6780,6452,145,181,56534,1434,26746,2792,20808,3146,2164,799,183,122419,9483,120584,14948,89494,16142,14803,895,429,110577,11846,73927,6070,61549,6308,5679,358,268,52896,4025,41510,3322,34914,3274,2728,454,92,7257200,451451,3847923,295002,3227893,325028,295678,14415,12630
2021-11-07,87454,10135,36271,3038,29272,3961,3714,30,214,119329,33866,72249,9871,53811,8567,7772,322,470,104757,1456,56196,2382,51326,2488,2152,203,129,43817,6155,24641,2062,20551,2028,1814,151,63,163498,10610,95038,7476,79962,7600,7240,202,158,40726,2406,33664,2210,29001,2453,2014,181,256,46033,59768,22065,2120,17415,2530,2253,76,201,76327,3824,69742,8189,53719,7834,6604,921,297,3158204,110229,1126220,52665,1011677,61878,56478,1596,3801,74461,3327,48496,3008,42647,2841,2607,141,91,287505,14707,191236,12951,163615,14670,13766,554,346,91996,2456,75620,6098,63411,6111,5493,474,123,56222,8227,60144,7697,43910,8537,7497,839,200,209941,17780,161412,17394,124484,19534,17666,1199,649,400830,51715,246872,33010,176249,37613,35730,700,1071,192448,2139,72383,7994,56616,7773,7333,234,205,203659,6918,48953,4877,38544,5532,5287,135,110,38209,8206,33914,2995,27407,3512,3266,147,95,275239,12247,205597,13676,171523,20398,18865,873,660,59544,4210,81329,5355,69840,6134,5362,350,422,146173,15127,126853,15724,94252,16877,15506,608,439,107652,3655,98548,5789,86020,6739,6252,125,360,67563,5897,59199,3995,50278,4926,4446,253,227,210994,3880,105034,6648,92634,5752,5426,180,146,98915,8120,73480,8961,55351,9168,6896,1049,390,126128,5821,113833,8737,96865,8231,7038,86,192,286542,8010,143990,5862,132345,5783,5468,137,160,145204,4226,103145,7224,89138,6783,6454,145,182,56559,1434,26750,2792,20811,3147,2165,799,183,122535,9484,120608,14952,89506,16150,14810,895,430,110615,11856,73940,6070,61560,6310,5681,358,268,52925,4025,41513,3323,34917,3273,2727,454,92,7262004,451916,3848935,295145,3228657,325133,295782,14417,12630
2021-11-08,87764,10150,36357,3041,29352,3964,3717,30,214,120079,33913,72851,9901,54360,8590,7795,323,469,105105,1457,56221,2382,51349,2490,2154,203,129,43983,6163,24659,2063,20567,2029,1815,151,63,164073,10627,95241,7484,80146,7611,7251,202,158,40878,2410,33671,2211,29007,2453,2014,181,256,46150,59842,22072,2120,17421,2531,2254,76,201,76635,3852,69976,8197,53935,7844,6612,921,298,3164683,110642,1126774,52678,1012210,61886,56485,1595,3803,74668,3328,48543,3010,42683,2850,2615,142,91,288591,14717,191603,12967,163948,14688,13786,554,344,92218,2459,75660,6100,63446,6114,5494,475,124,56475,8235,60168,7699,43933,8536,7498,839,198,210609,17788,161535,17403,124591,19541,17673,1199,649,402698,51765,247145,33028,176505,37612,35730,700,1070,192652,2142,72411,7996,56637,7778,7336,235,206,204035,6920,48975,4880,38561,5534,5289,135,110,38365,8222,33939,2996,27431,3512,3266,147,95,276381,12252,205753,13681,171661,20411,18877,873,661,59908,4214,81401,5361,69911,6129,5359,350,420,146479,15164,126906,15728,94294,16884,15514,608,438,108106,3655,98685,5790,86150,6745,6258,125,360,67825,5903,59217,3996,50294,4927,4448,253,226,211727,3909,105148,6653,92739,5756,5428,181,147,99219,8121,73538,8963,55403,9172,6898,1051,390,126545,5824,114100,8750,97111,8239,7047,86,191,287445,8015,144097,5867,132450,5780,5466,137,159,145543,4241,103249,7226,89234,6789,6460,145,182,56685,1435,26763,2794,20823,3146,2164,799,183,123078,9488,120672,14957,89560,16155,14815,896,429,110950,11875,74021,6073,61636,6312,5682,358,269,53074,4025,41547,3326,34948,3273,2728,454,91,7282626,452753,3852898,295321,3232296,325281,295928,14424,12624
2021-11-09,88036,10157,36417,3043,29407,3967,3720,30,214,120851,33963,73363,9925,54834,8604,7807,323,471,105726,1459,56253,2382,51380,2491,2155,203,129,44108,6170,24667,2063,20574,2030,1816,151,63,164632,10630,95453,7491,80341,7621,7262,202,157,41039,2417,33680,2213,29015,2452,2014,181,255,46275,59883,22087,2120,17434,2533,2256,76,201,76922,3860,70170,8203,54109,7858,6621,923,300,3170483,111037,1127266,52689,1012674,61903,56501,1596,3803,74882,3332,48592,3013,42726,2853,2618,142,91,289488,14721,191929,12979,164239,14711,13810,554,343,92435,2463,75694,6101,63476,6117,5497,475,124,56683,8252,60194,7700,43954,8540,7501,839,199,211328,17796,161618,17409,124660,19549,17681,1199,649,404371,51806,247373,33035,176718,37620,35740,700,1068,192787,2142,72433,7998,56651,7784,7340,235,208,204349,6923,48994,4883,38574,5537,5291,135,111,38539,8235,33951,2999,27442,3510,3264,147,95,277441,12258,205880,13688,171767,20425,18891,874,660,60260,4215,81466,5362,69967,6137,5365,350,422,146716,15182,126959,15731,94334,16894,15524,608,438,108380,3655,98785,5792,86249,6744,6258,125,359,68063,5904,59238,3998,50311,4929,4450,253,226,212373,3922,105257,6657,92840,5760,5434,180,146,99443,8121,73589,8967,55446,9176,6901,1052,390,126923,5826,114288,8754,97280,8254,7061,86,192,288082,8019,144159,5869,132512,5778,5465,137,158,145898,4253,103322,7230,89301,6791,6463,145,181,56791,1437,26775,2795,20835,3145,2163,799,183,123478,9492,120710,14961,89592,16157,14816,898,428,111232,11899,74102,6076,61712,6314,5682,359,270,53179,4025,41571,3329,34965,3277,2730,455,92,7301193,453454,3856235,295455,3235319,325461,296097,14432,12626
2021-11-10,88262,10162,36482,3045,29464,3973,3727,30,213,121573,33996,73840,9947,55250,8643,7835,325,480,106221,1459,56291,2383,51417,2491,2155,203,129,44198,6175,24675,2064,20581,2030,1816,151,63,165182,10633,95617,7495,80490,7632,7272,203,157,41174,2420,33690,2213,29024,2453,2015,181,255,46362,59944,22090,2120,17437,2533,2256,76,201,77208,3865,70344,8213,54266,7865,6625,924,302,3176430,111376,1127779,52699,1013162,61918,56514,1596,3805,75059,3335,48622,3013,42753,2856,2621,142,91,290386,14722,192181,12986,164465,14730,13825,557,344,92654,2468,75732,6102,63510,6120,5500,475,124,56855,8264,60220,7702,43975,8543,7504,840,198,211854,17803,161709,17420,124735,19554,17687,1199,648,405830,51897,247608,33045,176942,37621,35743,700,1066,192945,2144,72446,8000,56662,7784,7340,235,208,204673,6926,49003,4884,38581,5538,5292,135,111,38684,8250,33962,3003,27452,3507,3262,147,94,278404,12262,206035,13696,171900,20439,18905,875,659,60560,4216,81528,5366,70022,6140,5367,350,423,146992,15201,127003,15735,94370,16898,15529,607,438,108673,3655,98881,5793,86334,6754,6264,126,362,68331,5907,59247,4000,50319,4928,4449,253,226,213140,3933,105353,6661,92926,5766,5438,180,148,99632,8121,73628,8971,55479,9178,6902,1054,389,127259,5826,114508,8768,97479,8261,7069,87,190,288736,8025,144233,5871,132581,5781,5468,137,158,146224,4260,103392,7233,89361,6798,6469,145,182,56889,1441,26794,2795,20854,3145,2163,799,183,123879,9495,120737,14964,89613,16160,14820,898,428,111541,11917,74158,6083,61763,6312,5683,359,267,53301,4026,41595,3329,34984,3282,2734,456,92,7319111,454124,3859383,295599,3238151,325633,296249,14445,12634
2021-11-11,88468,10166,36546,3047,29521,3978,3732,30,213,122300,34028,74228,9969,55599,8660,7862,325,470,106569,1461,56342,2383,51467,2492,2156,203,129,44290,6177,24686,2066,20590,2030,1816,151,63,165715,10637,95772,7503,80630,7639,7280,203,156,41299,2423,33702,2214,29034,2454,2017,181,254,46512,60013,22098,2121,17444,2533,2255,76,202,77473,3870,70506,8221,54409,7876,6636,925,301,3181759,111752,1128382,52707,1013734,61941,56540,1596,3802,75232,3338,48669,3014,42797,2858,2623,142,91,291234,14723,192483,12999,164741,14743,13837,559,343,92835,2471,75749,6103,63524,6122,5502,475,124,57019,8274,60246,7704,43997,8545,7507,840,197,212318,17807,161783,17431,124800,19552,17684,1201,647,407338,52065,247779,33052,177095,37632,35756,699,1065,193083,2144,72475,8002,56688,7785,7341,235,208,204998,6930,49032,4884,38603,5545,5299,135,111,38798,8256,33970,3004,27458,3508,3263,147,94,279399,12283,206186,13703,172024,20459,18925,875,659,60869,4218,81583,5374,70069,6140,5371,350,419,147239,15222,127046,15738,94401,16907,15538,607,438,108923,3655,98993,5797,86441,6755,6266,126,361,68564,5911,59255,4000,50325,4930,4451,253,226,213895,3948,105438,6667,93004,5767,5438,180,149,99837,8121,73677,8974,55521,9182,6907,1052,389,127626,5830,114736,8774,97688,8274,7082,86,191,289282,8030,144292,5874,132637,5781,5469,138,156,146496,4264,103456,7235,89419,6802,6472,145,183,56977,1441,26799,2796,20859,3144,2163,799,182,124268,9497,120772,14971,89644,16157,14819,897,427,111787,11935,74213,6091,61809,6313,5686,358,266,53418,4029,41619,3330,35005,3284,2735,456,93,7335820,454919,3862513,295748,3240977,325788,296428,14445,12609
2021-11-12,88635,10170,36616,3048,29586,3982,3736,30,213,122937,34053,74618,9992,55945,8681,7883,325,470,106933,1473,56375,2383,51498,2494,2158,203,129,44370,6178,24697,2067,20599,2031,1816,152,63,166184,10639,95905,7508,80746,7651,7291,204,156,41397,2425,33708,2215,29039,2454,2017,181,254,46588,60087,22103,2121,17449,2533,2255,76,202,77723,3877,70660,8229,54543,7888,6643,926,305,3187199,111991,1128881,52714,1014210,61957,56555,1596,3803,75363,3339,48711,3015,42829,2867,2630,142,92,292012,14731,192771,13009,164998,14764,13855,561,344,93026,2473,75772,6104,63539,6129,5508,475,125,57171,8279,60271,7705,44015,8551,7510,842,198,212688,17810,161846,17437,124852,19557,17692,1200,645,408598,52245,247950,33059,177252,37639,35763,699,1065,193245,2146,72495,8006,56702,7787,7343,235,208,205218,6934,49076,4887,38643,5546,5301,135,110,38900,8261,33989,3004,27475,3510,3265,147,94,280259,12295,206321,13707,172144,20470,18935,875,660,61235,4221,81639,5376,70118,6145,5373,350,422,147448,15232,127088,15739,94429,16920,15551,607,438,109171,3655,99083,5803,86526,6754,6269,126,357,68763,5914,59266,4000,50334,4932,4453,253,226,214539,3953,105533,6671,93091,5771,5441,180,150,100040,8123,73700,8976,55538,9186,6908,1055,389,127960,5841,114955,8778,97891,8286,7095,86,190,289854,8034,144352,5876,132691,5785,5470,138,159,146737,4270,103514,7236,89471,6807,6476,145,184,57068,1441,26806,2796,20865,3145,2164,799,182,124582,9499,120814,14975,89682,16157,14818,897,428,112041,11948,74266,6092,61855,6319,5692,358,266,53535,4030,41636,3330,35022,3284,2735,456,93,7351419,455567,3865417,295858,3243577,325982,296601,14454,12620
2021-11-13,88663,10173,36625,3051,29590,3984,3737,30,214,123132,34060,74740,10006,56034,8700,7903,325,469,107225,1481,56400,2385,51522,2493,2159,203,127,44402,6178,24700,2067,20602,2031,1816,152,63,166344,10644,95973,7517,80795,7661,7300,205,156,41451,2426,33718,2215,29049,2454,2017,181,254,46617,60128,22108,2121,17451,2536,2256,76,204,77771,3879,70708,8237,54576,7895,6647,926,308,3189511,112241,1129116,52720,1014422,61974,56569,1598,3804,75383,3339,48721,3017,42833,2871,2634,142,92,292234,14732,192920,13019,165127,14774,13865,563,342,93085,2473,75779,6105,63540,6134,5513,475,125,57211,8280,60287,7709,44028,8550,7511,842,196,212803,17811,161873,17445,124867,19561,17695,1201,645,408962,52252,248019,33065,177308,37646,35771,698,1065,193298,2146,72505,8010,56709,7786,7342,235,208,205291,6934,49087,4888,38653,5546,5302,135,109,38936,8261,34002,3007,27484,3511,3266,147,94,280512,12295,206350,13717,172168,20465,18930,875,660,61300,4223,81664,5380,70136,6148,5378,350,420,147548,15243,127111,15741,94445,16925,15552,607,442,109254,3655,99106,5804,86544,6758,6271,126,359,68934,5916,59271,4002,50338,4931,4453,253,225,214905,3971,105594,6674,93144,5776,5444,180,152,100106,8123,73723,8981,55559,9183,6905,1055,389,128057,5859,115041,8787,97958,8296,7103,86,192,290037,8035,144366,5884,132704,5778,5468,137,155,146815,4274,103533,7242,89483,6808,6478,145,183,57081,1441,26808,2796,20865,3147,2166,799,182,124698,9499,120829,14978,89689,16162,14823,897,428,112081,11952,74282,6097,61866,6319,5695,358,263,53555,4030,41642,3333,35028,3281,2732,456,93,7357202,455954,3866601,296000,3244517,326084,296701,14458,12618
2021-11-14,88694,10178,36631,3054,29592,3985,3738,30,214,123301,34066,74821,10034,56085,8702,7907,325,467,107408,1484,56435,2386,51552,2497,2162,204,127,44431,6178,24703,2067,20605,2031,1816,152,63,166450,10648,96018,7520,80823,7675,7314,205,156,41489,2430,33721,2217,29052,2452,2016,181,253,46639,60174,22109,2123,17452,2534,2254,76,204,77829,3883,70765,8243,54615,7907,6658,929,306,3190743,112535,1129258,52730,1014542,61986,56581,1599,3803,75400,3339,48733,3019,42839,2875,2637,142,93,292389,14733,193017,13030,165200,14787,13878,563,342,93156,2473,75784,6109,63544,6131,5510,475,125,57262,8282,60300,7714,44037,8549,7512,842,194,212917,17812,161888,17450,124875,19563,17698,1200,645,409292,52262,248071,33071,177342,37658,35784,699,1063,193349,2146,72510,8013,56710,7787,7342,235,209,205368,6934,49112,4888,38675,5549,5303,135,111,38976,8262,34009,3007,27490,3512,3267,147,94,280756,12300,206380,13719,172191,20470,18936,875,659,61332,4223,81686,5380,70154,6152,5382,350,420,147630,15249,127140,15745,94461,16934,15558,607,445,109301,3655,99123,5807,86551,6765,6279,126,358,69097,5920,59275,4004,50342,4929,4451,253,225,215059,3988,105607,6678,93154,5775,5443,180,152,100174,8123,73731,8982,55562,9187,6906,1058,389,128148,5867,115114,8796,98005,8313,7114,86,198,290147,8036,144377,5886,132709,5782,5470,138,156,146856,4277,103544,7244,89491,6809,6478,145,184,57099,1441,26814,2797,20868,3149,2168,799,182,124817,9501,120844,14984,89696,16164,14827,898,425,112124,11960,74292,6102,61870,6320,5696,358,263,53566,4032,41647,3334,35031,3282,2734,455,93,7361199,456391,3867459,296133,3245115,326211,296819,14467,12618
2021-11-15,88739,10179,36646,3055,29602,3989,3741,30,215,123527,34093,75012,10058,56236,8718,7922,325,468,107624,1484,56478,2387,51595,2496,2162,203,127,44473,6178,24707,2067,20609,2031,1816,152,63,166656,10654,96124,7531,80909,7684,7323,205,156,41556,2434,33727,2217,29055,2455,2018,181,254,46693,60246,22111,2123,17454,2534,2254,76,204,77920,3884,70825,8251,54656,7918,6669,929,306,3192203,112984,1129416,52740,1014678,61998,56594,1600,3801,75446,3339,48749,3020,42852,2877,2638,142,94,292692,14738,193179,13045,165325,14809,13898,565,342,93259,2474,75793,6113,63552,6128,5507,475,125,57329,8290,60313,7717,44042,8554,7516,842,195,213070,17815,161919,17459,124897,19563,17697,1200,646,409790,52317,248128,33079,177379,37670,35797,699,1062,193436,2146,72520,8015,56713,7792,7347,235,209,205461,6935,49131,4889,38693,5549,5303,135,111,39026,8264,34013,3007,27494,3512,3267,147,94,281101,12301,206444,13725,172242,20477,18943,875,659,61536,4226,81729,5380,70195,6154,5384,350,420,147734,15262,127168,15748,94481,16939,15562,607,446,109377,3655,99143,5811,86567,6765,6279,126,358,69207,5921,59279,4005,50344,4930,4452,253,225,215397,4026,105657,6682,93196,5779,5450,180,149,100233,8123,73745,8985,55569,9191,6911,1057,389,128246,5882,115236,8809,98096,8331,7133,86,197,290344,8037,144406,5888,132735,5783,5471,138,156,146967,4280,103576,7245,89521,6810,6479,145,184,57143,1441,26816,2799,20870,3147,2166,799,182,124948,9503,120859,14988,89708,16163,14826,898,425,112174,11963,74317,6105,61890,6322,5697,358,264,53595,4032,41653,3334,35036,3283,2734,455,94,7366902,457106,3868819,296277,3246191,326351,296956,14468,12620
2021-11-16,88973,10180,36753,3057,29701,3995,3748,30,214,124297,34132,75566,10091,56736,8739,7942,325,469,108081,1484,56543,2388,51657,2498,2163,204,127,44585,6187,24721,2068,20621,2032,1818,151,63,167231,10664,96340,7542,81105,7693,7329,207,157,41671,2437,33735,2217,29059,2459,2020,181,256,46830,60290,22126,2123,17468,2535,2255,76,204,78284,3894,71100,8260,54893,7947,6692,930,311,3197949,113500,1129930,52748,1015162,62020,56612,1600,3805,75640,3343,48824,3024,42917,2883,2643,143,94,293663,14744,193524,13064,165634,14826,13914,566,342,93494,2474,75823,6114,63581,6128,5507,475,125,57536,8296,60335,7720,44059,8556,7517,842,196,213556,17822,162020,17466,124988,19566,17698,1201,647,411301,52450,248368,33085,177608,37675,35802,699,1062,193600,2146,72540,8018,56728,7794,7349,235,209,205688,6941,49144,4892,38706,5546,5302,135,109,39195,8273,34030,3008,27509,3513,3268,147,94,282113,12308,206600,13734,172383,20483,18948,875,660,61861,4228,81800,5382,70262,6156,5386,350,420,147985,15289,127211,15750,94514,16947,15570,607,446,109654,3655,99222,5813,86643,6766,6280,126,358,69483,5926,59293,4005,50355,4933,4455,253,225,216082,4056,105748,6686,93283,5779,5450,180,149,100483,8125,73799,8988,55618,9193,6914,1057,388,128646,5889,115539,8816,98378,8345,7144,86,200,291056,8042,144459,5890,132784,5785,5475,138,154,147254,4289,103634,7250,89571,6813,6482,145,184,57240,1441,26821,2799,20875,3147,2166,799,182,125373,9508,120902,14989,89744,16169,14833,897,425,112464,11991,74400,6107,61962,6331,5704,358,266,53739,4032,41681,3334,35063,3284,2735,455,94,7385007,458036,3872531,296428,3249567,326536,297121,14473,12635
2021-11-17,89128,10181,36790,3060,29731,3999,3755,30,211,125099,34157,76115,10109,57231,8775,7971,325,474,108572,1486,56603,2389,51714,2500,2166,204,126,44660,6192,24725,2069,20625,2031,1817,151,63,167776,10670,96545,7546,81292,7707,7343,207,157,41788,2437,33743,2219,29065,2459,2022,181,254,46927,60327,22135,2123,17477,2535,2255,76,204,78605,3905,71370,8273,55124,7973,6712,934,313,3203096,114054,1130506,52755,1015709,62042,56636,1600,3803,75801,3349,48882,3026,42971,2885,2645,143,94,294473,14747,193854,13078,165936,14840,13924,568,344,93644,2475,75835,6117,63593,6125,5504,475,125,57732,8298,60361,7722,44082,8557,7519,842,195,214013,17828,162097,17473,125051,19573,17701,1202,650,412843,52635,248549,33092,177770,37687,35814,699,1062,193746,2147,72553,8021,56739,7793,7349,234,209,205946,6945,49158,4892,38718,5548,5304,135,109,39310,8280,34035,3009,27513,3513,3268,147,94,283181,12313,206727,13739,172491,20497,18963,875,659,62180,4228,81840,5384,70297,6159,5389,350,420,148210,15311,127243,15750,94537,16956,15577,607,448,109907,3656,99292,5816,86708,6768,6278,126,362,69730,5933,59305,4005,50365,4935,4457,253,225,216711,4085,105849,6689,93380,5780,5450,180,150,100676,8126,73850,8990,55662,9198,6920,1056,388,129011,5896,115817,8827,98619,8371,7165,86,205,291634,8049,144510,5890,132829,5791,5480,138,155,147564,4300,103708,7254,89638,6816,6483,146,185,57331,1441,26828,2799,20878,3151,2170,799,182,125808,9510,120936,14994,89772,16170,14834,897,424,112771,12008,74458,6110,62011,6337,5710,358,266,53852,4032,41703,3335,35082,3286,2736,455,95,7401725,459001,3875922,296555,3252610,326757,297317,14479,12651
2021-11-18,89317,10194,36829,3062,29766,4001,3757,30,211,125832,34176,76559,10123,57626,8810,8004,325,476,109409,1489,56646,2390,51755,2501,2166,204,127,44744,6196,24737,2069,20637,2031,1817,151,63,168288,10674,96729,7550,81455,7724,7361,207,156,41905,2438,33745,2220,29066,2459,2022,181,254,47087,60381,22142,2124,17484,2534,2255,76,203,78875,3913,71585,8283,55311,7991,6726,938,313,3208425,114690,1131030,52765,1016200,62065,56656,1601,3805,75922,3352,48924,3027,43008,2889,2647,144,95,295354,14754,194164,13096,166218,14850,13937,568,340,93790,2478,75848,6120,63601,6127,5506,475,125,57922,8309,60380,7727,44097,8556,7520,843,192,214445,17831,162178,17477,125120,19581,17709,1202,650,414274,52734,248701,33100,177898,37703,35829,699,1063,193900,2147,72567,8021,56751,7795,7351,234,209,206079,6948,49178,4895,38735,5548,5305,135,108,39407,8287,34051,3011,27527,3513,3268,147,94,284083,12318,206851,13746,172599,20506,18973,875,658,62467,4229,81893,5388,70342,6163,5392,351,420,148390,15324,127281,15752,94562,16967,15586,607,449,110164,3656,99371,5816,86776,6779,6286,126,365,70005,5937,59316,4006,50376,4934,4456,253,225,217333,4101,105939,6690,93467,5782,5452,180,150,100917,8127,73890,8992,55698,9200,6922,1055,389,129385,5906,116109,8837,98885,8387,7178,88,206,292204,8057,144535,5891,132850,5794,5482,138,156,147814,4304,103764,7255,89687,6822,6488,146,186,57421,1442,26833,2799,20883,3151,2170,799,182,126186,9515,120982,14996,89812,16174,14837,897,425,113024,12020,74506,6117,62055,6334,5707,358,266,53967,4032,41720,3335,35095,3290,2737,458,95,7418335,459959,3878983,296680,3255342,326961,297502,14491,12656
2021-11-19,89481,10203,36875,3066,29803,4006,3763,30,210,126473,34193,77002,10140,58028,8834,8023,325,481,109870,1490,56686,2392,51792,2502,2167,204,127,44821,6200,24744,2070,20644,2030,1817,151,62,168757,10683,96882,7556,81589,7737,7373,208,156,41988,2438,33745,2220,29066,2459,2022,181,254,47176,60423,22143,2124,17485,2534,2255,76,203,79140,3924,71756,8292,55465,7999,6733,939,314,3213987,115328,1131616,52771,1016753,62092,56682,1602,3805,76052,3356,48975,3028,43054,2893,2650,144,96,296227,14761,194424,13112,166448,14864,13950,570,339,93935,2482,75866,6121,63617,6128,5507,475,125,58031,8311,60393,7728,44108,8557,7521,843,192,214879,17834,162245,17483,125176,19586,17712,1203,651,415369,52792,248824,33111,178003,37710,35836,699,1063,194023,2149,72579,8023,56759,7797,7352,234,210,206262,6949,49195,4896,38750,5549,5306,135,108,39493,8291,34057,3011,27533,3513,3268,147,94,284874,12325,206957,13754,172689,20514,18982,875,657,62724,4229,81943,5390,70385,6168,5396,351,421,148593,15336,127308,15754,94582,16972,15590,607,450,110404,3656,99435,5819,86831,6785,6293,126,364,70212,5941,59326,4008,50383,4935,4458,253,224,217892,4130,106005,6692,93528,5785,5456,180,149,101130,8128,73924,8995,55727,9202,6923,1055,390,129708,5912,116345,8841,99097,8407,7199,88,205,292737,8068,144576,5892,132888,5796,5485,138,155,148019,4313,103814,7256,89731,6827,6493,146,186,57503,1442,26845,2799,20894,3152,2171,799,182,126535,9520,121010,14999,89837,16174,14837,897,425,113237,12037,74558,6121,62100,6337,5707,358,269,54047,4033,41751,3336,35126,3289,2736,458,95,7433579,460877,3881804,296800,3257871,327133,297663,14497,12662
2021-11-20,89537,10204,36888,3068,29812,4008,3765,30,210,126669,34198,77158,10165,58154,8839,8025,328,481,110199,1490,56715,2392,51820,2503,2168,204,127,44848,6200,24749,2071,20647,2031,1817,151,63,168976,10692,96965,7571,81652,7742,7377,209,156,42030,2438,33747,2220,29068,2459,2022,181,254,47198,60445,22144,2125,17486,2533,2255,76,202,79201,3930,71815,8305,55512,7998,6731,940,314,3216536,115934,1131894,52775,1017012,62107,56696,1603,3805,76092,3356,48982,3031,43057,2894,2653,144,94,296456,14763,194566,13123,166570,14873,13958,569,341,94000,2482,75873,6124,63621,6128,5507,476,124,58082,8316,60398,7730,44111,8557,7520,843,193,215001,17835,162268,17488,125187,19593,17717,1203,653,415702,52838,248889,33119,178050,37720,35847,699,1062,194106,2149,72585,8023,56762,7800,7355,234,210,206331,6951,49212,4898,38764,5550,5305,135,110,39544,8292,34065,3012,27538,3515,3270,147,94,285102,12326,206992,13758,172710,20524,18995,875,654,62891,4230,81979,5391,70416,6172,5399,351,422,148668,15341,127327,15761,94592,16974,15591,607,451,110456,3657,99459,5822,86849,6788,6295,126,365,70415,5945,59334,4008,50391,4935,4458,253,224,218321,4158,106044,6693,93564,5787,5458,180,149,101188,8128,73931,8997,55732,9202,6923,1055,390,129821,5916,116482,8846,99221,8415,7208,88,204,292930,8071,144587,5894,132897,5796,5487,137,154,148088,4316,103834,7260,89743,6831,6497,146,186,57521,1442,26850,2801,20896,3153,2172,799,182,126687,9522,121024,15001,89843,16180,14843,897,425,113306,12038,74572,6127,62107,6338,5708,358,269,54069,4033,41754,3340,35127,3287,2736,456,95,7439971,461636,3883082,296939,3258911,327232,297758,14500,12663
2021-11-21,89576,10205,36898,3068,29815,4015,3772,30,210,126812,34209,77289,10185,58252,8852,8040,329,478,110281,1490,56727,2392,51831,2504,2168,205,127,44879,6202,24756,2071,20652,2033,1818,151,64,169114,10694,97042,7580,81710,7752,7387,209,156,42067,2438,33748,2220,29069,2459,2022,181,254,47226,60471,22146,2126,17487,2533,2255,76,202,79269,3937,71869,8312,55547,8010,6742,941,315,3218365,116387,1132056,52783,1017142,62131,56719,1602,3807,76155,3356,48991,3033,43062,2896,2655,144,94,296723,14767,194667,13138,166648,14881,13962,571,343,94074,2484,75879,6126,63626,6127,5507,475,124,58142,8318,60412,7730,44123,8559,7521,843,194,215164,17836,162299,17492,125204,19603,17725,1204,654,416009,52917,248943,33122,178093,37728,35855,699,1062,194221,2149,72594,8027,56767,7800,7357,234,208,206394,6954,49216,4899,38767,5550,5305,135,110,39587,8293,34078,3014,27548,3516,3271,147,94,285327,12327,207015,13773,172724,20518,18991,875,652,62979,4232,81995,5395,70430,6170,5399,350,421,148765,15348,127350,15764,94606,16980,15596,607,452,110502,3657,99472,5825,86856,6791,6298,126,365,70608,5946,59339,4008,50396,4935,4458,253,224,218532,4175,106085,6695,93598,5792,5463,180,149,101251,8128,73943,9002,55741,9200,6922,1054,390,129959,5923,116576,8859,99296,8421,7217,88,201,293097,8076,144598,5894,132903,5801,5491,137,155,148160,4317,103849,7262,89753,6834,6501,146,185,57558,1442,26850,2803,20896,3151,2171,799,181,126813,9525,121040,15004,89850,16186,14849,897,425,113356,12041,74579,6132,62108,6339,5710,358,268,54104,4036,41759,3341,35129,3289,2739,456,94,7445069,462280,3884060,297075,3259629,327356,297886,14502,12658
2021-11-22,89828,10211,37002,3071,29909,4022,3779,30,210,127691,34232,77850,10217,58764,8869,8061,329,474,110710,1490,56789,2392,51893,2504,2168,205,127,44995,6206,24765,2072,20661,2032,1818,151,63,169698,10718,97280,7585,81927,7768,7401,209,158,42209,2438,33755,2221,29076,2458,2021,181,254,47342,60546,22153,2126,17493,2534,2256,76,202,79659,3945,72179,8316,55818,8045,6771,941,320,3223823,116830,1132605,52787,1017670,62148,56732,1602,3811,76332,3358,49066,3035,43125,2906,2664,145,94,297714,14769,195047,13152,167011,14884,13961,570,347,94269,2486,75903,6126,63648,6129,5509,475,124,58320,8325,60428,7732,44135,8561,7521,845,194,215707,17843,162401,17498,125290,19613,17733,1206,654,417389,53052,249085,33126,178215,37744,35868,699,1065,194413,2150,72615,8028,56781,7806,7362,234,209,206658,6959,49242,4899,38790,5553,5307,135,111,39719,8301,34099,3014,27567,3518,3273,147,94,286338,12329,207140,13784,172838,20518,18990,876,652,63339,4234,82060,5398,70485,6177,5403,350,424,149055,15363,127783,15772,95029,16982,15599,607,451,110843,3659,99550,5831,86924,6795,6304,126,363,70949,5954,59351,4011,50407,4933,4456,253,224,219347,4202,106202,6701,93708,5793,5463,180,150,101527,8129,74000,9003,55792,9205,6927,1054,391,130417,5937,116978,8872,99666,8440,7235,90,200,293823,8080,144648,5896,132948,5804,5492,138,156,148449,4325,103903,7264,89803,6836,6503,146,185,57644,1443,26863,2804,20906,3153,2172,800,181,127279,9530,121080,15008,89886,16186,14849,897,425,113663,12066,74633,6134,62156,6343,5716,358,266,54238,4053,41792,3341,35159,3292,2742,456,94,7463387,463163,3888247,297216,3263480,327551,298056,14511,12673
2021-11-23,90060,10216,37075,3073,29972,4030,3787,30,210,128498,34255,78370,10233,59249,8888,8076,330,477,111410,1497,56848,2392,51950,2506,2170,205,127,45069,6210,24776,2072,20671,2033,1819,151,63,170394,10742,97480,7595,82104,7781,7412,210,159,42320,2438,33764,2222,29083,2459,2023,181,253,47460,60599,22157,2126,17497,2534,2256,76,202,80016,3957,72437,8331,56047,8059,6787,940,319,3228926,117159,1133051,52794,1018085,62172,56753,1601,3815,76476,3361,49133,3040,43177,2916,2672,146,95,298560,14771,195368,13162,167308,14898,13973,570,349,94455,2486,75923,6127,63667,6129,5509,475,124,58507,8333,60460,7734,44160,8566,7525,846,194,216135,17847,162478,17507,125354,19617,17739,1209,649,418608,53226,249281,33133,178381,37767,35892,701,1062,194563,2151,72634,8031,56792,7811,7368,234,208,206853,6963,49256,4899,38801,5556,5309,136,111,39830,8309,34110,3014,27578,3518,3273,147,94,287254,12336,207251,13790,172936,20525,18995,876,654,63515,4235,82087,5400,70511,6176,5404,350,422,149312,15390,127983,15776,95223,16984,15599,607,453,111097,3659,99613,5833,86982,6798,6306,126,364,71277,5963,59360,4011,50415,4934,4457,253,224,219972,4228,106291,6704,93784,5803,5471,181,151,101753,8129,74038,9005,55825,9208,6928,1056,391,130895,5938,117256,8884,99916,8456,7251,90,200,294346,8083,144673,5897,132970,5806,5494,138,156,148677,4335,103951,7269,89846,6836,6503,146,185,57720,1443,26869,2804,20912,3153,2172,800,181,127646,9538,121115,15011,89914,16190,14852,897,426,113940,12087,74677,6137,62190,6350,5724,359,264,54333,4064,41826,3341,35186,3299,2748,456,95,7479877,463948,3891591,297347,3266486,327758,298247,14523,12677
2021-11-24,90262,10220,37155,3076,30043,4036,3792,30,211,129245,34280,78871,10256,59688,8927,8106,330,487,112244,1499,56901,2394,52002,2505,2170,205,126,45145,6211,24784,2073,20679,2032,1818,151,63,170957,10755,97682,7605,82272,7805,7438,208,159,42410,2439,33772,2222,29090,2460,2024,181,253,47562,60631,22161,2126,17500,2535,2257,76,202,80372,3969,72669,8347,56256,8066,6790,942,321,3234110,117507,1133460,52801,1018478,62181,56764,1601,3813,76658,3363,49174,3041,43214,2919,2675,146,95,299261,14776,195617,13169,167526,14922,13993,571,351,94633,2486,75940,6127,63679,6134,5514,475,124,58647,8336,60477,7735,44173,8569,7529,846,193,216564,17848,162579,17511,125441,19627,17750,1208,649,419951,53288,249416,33136,178494,37786,35909,703,1062,194728,2152,72650,8036,56803,7811,7369,234,207,207051,6966,49264,4900,38808,5556,5310,135,111,39919,8315,34119,3016,27584,3519,3272,148,95,288096,12347,207366,13794,173037,20535,19002,877,655,63800,4238,82127,5401,70546,6180,5406,350,424,149575,15400,128126,15779,95356,16991,15605,607,454,111329,3660,99682,5839,87050,6793,6304,126,361,71618,5973,59367,4011,50422,4934,4457,253,224,220552,4245,106377,6708,93862,5807,5474,181,152,101952,8130,74091,9005,55870,9216,6935,1057,391,131320,5943,117541,8891,100170,8480,7275,89,201,295003,8088,144701,5899,132995,5807,5497,138,154,148916,4347,104003,7272,89892,6839,6507,146,184,57806,1444,26874,2804,20913,3157,2176,800,181,128018,9545,121136,15018,89930,16188,14852,895,426,114198,12094,74736,6139,62243,6354,5728,359,264,54454,4088,41849,3344,35208,3297,2746,456,95,7496356,464583,3894667,297475,3269224,327968,298444,14524,12688
2021-11-25,90474,10227,37232,3076,30109,4047,3802,31,211,129954,34300,79303,10268,60071,8964,8137,331,491,112612,1500,56951,2395,52050,2506,2170,205,127,45243,6213,24789,2074,20682,2033,1820,151,62,171509,10766,97838,7615,82406,7817,7450,210,157,42499,2440,33775,2224,29093,2458,2022,181,253,47707,60711,22165,2126,17504,2535,2257,76,202,80631,3976,72918,8358,56468,8092,6808,944,327,3239030,117842,1134083,52805,1019085,62193,56777,1602,3811,76799,3365,49214,3043,43245,2926,2683,146,94,299989,14779,195836,13175,167715,14946,14016,571,352,94791,2487,75958,6129,63695,6134,5515,475,123,58781,8338,60491,7737,44184,8570,7531,846,192,216971,17855,162657,17520,125505,19632,17757,1208,647,421126,53357,249612,33141,178667,37804,35927,703,1062,194852,2154,72666,8039,56813,7814,7371,234,208,207229,6972,49279,4901,38820,5558,5312,135,111,40025,8319,34126,3016,27591,3519,3272,148,95,288808,12355,207474,13798,173129,20547,19013,877,656,63922,4240,82178,5404,70592,6182,5409,350,423,150507,15411,128234,15781,95455,16998,15612,607,454,111544,3663,99725,5840,87087,6798,6308,126,362,71989,5979,59375,4011,50429,4935,4458,253,224,221142,4249,106465,6712,93948,5805,5473,182,150,102154,8131,74130,9007,55905,9218,6938,1056,391,131679,5957,117785,8906,100386,8493,7287,90,201,295615,8094,144722,5900,133014,5808,5497,138,155,149175,4350,104047,7274,89928,6845,6513,146,184,57883,1444,26882,2804,20919,3159,2178,800,181,128392,9551,121163,15022,89953,16188,14851,895,427,114393,12110,74766,6145,62269,6352,5729,359,261,54522,4095,41858,3344,35214,3300,2748,457,95,7511947,465230,3897697,297590,3271931,328176,298641,14533,12689
2021-11-26,90619,10240,37302,3079,30172,4051,3804,31,213,130512,34315,79698,10293,60406,8999,8171,331,491,113226,1504,57010,2395,52103,2512,2174,206,128,45301,6213,24794,2074,20687,2033,1820,151,62,171934,10776,97985,7625,82535,7825,7456,211,158,42578,2442,33777,2224,29095,2458,2022,181,253,47810,60762,22166,2126,17505,2535,2257,76,202,80876,3985,73154,8368,56690,8096,6807,946,330,3244821,118311,1134476,52816,1019460,62200,56781,1603,3813,76942,3366,49262,3047,43285,2930,2688,146,93,300731,14791,196084,13185,167933,14966,14030,573,356,94957,2488,75970,6131,63707,6132,5513,475,123,58921,8340,60503,7739,44195,8569,7531,846,191,217299,17867,162730,17526,125566,19638,17762,1206,650,422115,53393,249800,33147,178842,37811,35936,702,1061,194971,2156,72687,8042,56830,7815,7371,234,209,207375,6978,49301,4903,38839,5559,5313,135,111,40129,8325,34133,3016,27597,3520,3273,148,95,289426,12364,207580,13802,173203,20575,19042,878,654,64182,4242,82221,5407,70632,6182,5408,350,424,151302,15419,128262,15786,95469,17007,15621,606,455,111721,3664,99763,5842,87119,6802,6313,126,361,72307,5991,59388,4012,50440,4936,4459,253,224,221721,4250,106540,6713,94016,5811,5479,182,150,102314,8136,74170,9008,55939,9223,6943,1056,391,132011,5973,118013,8914,100593,8506,7300,90,201,296199,8099,144752,5900,133042,5810,5499,138,155,149349,4360,104086,7275,89961,6850,6518,146,184,57965,1444,26886,2806,20921,3159,2178,800,181,128809,9559,121188,15024,89975,16189,14852,895,427,114639,12127,74801,6148,62303,6350,5727,359,261,54595,4105,41871,3344,35225,3302,2748,458,96,7527657,465985,3900353,297717,3274285,328351,298796,14538,12703
2021-11-27,90651,10245,37315,3084,30183,4048,3802,31,212,130655,34317,79829,10311,60503,9015,8184,331,495,113452,1504,57038,2396,52129,2513,2176,206,127,45327,6213,24797,2074,20689,2034,1821,151,62,172113,10781,98051,7632,82587,7832,7463,211,158,42612,2442,33782,2224,29099,2459,2022,181,254,47896,60808,22166,2126,17505,2535,2257,76,202,80949,3988,73237,8375,56750,8112,6813,949,337,3247285,118552,1134704,52826,1019673,62205,56785,1604,3813,76964,3367,49274,3051,43292,2931,2689,146,93,300956,14792,196223,13199,168048,14976,14038,573,358,95015,2489,75972,6137,63708,6127,5508,475,123,58989,8340,60511,7740,44199,8572,7533,846,192,217431,17869,162752,17535,125580,19637,17763,1203,651,422462,53414,249845,33149,178869,37827,35951,703,1061,195026,2156,72696,8046,56834,7816,7372,234,209,207438,6981,49311,4905,38847,5559,5314,135,110,40191,8325,34138,3017,27601,3520,3273,148,95,289625,12370,207595,13809,173211,20575,19045,877,652,64332,4242,82245,5408,70655,6182,5408,350,424,151383,15430,128273,15791,95474,17008,15620,606,457,111769,3666,99781,5842,87133,6806,6317,126,361,72584,5999,59396,4013,50448,4935,4458,253,224,222067,4253,106591,6716,94062,5813,5481,182,150,102391,8137,74183,9011,55949,9223,6942,1056,392,132163,5986,118108,8923,100670,8515,7308,90,202,296525,8101,144764,5901,133053,5810,5499,138,155,149425,4363,104105,7277,89977,6851,6518,147,184,57987,1444,26889,2807,20922,3160,2179,800,181,129035,9561,121198,15025,89984,16189,14852,895,427,114694,12130,74811,6149,62308,6354,5730,359,262,54612,4106,41874,3346,35228,3300,2748,457,95,7534004,466371,3901454,297845,3275170,328439,298869,14539,12718
2021-11-28,90689,10246,37330,3086,30191,4053,3807,31,212,130781,34323,79967,10341,60604,9022,8189,333,495,113615,1505,57058,2401,52146,2511,2175,206,126,45362,6213,24800,2074,20691,2035,1822,151,62,172229,10785,98124,7647,82642,7835,7465,211,159,42649,2444,33785,2224,29101,2460,2023,181,254,47943,60841,22166,2126,17505,2535,2257,76,202,81012,3994,73308,8384,56786,8138,6828,954,343,3248637,118775,1134824,52829,1019776,62219,56795,1605,3816,76983,3368,49290,3055,43294,2941,2698,146,94,301186,14799,196305,13210,168104,14991,14052,574,359,95102,2491,75980,6137,63713,6130,5511,475,123,59042,8341,60519,7742,44202,8575,7537,846,191,217563,17870,162789,17540,125597,19652,17778,1204,650,422758,53427,249897,33153,178903,37841,35965,703,1061,195116,2156,72709,8049,56845,7815,7372,234,208,207489,6981,49328,4906,38855,5567,5322,135,110,40244,8326,34142,3018,27604,3520,3273,148,95,289766,12372,207620,13813,173230,20577,19047,877,652,64368,4242,82260,5410,70667,6183,5407,350,426,151460,15434,128295,15795,95489,17011,15624,606,456,111801,3667,99809,5844,87152,6813,6322,126,363,72785,6002,59401,4013,50452,4936,4459,253,224,222250,4276,106626,6718,94089,5819,5488,182,149,102444,8139,74204,9012,55966,9226,6945,1056,392,132302,5990,118216,8941,100752,8523,7320,90,198,296712,8104,144769,5903,133056,5810,5500,138,154,149474,4363,104124,7279,89993,6852,6519,147,184,58008,1444,26893,2808,20924,3161,2180,800,181,129162,9563,121200,15025,89986,16189,14852,895,427,114748,12133,74816,6150,62312,6354,5730,359,262,54631,4109,41879,3347,35232,3300,2748,457,95,7538311,466723,3902433,297980,3275859,328594,299010,14549,12723
2021-11-29,90895,10249,37387,3088,30247,4052,3806,31,212,131445,34362,80602,10360,61171,9071,8231,336,499,114233,1505,57132,2401,52219,2512,2176,206,126,45455,6220,24808,2075,20699,2034,1821,151,62,172873,10795,98323,7654,82820,7849,7479,211,159,42763,2445,33788,2224,29103,2461,2024,181,254,48078,60952,22171,2126,17510,2535,2257,76,202,81358,4008,73701,8395,57144,8162,6848,957,344,3254186,119188,1135320,52839,1020256,62225,56801,1605,3816,77138,3372,49384,3057,43368,2959,2712,148,96,302118,14805,196676,13223,168450,15003,14068,574,355,95278,2495,76003,6139,63733,6131,5512,475,123,59202,8349,60534,7742,44214,8578,7540,846,191,218051,17883,162883,17545,125676,19662,17787,1205,650,424331,53501,250116,33161,179110,37845,35970,703,1060,195291,2157,72732,8049,56867,7816,7373,234,208,207671,6985,49346,4906,38873,5567,5322,135,110,40363,8343,34151,3018,27610,3523,3274,148,97,290707,12390,207745,13816,173346,20583,19053,877,652,64625,4244,82307,5413,70710,6184,5408,350,426,151694,15448,128320,15797,95507,17016,15626,606,459,112059,3671,99865,5845,87206,6814,6323,126,363,73132,6016,59408,4013,50457,4938,4460,253,225,222950,4293,106722,6720,94178,5824,5494,181,149,102676,8145,74250,9013,56005,9232,6951,1056,392,132761,6004,118567,8951,101071,8545,7339,90,201,297547,8110,144806,5906,133091,5809,5499,138,154,149749,4370,104193,7281,90052,6860,6527,147,184,58117,1444,26901,2809,20932,3160,2179,800,181,129554,9564,121226,15029,90007,16190,14854,895,426,115070,12162,74860,6151,62351,6358,5732,360,263,54738,4110,41914,3347,35260,3307,2752,460,95,7556108,467585,3906141,298093,3279243,328805,299198,14561,12734
2021-11-30,91079,10251,37439,3088,30293,4058,3812,31,212,132149,34384,81158,10382,61682,9094,8252,336,501,114837,1508,57196,2403,52283,2510,2174,206,126,45518,6222,24810,2077,20701,2032,1820,151,61,173449,10812,98523,7661,83005,7857,7488,211,158,42874,2445,33792,2225,29107,2460,2024,181,253,48219,61017,22175,2126,17513,2536,2258,76,202,81724,4028,74046,8410,57463,8173,6857,959,344,3258925,119532,1135721,52845,1020629,62247,56817,1607,3819,77274,3373,49432,3061,43408,2963,2717,149,95,302891,14810,196976,13234,168724,15018,14085,573,354,95453,2497,76014,6140,63740,6134,5514,476,123,59382,8356,60560,7745,44234,8581,7544,845,191,218444,17884,162963,17547,125752,19664,17788,1206,650,425562,53585,250216,33167,179197,37852,35976,704,1060,195431,2158,72741,8052,56876,7813,7372,234,206,207848,6993,49353,4907,38879,5567,5323,135,109,40444,8348,34160,3019,27618,3523,3274,148,97,291564,12400,207853,13825,173437,20591,19060,877,653,64789,4249,82356,5414,70753,6189,5410,352,427,152314,15470,128343,15800,95524,17019,15629,606,459,112290,3671,99928,5846,87268,6814,6324,126,362,73503,6028,59411,4014,50460,4937,4459,253,225,223446,4315,106813,6724,94264,5825,5493,182,150,102894,8147,74286,9016,56037,9233,6952,1056,392,133163,6026,118853,8953,101329,8571,7363,90,203,298311,8116,144843,5908,133125,5810,5499,138,155,150006,4377,104244,7283,90098,6863,6530,147,184,58191,1445,26904,2809,20935,3160,2179,800,181,129907,9565,121249,15033,90026,16190,14853,895,427,115306,12179,74891,6159,62379,6353,5729,360,261,54852,4111,41930,3349,35273,3308,2753,460,95,7572039,468302,3909179,298222,3282012,328945,299328,14570,12735
2021-12-01,91269,10254,37507,3091,30352,4064,3818,31,212,132814,34419,81628,10411,62103,9114,8276,338,495,115503,1512,57238,2403,52323,2512,2176,206,126,45597,6224,24814,2078,20703,2033,1822,151,60,174051,10825,98696,7674,83164,7858,7489,211,158,42959,2445,33794,2225,29109,2460,2024,181,253,48310,61073,22177,2126,17515,2536,2258,76,202,82087,4034,74342,8422,57733,8187,6870,961,343,3264016,119849,1136098,52855,1020992,62251,56819,1608,3820,77452,3374,49484,3064,43451,2969,2723,150,94,303629,14816,197247,13246,168966,15035,14102,573,355,95614,2498,76030,6143,63753,6134,5514,476,123,59536,8366,60570,7747,44242,8581,7545,845,190,218811,17891,163066,17553,125839,19674,17800,1205,649,426630,53669,250381,33178,179351,37852,35977,704,1059,195565,2158,72747,8055,56882,7810,7370,234,205,208027,7004,49361,4908,38886,5567,5323,135,109,40534,8355,34176,3019,27632,3525,3276,148,97,292364,12407,207954,13830,173521,20603,19070,877,654,65067,4249,82409,5416,70798,6195,5414,353,428,152609,15486,128365,15805,95541,17019,15631,606,457,112547,3671,99979,5849,87315,6815,6326,126,361,73848,6042,59427,4015,50474,4938,4461,253,224,223914,4330,106878,6730,94324,5824,5494,182,148,103097,8148,74336,9016,56080,9240,6954,1059,394,133533,6042,119103,8969,101551,8583,7377,90,201,299028,8116,144868,5910,133148,5810,5499,138,155,150254,4383,104288,7284,90139,6865,6532,147,184,58279,1445,26908,2809,20937,3162,2179,802,181,130246,9569,121280,15036,90044,16200,14861,895,429,115543,12196,74931,6161,62412,6358,5733,360,262,54943,4111,41961,3349,35303,3309,2753,461,95,7587676,468961,3912043,298377,3284583,329083,299466,14582,12723
2021-12-02,91477,10259,37570,3093,30411,4066,3819,31,213,133409,34456,82099,10433,62524,9142,8307,338,492,116132,1515,57278,2404,52362,2512,2176,206,126,45660,6231,24817,2079,20705,2033,1821,151,61,174619,10838,98891,7684,83347,7860,7493,209,158,43033,2446,33797,2225,29112,2460,2024,181,253,48440,61150,22182,2126,17520,2536,2258,76,202,82478,4049,74692,8434,58050,8208,6891,962,342,3268249,120144,1136642,52858,1021513,62271,56836,1608,3823,77638,3374,49533,3065,43494,2974,2727,150,95,304403,14819,197477,13258,169173,15046,14113,574,354,95792,2500,76043,6144,63764,6135,5513,477,124,59657,8369,60582,7749,44254,8579,7543,845,190,219193,17900,163154,17554,125912,19688,17813,1205,650,427628,53757,250530,33181,179479,37870,35995,704,1059,195674,2158,72757,8055,56889,7813,7373,234,205,208170,7008,49377,4908,38900,5569,5325,135,109,40611,8360,34187,3019,27642,3526,3277,148,97,293082,12412,208056,13836,173609,20611,19079,877,653,65320,4250,82449,5418,70836,6195,5416,353,426,152899,15498,128386,15808,95555,17023,15635,606,457,112807,3672,100021,5854,87353,6814,6327,126,359,74193,6055,59438,4016,50484,4938,4461,253,224,224476,4340,106967,6732,94403,5832,5503,182,147,103288,8151,74376,9016,56111,9249,6960,1061,395,133954,6067,119363,8978,101785,8600,7394,90,201,299703,8119,144888,5914,133165,5809,5499,138,154,150490,4392,104339,7288,90182,6869,6536,147,184,58365,1445,26912,2810,20939,3163,2180,802,181,130595,9573,121296,15039,90059,16198,14861,895,427,115764,12211,74956,6163,62433,6360,5735,360,262,55054,4115,41982,3352,35321,3309,2754,461,94,7602253,469633,3915037,298493,3287286,329258,299644,14585,12717
2021-12-03,91640,10262,37632,3095,30467,4070,3822,31,214,133976,34485,82488,10458,62877,9153,8319,339,490,116619,1518,57324,2404,52408,2512,2176,206,126,45708,6238,24822,2080,20709,2033,1821,151,61,175117,10853,99041,7696,83473,7872,7505,209,158,43111,2449,33804,2225,29119,2460,2024,181,253,48523,61244,22184,2127,17522,2535,2258,76,201,82831,4062,74967,8447,58302,8218,6899,965,341,3273109,120488,1137015,52866,1021875,62274,56840,1608,3822,77801,3379,49576,3069,43530,2977,2729,150,96,305032,14820,197725,13266,169402,15057,14120,576,356,95952,2503,76066,6149,63784,6133,5513,476,123,59764,8372,60606,7751,44275,8580,7544,845,190,219537,17900,163224,17560,125969,19695,17821,1205,649,428912,53809,250638,33185,179579,37874,35999,704,1059,196005,2162,72770,8060,56899,7811,7373,234,203,208386,7010,49395,4908,38917,5570,5326,135,109,40721,8369,34208,3020,27660,3528,3280,148,96,293858,12419,208162,13838,173695,20629,19096,877,654,65417,4254,82471,5421,70856,6194,5417,353,424,153186,15507,128410,15812,95574,17024,15636,607,456,113001,3674,100044,5857,87374,6813,6327,126,358,74511,6068,59452,4017,50496,4939,4461,253,225,225016,4343,107045,6734,94473,5838,5508,182,148,103495,8154,74420,9019,56149,9252,6961,1062,396,134330,6074,119627,8989,102021,8617,7408,90,203,300397,8124,144915,5915,133191,5809,5500,138,153,150703,4402,104389,7291,90230,6868,6535,147,184,58432,1445,26921,2811,20946,3164,2180,803,181,130905,9577,121334,15041,90090,16203,14865,896,427,115994,12233,74985,6165,62458,6362,5738,360,261,55135,4118,42011,3354,35346,3311,2756,461,94,7617124,470315,3917671,298630,3289666,329375,299757,14594,12711
2021-12-04,91682,10263,37644,3096,30471,4077,3827,31,216,134138,34495,82630,10484,62980,9166,8325,340,496,116868,1519,57340,2405,52422,2513,2176,206,127,45717,6240,24822,2080,20709,2033,1821,151,61,175280,10862,99105,7705,83528,7872,7505,209,158,43143,2450,33806,2225,29121,2460,2024,181,253,48543,61273,22187,2127,17523,2537,2259,76,202,82882,4063,75030,8453,58349,8228,6906,967,342,3274960,120784,1137184,52870,1022026,62288,56852,1608,3824,77826,3380,49584,3070,43533,2981,2732,151,96,305221,14827,197852,13276,169505,15071,14134,574,358,96020,2505,76072,6149,63789,6134,5514,476,123,59812,8374,60611,7751,44278,8582,7546,845,190,219650,17902,163248,17567,125983,19698,17822,1206,650,429160,53825,250687,33193,179613,37881,36006,704,1059,196060,2163,72780,8063,56905,7812,7375,234,202,208435,7011,49398,4908,38919,5571,5327,135,109,40759,8372,34217,3021,27668,3528,3280,148,96,294083,12421,208207,13843,173724,20640,19104,877,657,65560,4256,82504,5421,70886,6197,5420,353,424,153271,15511,128418,15813,95579,17026,15638,608,455,113056,3675,100061,5858,87386,6817,6331,126,358,74773,6076,59471,4018,50514,4939,4460,253,226,225363,4360,107089,6736,94510,5843,5515,182,146,103562,8154,74435,9021,56161,9253,6962,1062,396,134494,6103,119711,9002,102079,8630,7420,90,204,300702,8126,144922,5916,133197,5809,5500,138,153,150773,4406,104411,7291,90249,6871,6538,147,184,58462,1445,26931,2811,20953,3167,2183,803,181,131050,9578,121351,15043,90102,16206,14866,896,429,116045,12234,74991,6165,62462,6364,5740,360,261,55161,4118,42018,3355,35350,3313,2758,461,94,7622511,470771,3918717,298736,3290474,329507,299866,14598,12730
2021-12-05,91725,10263,37660,3098,30477,4085,3833,31,218,134273,34506,82752,10506,63068,9178,8336,340,497,116993,1520,57349,2405,52429,2515,2176,208,127,45760,6241,24823,2080,20709,2034,1821,152,61,175448,10868,99158,7712,83572,7874,7507,209,158,43185,2450,33808,2225,29122,2461,2025,181,253,48578,61304,22190,2127,17524,2539,2259,76,204,82961,4065,75089,8474,58385,8230,6905,972,341,3276341,121003,1137318,52878,1022138,62302,56863,1608,3827,77857,3380,49596,3070,43539,2987,2737,151,97,305417,14834,197939,13285,169574,15080,14144,573,358,96084,2505,76079,6150,63796,6133,5513,476,123,59875,8378,60623,7751,44288,8584,7547,846,190,219806,17905,163268,17574,125992,19702,17827,1206,649,429608,53838,250713,33200,179634,37879,36004,704,1059,196131,2163,72785,8067,56908,7810,7373,234,202,208493,7011,49404,4909,38925,5570,5326,135,109,40805,8373,34220,3022,27670,3528,3281,148,95,294269,12429,208239,13849,173744,20646,19108,877,659,65582,4256,82519,5421,70896,6202,5423,353,426,153343,15519,128426,15818,95583,17025,15638,607,455,113093,3676,100067,5859,87390,6818,6333,126,357,74986,6081,59479,4019,50522,4938,4459,253,226,225549,4374,107120,6738,94531,5851,5521,182,148,103630,8157,74451,9024,56173,9254,6962,1063,396,134634,6107,119816,9015,102156,8645,7433,90,206,300928,8127,144927,5916,133200,5811,5501,138,154,150828,4407,104428,7292,90262,6874,6541,147,184,58497,1445,26939,2811,20960,3168,2184,803,181,131159,9581,121360,15046,90107,16207,14867,897,428,116079,12254,74996,6165,62464,6367,5742,360,262,55181,4119,42025,3356,35356,3313,2759,461,93,7627098,471139,3919566,298862,3291094,329610,299948,14607,12743
2021-12-06,92014,10271,37739,3102,30545,4092,3839,31,219,135176,34537,83403,10532,63656,9215,8366,345,499,117607,1523,57392,2406,52472,2514,2175,208,127,45852,6246,24826,2081,20712,2033,1820,152,61,176067,10879,99378,7721,83780,7877,7510,209,158,43305,2450,33816,2225,29130,2461,2025,181,253,48766,61384,22196,2128,17530,2538,2259,76,203,83443,4079,75466,8485,58705,8276,6944,977,343,3280907,121391,1137773,52884,1022573,62316,56875,1607,3830,78062,3384,49661,3073,43598,2990,2740,151,97,306280,14840,198249,13303,169865,15081,14143,574,359,96300,2506,76096,6152,63809,6135,5514,476,124,60071,8381,60645,7753,44309,8583,7547,846,189,220328,17915,163382,17583,126092,19707,17834,1206,647,431033,53903,250864,33203,179775,37886,36011,704,1059,196315,2165,72800,8068,56922,7810,7373,234,202,208641,7015,49421,4910,38942,5569,5325,135,109,40895,8382,34232,3022,27682,3528,3281,148,95,295193,12450,208344,13852,173841,20651,19112,877,660,65932,4257,82569,5423,70942,6204,5426,353,425,153730,15525,128459,15822,95604,17033,15645,607,456,113365,3678,100120,5861,87435,6824,6341,126,355,75348,6095,59495,4020,50538,4937,4459,253,225,226205,4388,107256,6740,94657,5859,5529,182,148,103844,8159,74496,9028,56214,9254,6964,1061,396,135086,6109,120123,9027,102428,8668,7456,91,205,302113,8138,144957,5918,133229,5810,5502,138,152,151111,4411,104525,7297,90349,6879,6547,147,183,58620,1446,26950,2811,20971,3168,2184,803,181,131597,9585,121385,15050,90129,16206,14867,897,427,116372,12280,75039,6167,62504,6368,5742,360,263,55304,4126,42057,3358,35380,3319,2763,463,93,7644882,471898,3923114,299005,3294318,329791,300118,14618,12743
2021-12-07,92205,10272,37818,3103,30621,4094,3842,31,218,135970,34570,83995,10557,64182,9256,8400,348,504,118071,1523,57431,2406,52511,2514,2175,208,127,45921,6250,24828,2082,20713,2033,1820,152,61,176634,10890,99547,7729,83932,7886,7519,209,158,43402,2450,33819,2226,29133,2460,2025,181,252,48904,61434,22202,2128,17535,2539,2260,76,203,83842,4087,75748,8501,58958,8289,6950,979,348,3285750,121764,1138169,52889,1022948,62332,56886,1608,3834,78279,3385,49724,3075,43657,2992,2742,151,97,307009,14842,198541,13313,170136,15092,14156,574,357,96526,2507,76107,6152,63817,6138,5517,476,124,60235,8387,60662,7753,44323,8586,7549,846,190,220740,17920,163480,17587,126182,19711,17837,1206,648,432328,53954,251001,33208,179895,37898,36021,705,1060,196466,2167,72812,8070,56931,7811,7373,234,203,208795,7018,49434,4911,38953,5570,5326,135,109,40990,8388,34244,3022,27694,3528,3281,148,95,295945,12464,208415,13858,173900,20657,19118,877,660,66076,4258,82594,5423,70965,6206,5428,353,425,153977,15540,128484,15824,95623,17037,15649,607,456,113605,3678,100169,5862,87476,6831,6346,126,357,75721,6119,59507,4021,50550,4936,4459,253,224,226846,4400,107353,6744,94746,5863,5532,182,149,104043,8163,74527,9030,56242,9255,6964,1062,396,135520,6121,120431,9044,102704,8683,7470,92,205,303081,8165,144991,5919,133259,5813,5505,138,152,151332,4416,104611,7302,90427,6882,6549,147,184,58731,1446,26969,2811,20989,3169,2185,803,181,131956,9588,121412,15050,90152,16210,14871,897,427,116611,12305,75069,6170,62529,6370,5743,361,263,55448,4126,42086,3358,35404,3324,2768,463,93,7660959,472597,3926180,299128,3297087,329965,300266,14628,12760
2021-12-08,92368,10276,37897,3108,30690,4099,3847,31,218,136723,34606,84531,10588,64665,9278,8424,349,501,118565,1526,57476,2407,52555,2514,2176,208,126,46002,6263,24835,2083,20720,2032,1820,152,60,177223,10898,99709,7729,84074,7906,7539,209,158,43493,2452,33824,2226,29138,2460,2025,181,252,49080,61497,22204,2130,17536,2538,2260,76,202,84251,4104,76034,8513,59212,8309,6971,980,346,3290037,122131,1138494,52899,1023252,62343,56897,1609,3833,78470,3390,49776,3077,43703,2996,2743,153,98,307735,14848,198778,13326,170359,15093,14158,575,355,96740,2507,76115,6152,63825,6138,5517,476,124,60371,8389,60673,7759,44334,8580,7544,846,189,221134,17927,163599,17591,126292,19716,17842,1206,648,433480,54020,251151,33214,180029,37908,36029,706,1061,196569,2167,72821,8070,56939,7812,7374,234,203,208906,7019,49441,4911,38959,5571,5327,135,109,41094,8394,34263,3023,27713,3527,3280,148,95,296677,12476,208493,13864,173965,20664,19126,877,659,66203,4262,82616,5423,70982,6211,5431,353,427,154363,15545,128508,15827,95641,17040,15652,607,456,113820,3678,100204,5862,87507,6835,6350,126,357,76088,6130,59512,4021,50555,4936,4459,253,224,227570,4410,107455,6749,94842,5864,5534,182,148,104218,8165,74553,9034,56260,9259,6966,1064,396,135994,6126,120701,9060,102940,8701,7487,92,206,304151,8182,145008,5920,133275,5813,5505,138,152,151513,4423,104679,7304,90486,6889,6554,148,185,58833,1446,26979,2811,20998,3170,2186,803,181,132284,9591,121435,15053,90171,16211,14872,897,427,116848,12321,75096,6172,62553,6371,5744,361,263,55542,4126,42109,3360,35422,3327,2771,463,93,7676345,473295,3928969,299266,3299592,330111,300410,14638,12752
2021-12-09,92547,10278,37981,3111,30766,4104,3852,31,218,137433,34621,84986,10622,65069,9295,8436,352,503,119284,1531,57529,2408,52608,2513,2175,208,126,46093,6266,24836,2083,20721,2032,1820,152,60,177742,10904,99844,7733,84198,7913,7546,209,158,43570,2454,33830,2229,29144,2457,2023,181,251,49245,61554,22213,2132,17544,2537,2260,76,201,84644,4116,76260,8528,59406,8326,6985,982,347,3294814,122494,1138790,52903,1023536,62351,56903,1609,3835,78639,3391,49808,3080,43729,2999,2746,151,100,308503,14852,199033,13334,170591,15108,14171,577,355,96916,2510,76129,6152,63836,6141,5520,476,124,60497,8396,60685,7761,44345,8579,7543,846,189,221520,17929,163716,17597,126394,19725,17853,1206,646,434588,54068,251349,33218,180208,37923,36042,707,1062,196681,2167,72831,8071,56948,7812,7374,234,203,209071,7019,49457,4911,38974,5572,5328,135,109,41196,8397,34273,3024,27723,3526,3280,148,94,297350,12484,208584,13867,174041,20676,19137,877,660,66344,4265,82642,5425,71005,6212,5434,353,425,154655,15549,128532,15828,95659,17045,15658,607,455,114014,3679,100245,5863,87546,6836,6350,126,358,76475,6141,59525,4023,50568,4934,4457,253,224,228258,4428,107551,6750,94928,5873,5543,182,148,104401,8167,74583,9035,56289,9259,6966,1065,395,136443,6127,120936,9080,103151,8705,7492,92,205,305079,8193,145020,5922,133284,5814,5507,138,151,151691,4431,104734,7306,90535,6893,6557,148,186,58907,1447,26985,2811,21004,3170,2186,803,181,132640,9595,121469,15057,90200,16212,14873,897,427,117087,12332,75116,6172,62570,6374,5746,361,264,55674,4126,42158,3360,35463,3335,2778,464,93,7692001,473911,3931630,299396,3301983,330251,300541,14646,12753
2021-12-10,92685,10279,38072,3111,30848,4113,3859,31,220,138096,34634,85436,10642,65470,9324,8462,353,504,119663,1532,57581,2408,52658,2515,2177,208,126,46153,6266,24837,2083,20721,2033,1821,152,60,178257,10907,99986,7740,84324,7922,7555,209,158,43623,2454,33834,2229,29148,2457,2023,181,251,49331,61622,22218,2132,17549,2537,2260,76,201,84918,4122,76536,8541,59659,8336,6992,984,348,3299786,122833,1139298,52906,1024028,62364,56914,1609,3837,78793,3393,49832,3083,43752,2997,2745,151,99,309137,14856,199261,13342,170791,15128,14190,579,354,97096,2511,76150,6154,63857,6139,5518,476,124,60615,8397,60703,7762,44362,8579,7543,846,189,221860,17930,163802,17600,126469,19733,17860,1206,647,435549,54117,251432,33225,180279,37928,36047,706,1063,196778,2169,72844,8071,56957,7816,7378,234,203,209189,7020,49476,4911,38992,5573,5329,135,109,41283,8402,34286,3024,27735,3527,3281,148,94,297974,12491,208648,13871,174092,20685,19143,877,663,66460,4265,82660,5428,71014,6218,5440,353,425,154875,15560,128554,15833,95676,17045,15660,607,454,114180,3679,100279,5863,87580,6836,6350,126,358,76839,6155,59544,4023,50585,4936,4459,253,224,228883,4431,107633,6755,95004,5874,5545,181,148,104573,8169,74630,9039,56333,9258,6966,1065,394,136758,6129,121145,9096,103330,8719,7506,92,205,305813,8201,145028,5922,133292,5814,5507,138,151,151830,4432,104772,7307,90562,6903,6567,148,186,58960,1449,26992,2812,21011,3169,2185,803,181,132966,9599,121507,15058,90230,16219,14880,897,427,117281,12345,75140,6173,62592,6375,5748,361,263,55784,4126,42186,3361,35490,3335,2777,465,93,7705988,474475,3934302,299505,3304390,330407,300687,14650,12759
2021-12-11,92724,10288,38085,3114,30857,4114,3860,31,220,138255,34635,85540,10668,65538,9334,8473,354,502,119900,1532,57601,2411,52678,2512,2174,208,126,46172,6267,24841,2083,20723,2035,1822,152,61,178452,10911,100029,7746,84357,7926,7559,209,158,43657,2454,33834,2229,29148,2457,2023,181,251,49358,61649,22219,2133,17550,2536,2260,76,200,84986,4125,76600,8559,59699,8342,6995,984,351,3301830,123037,1139447,52913,1024163,62371,56923,1609,3835,78819,3395,49839,3085,43756,2998,2746,152,98,309325,14857,199367,13353,170880,15134,14194,580,355,97188,2514,76160,6154,63865,6141,5520,476,124,60665,8397,60709,7762,44366,8581,7545,846,189,221968,17931,163832,17603,126485,19744,17871,1206,647,435781,54128,251497,33229,180318,37950,36068,706,1064,196811,2169,72847,8072,56959,7816,7378,234,203,209228,7020,49486,4914,39000,5572,5328,135,109,41326,8402,34291,3024,27738,3529,3283,148,94,298160,12492,208666,13877,174104,20685,19145,877,661,66496,4268,82669,5428,71021,6220,5441,353,426,154961,15565,128570,15835,95682,17053,15669,607,453,114239,3679,100285,5863,87585,6837,6350,126,359,77038,6158,59547,4023,50587,4937,4459,253,225,229320,4451,107682,6757,95046,5879,5548,181,150,104632,8169,74639,9039,56342,9258,6966,1065,394,136898,6130,121225,9114,103393,8718,7502,91,209,306107,8205,145032,5923,133295,5814,5506,139,151,151870,4436,104785,7308,90569,6908,6570,149,187,58984,1449,26996,2812,21012,3172,2187,804,181,133093,9600,121529,15061,90247,16221,14882,897,427,117346,12353,75144,6174,62593,6377,5749,361,264,55808,4126,42195,3364,35499,3332,2776,464,92,7711397,474792,3935188,299630,3305055,330503,300772,14654,12766
2021-12-12,92765,10290,38096,3115,30861,4120,3864,31,222,138387,34641,85654,10695,65595,9364,8505,356,497,120010,1532,57622,2411,52699,2512,2174,208,126,46205,6268,24842,2083,20724,2035,1822,152,61,178579,10917,100092,7752,84406,7934,7565,210,158,43687,2454,33839,2229,29153,2457,2023,181,251,49393,61676,22219,2133,17550,2536,2260,76,200,85082,4128,76681,8573,59748,8360,7007,988,353,3303012,123270,1139567,52917,1024268,62382,56935,1608,3835,78844,3396,49851,3089,43765,2997,2748,152,95,309493,14858,199457,13364,170951,15142,14199,581,357,97273,2515,76166,6156,63868,6142,5520,476,125,60703,8399,60719,7763,44374,8582,7547,845,189,222087,17933,163875,17606,126514,19755,17884,1206,645,436103,54142,251554,33232,180358,37964,36081,707,1064,196859,2170,72850,8074,56962,7814,7376,234,203,209274,7021,49497,4914,39005,5578,5334,135,109,41359,8403,34295,3024,27741,3530,3284,148,94,298311,12493,208690,13879,174125,20686,19146,877,661,66531,4268,82681,5429,71030,6222,5442,354,426,155059,15567,128575,15837,95686,17052,15668,607,453,114271,3679,100290,5863,87588,6839,6352,126,359,77327,6163,59572,4023,50612,4937,4459,253,225,229522,4462,107709,6761,95069,5879,5548,181,150,104683,8170,74655,9041,56355,9259,6967,1066,393,137067,6132,121306,9130,103453,8723,7506,92,209,306280,8212,145038,5925,133300,5813,5507,139,149,151905,4437,104797,7310,90580,6907,6569,149,187,59016,1450,26998,2812,21012,3174,2189,804,181,133205,9603,121536,15063,90249,16224,14885,897,427,117403,12357,75147,6175,62594,6378,5750,361,264,55822,4126,42203,3364,35507,3332,2776,464,92,7715517,475132,3936073,299742,3305702,330629,300892,14664,12760
2021-12-13,93009,10298,38201,3119,30959,4123,3868,31,221,139233,34660,86179,10718,66058,9403,8539,358,500,120522,1535,57696,2411,52773,2512,2174,208,126,46289,6275,24844,2083,20726,2035,1822,152,61,179197,10925,100258,7753,84555,7950,7579,211,159,43805,2455,33841,2229,29155,2457,2023,181,251,49580,61731,22223,2133,17554,2536,2260,76,200,85504,4138,76993,8585,60029,8379,7018,989,360,3307521,123539,1139949,52928,1024636,62385,56936,1608,3837,79026,3401,49898,3091,43804,3003,2755,152,94,310310,14874,199743,13376,171227,15140,14200,582,353,97495,2517,76186,6157,63888,6141,5520,476,124,60867,8405,60737,7764,44391,8582,7546,845,190,222571,17934,163996,17608,126626,19762,17889,1207,646,437378,54186,251795,33240,180583,37972,36090,706,1064,196993,2171,72862,8074,56972,7816,7378,234,203,209390,7022,49520,4915,39025,5580,5336,135,109,41459,8413,34309,3025,27752,3532,3286,148,94,299118,12498,208780,13881,174201,20698,19158,877,661,66726,4270,82699,5433,71045,6221,5442,354,425,155314,15593,128604,15842,95710,17052,15667,607,454,114512,3679,100320,5865,87613,6842,6354,126,360,77687,6189,59599,4023,50639,4937,4459,253,225,230250,4491,107798,6764,95151,5883,5553,181,149,104880,8172,74700,9043,56392,9265,6972,1067,393,137473,6133,121576,9146,103694,8736,7517,93,210,307073,8228,145052,5926,133313,5813,5507,139,149,152052,4446,104846,7315,90626,6905,6567,149,187,59113,1451,27002,2812,21015,3175,2190,804,181,133611,9606,121566,15064,90277,16225,14886,897,427,117679,12381,75159,6175,62604,6380,5751,361,265,55921,4127,42241,3365,35542,3334,2777,465,92,7731558,475743,3939172,299863,3308535,330774,301019,14672,12770
2021-12-14,93246,10304,38270,3122,31023,4125,3870,31,221,139942,34675,86571,10740,66403,9428,8565,358,498,121006,1536,57782,2411,52859,2512,2174,208,126,46353,6278,24849,2083,20731,2035,1822,152,61,179771,10938,100412,7760,84690,7962,7591,211,159,43887,2455,33844,2229,29158,2457,2023,181,251,49775,61809,22227,2133,17556,2538,2262,76,200,85861,4143,77313,8606,60309,8398,7035,993,358,3312054,123845,1140362,52934,1025028,62400,56951,1608,3837,79173,3401,49940,3094,43837,3009,2760,152,95,310958,14877,200016,13389,171471,15156,14214,580,357,97696,2517,76204,6157,63906,6141,5520,476,124,61019,8408,60747,7765,44400,8582,7546,845,190,223034,17939,164067,17615,126692,19760,17890,1205,645,438459,54289,251925,33246,180704,37975,36092,707,1064,197102,2171,72873,8076,56981,7816,7378,234,203,209501,7024,49540,4915,39043,5582,5338,135,109,41546,8423,34333,3025,27774,3534,3288,148,94,299828,12502,208864,13888,174274,20702,19164,877,660,66862,4271,82723,5433,71066,6224,5445,354,425,155487,15609,128627,15843,95732,17052,15667,607,454,114705,3680,100351,5867,87642,6842,6355,126,359,77988,6202,59607,4023,50647,4937,4459,253,225,230855,4511,107864,6769,95208,5887,5556,181,150,105077,8173,74737,9045,56428,9264,6971,1066,394,137900,6137,121785,9160,103868,8757,7538,94,210,307735,8239,145061,5927,133320,5814,5509,139,148,152226,4451,104885,7317,90664,6904,6566,149,187,59199,1452,27008,2812,21021,3175,2190,804,181,134014,9613,121589,15065,90298,16226,14886,898,427,117928,12389,75185,6175,62627,6383,5754,361,265,56077,4131,42288,3365,35584,3339,2782,465,92,7746264,476392,3941849,299989,3310944,330916,301161,14674,12769
2021-12-15,93397,10306,38333,3123,31082,4128,3873,31,221,140719,34694,86956,10766,66746,9444,8578,359,500,121412,1538,57871,2411,52947,2513,2175,208,126,46423,6283,24850,2083,20732,2035,1822,152,61,180275,10949,100555,7770,84817,7968,7597,211,159,43971,2457,33853,2229,29167,2457,2023,181,251,50021,61858,22230,2134,17559,2537,2262,76,199,86228,4152,77640,8617,60603,8420,7050,996,362,3316698,124250,1140832,52937,1025473,62422,56971,1609,3838,79297,3404,49982,3096,43872,3014,2762,153,97,311629,14895,200263,13399,171700,15164,14222,580,357,97866,2518,76219,6158,63918,6143,5522,476,124,61152,8413,60758,7765,44410,8583,7547,845,190,223490,17944,164139,17619,126753,19767,17897,1206,644,439570,54357,252063,33248,180835,37980,36096,707,1065,197209,2175,72881,8076,56988,7817,7379,234,203,209669,7034,49553,4915,39053,5585,5341,135,109,41621,8429,34347,3027,27786,3534,3289,148,93,300535,12506,208944,13893,174343,20708,19170,877,660,67004,4272,82750,5433,71089,6228,5447,355,426,155860,15631,128651,15846,95752,17053,15670,607,452,114884,3680,100386,5869,87675,6842,6356,126,358,78299,6214,59629,4023,50667,4939,4461,253,225,231461,4524,107970,6777,95301,5892,5561,181,150,105260,8175,74772,9047,56461,9264,6970,1067,394,138211,6139,121972,9174,104030,8768,7548,96,209,308281,8246,145068,5927,133325,5816,5511,139,148,152355,4461,104923,7323,90695,6905,6567,150,186,59257,1452,27011,2812,21024,3175,2190,804,181,134367,9619,121618,15068,90320,16230,14891,898,426,118125,12399,75205,6176,62646,6383,5754,361,265,56180,4131,42310,3371,35601,3338,2781,465,92,7760726,477105,3944534,300112,3313370,331052,301283,14686,12771
2021-12-16,93613,10312,38417,3126,31161,4130,3875,31,221,141372,34717,87277,10787,67029,9461,8594,360,500,121751,1542,57964,2411,53037,2516,2177,209,126,46477,6284,24855,2083,20736,2036,1823,152,61,180648,10961,100688,7779,84931,7978,7605,211,161,44036,2458,33854,2229,29168,2457,2023,181,251,50250,61899,22236,2134,17564,2538,2263,76,199,86502,4158,77901,8632,60840,8429,7058,1001,358,3321488,124577,1141203,52944,1025827,62432,56979,1610,3839,79427,3404,50027,3098,43911,3018,2766,152,98,312338,14921,200520,13410,171939,15171,14229,580,357,98089,2519,76230,6158,63929,6143,5522,476,124,61269,8416,60767,7767,44416,8584,7548,846,189,223917,17951,164246,17622,126853,19771,17902,1205,644,440476,54417,252174,33252,180936,37986,36102,707,1065,197297,2175,72884,8076,56990,7818,7380,234,203,209829,7038,49569,4915,39069,5585,5341,135,109,41709,8431,34367,3028,27804,3535,3290,148,93,301099,12512,209018,13899,174405,20714,19174,877,662,67129,4273,82760,5433,71099,6228,5447,355,426,156188,15641,128671,15850,95768,17053,15671,607,451,115054,3681,100430,5873,87716,6841,6356,126,357,78621,6222,59669,4023,50707,4939,4461,253,225,232050,4539,108062,6778,95390,5894,5562,182,150,105445,8176,74811,9048,56497,9266,6973,1066,394,138501,6142,122173,9184,104208,8781,7559,96,211,308701,8252,145079,5927,133333,5819,5513,140,148,152520,4468,104974,7327,90736,6911,6574,150,185,59308,1452,27019,2812,21031,3176,2191,804,181,134686,9620,121648,15068,90342,16238,14898,898,427,118324,12412,75224,6179,62664,6381,5753,361,264,56307,4131,42339,3374,35629,3336,2779,465,92,7774421,477701,3947056,300226,3315665,331165,301388,14694,12771
2021-12-17,93788,10315,38472,3133,31205,4134,3878,31,222,141962,34728,87606,10805,67319,9482,8611,363,501,122065,1544,58033,2413,53104,2516,2177,209,126,46515,6285,24855,2084,20736,2035,1823,152,60,181025,10969,100840,7785,85063,7992,7619,211,161,44100,2458,33859,2229,29171,2459,2025,181,251,50381,61927,22241,2134,17569,2538,2263,76,199,86759,4167,78131,8651,61044,8436,7067,1002,355,3326185,124847,1141658,52953,1026256,62449,56996,1610,3839,79541,3408,50071,3100,43947,3024,2773,150,99,312941,14925,200723,13417,172123,15183,14242,579,357,98281,2521,76238,6158,63937,6143,5522,476,124,61370,8417,60781,7769,44428,8584,7549,846,188,224286,17953,164344,17622,126942,19780,17910,1205,645,441307,54529,252290,33254,181043,37993,36108,708,1065,197508,2178,72894,8077,56995,7822,7384,234,203,209953,7039,49580,4915,39077,5588,5343,136,109,41780,8436,34389,3028,27825,3536,3291,148,93,301643,12520,209096,13902,174467,20727,19186,877,663,67231,4275,82776,5433,71114,6229,5448,355,426,156430,15663,128690,15853,95784,17053,15671,607,451,115211,3682,100459,5873,87743,6843,6358,126,357,78908,6229,59700,4023,50736,4941,4463,253,225,232654,4547,108138,6779,95460,5899,5567,181,151,105625,8178,74861,9051,56540,9270,6975,1066,396,138777,6143,122322,9193,104335,8794,7571,96,212,309088,8262,145092,5928,133346,5818,5512,140,148,152636,4471,105005,7329,90759,6917,6578,151,186,59366,1453,27024,2812,21036,3176,2191,804,181,135006,9622,121672,15070,90363,16239,14899,898,427,118505,12424,75240,6179,62677,6384,5754,361,266,56404,4133,42384,3377,35669,3338,2782,465,91,7787231,478248,3949464,300329,3317813,331322,301536,14697,12777
2021-12-18,93830,10316,38489,3136,31214,4139,3884,31,221,142116,34731,87702,10818,67375,9509,8630,366,506,122247,1544,58121,2413,53192,2516,2177,209,126,46535,6285,24857,2084,20737,2036,1824,152,60,181200,10973,100893,7793,85108,7992,7619,211,161,44143,2458,33861,2229,29173,2459,2025,181,251,50440,61938,22242,2134,17570,2538,2263,76,199,86821,4172,78220,8674,61099,8447,7075,1003,357,3328094,125100,1141881,52960,1026467,62454,57002,1609,3839,79568,3408,50082,3106,43954,3022,2774,149,97,313125,14932,200814,13432,172189,15193,14252,580,356,98355,2522,76246,6158,63945,6143,5522,476,124,61432,8418,60792,7770,44435,8587,7549,848,189,224397,17953,164366,17628,126959,19779,17909,1205,645,441661,54557,252329,33261,181076,37992,36107,708,1065,197542,2179,72898,8079,56996,7823,7385,234,203,210002,7040,49584,4916,39081,5587,5343,135,109,41823,8438,34401,3028,27837,3536,3291,148,93,301849,12523,209118,13905,174484,20729,19190,877,661,67265,4276,82784,5435,71120,6229,5450,354,425,156646,15669,128714,15855,95804,17055,15672,607,452,115251,3682,100468,5875,87751,6842,6358,126,356,79147,6230,59735,4024,50771,4940,4463,253,224,233022,4554,108198,6782,95515,5901,5569,181,151,105686,8178,74875,9053,56554,9268,6974,1066,395,138876,6146,122404,9206,104395,8803,7582,96,210,309207,8263,145097,5928,133349,5820,5514,140,148,152682,4473,105017,7331,90767,6919,6579,151,187,59393,1453,27028,2813,21037,3178,2192,804,182,135138,9623,121684,15072,90373,16239,14899,898,427,118543,12431,75247,6180,62684,6383,5753,361,266,56436,4134,42396,3378,35681,3337,2781,465,91,7792472,478599,3950543,300456,3318692,331395,301607,14700,12776
2021-12-19,93865,10318,38507,3137,31224,4146,3889,31,223,142258,34739,87789,10837,67427,9525,8645,367,506,122346,1544,58190,2413,53261,2516,2177,209,126,46564,6289,24863,2084,20743,2036,1824,152,60,181299,10974,100949,7800,85150,7999,7624,213,161,44173,2459,33865,2229,29177,2459,2025,181,251,50470,61960,22242,2134,17570,2538,2263,76,199,86897,4176,78290,8693,61143,8454,7078,1004,360,3329597,125308,1142076,52964,1026648,62464,57011,1610,3839,79583,3408,50091,3112,43956,3023,2780,149,92,313308,14934,200944,13440,172291,15213,14265,582,361,98448,2522,76248,6158,63947,6143,5522,476,124,61479,8421,60802,7770,44444,8588,7550,848,189,224535,17954,164394,17635,126980,19779,17909,1205,645,441866,54578,252343,33268,181080,37995,36111,708,1064,197586,2180,72900,8079,56998,7823,7385,234,203,210055,7042,49591,4916,39087,5588,5344,135,109,41859,8438,34410,3028,27845,3537,3292,148,93,302002,12525,209145,13907,174501,20737,19198,877,661,67299,4276,82791,5436,71126,6229,5451,354,424,156732,15675,128725,15856,95813,17056,15674,607,451,115289,3682,100475,5876,87757,6842,6358,126,356,79375,6233,59775,4024,50808,4943,4465,253,225,233217,4581,108226,6785,95536,5905,5571,181,153,105741,8180,74893,9054,56569,9270,6975,1067,395,138984,6149,122455,9218,104430,8807,7587,97,208,309312,8265,145106,5928,133357,5821,5515,140,148,152712,4473,105033,7334,90780,6919,6580,151,186,59416,1453,27029,2814,21038,3177,2192,803,182,135258,9626,121689,15076,90377,16236,14896,898,427,118593,12441,75254,6181,62688,6385,5754,361,267,56456,4140,42410,3378,35690,3342,2785,465,92,7796574,478943,3951500,300564,3319441,331495,301695,14708,12780
2021-12-20,94147,10324,38624,3143,31329,4152,3895,31,223,143020,34757,88219,10860,67816,9543,8660,369,507,122830,1546,58395,2413,53463,2519,2180,209,126,46636,6299,24867,2084,20746,2037,1825,152,60,182070,10990,101102,7807,85291,8004,7628,215,160,44247,2459,33869,2229,29181,2459,2025,181,251,50685,62025,22252,2135,17580,2537,2263,76,198,87262,4194,78620,8701,61439,8480,7096,1010,362,3334275,125723,1142789,52969,1027340,62480,57030,1610,3836,79709,3414,50139,3115,43999,3025,2781,149,93,314026,14952,201320,13449,172641,15230,14276,583,366,98703,2526,76272,6160,63967,6145,5523,476,125,61610,8427,60827,7770,44466,8591,7551,849,190,224945,17956,164512,17640,127088,19784,17915,1205,644,443041,54628,252494,33270,181225,37999,36114,708,1065,197682,2180,72910,8080,57006,7824,7386,234,203,210176,7045,49611,4916,39106,5589,5345,135,109,41966,8442,34437,3028,27872,3537,3292,148,93,302635,12529,209254,13911,174601,20742,19202,877,662,67472,4276,82812,5438,71146,6228,5452,354,422,156973,15683,128765,15857,95849,17059,15677,607,451,115494,3682,100545,5876,87823,6846,6362,126,356,79731,6247,59805,4024,50838,4943,4465,253,225,233872,4602,108341,6789,95643,5909,5575,181,153,105951,8181,74941,9057,56610,9274,6978,1068,395,139281,6151,122652,9228,104599,8825,7605,97,208,309805,8278,145132,5928,133382,5822,5516,140,148,152832,4478,105091,7337,90831,6923,6580,152,189,59486,1454,27035,2814,21044,3177,2192,803,182,135692,9634,121734,15078,90418,16238,14898,898,427,118823,12460,75286,6185,62717,6384,5753,361,267,56568,4162,42443,3380,35720,3343,2786,465,92,7811645,479704,3955095,300671,3322776,331648,301826,14722,12788
2021-12-21,94344,10329,38714,3147,31409,4158,3898,31,226,143730,34768,88582,10881,68144,9557,8677,372,501,123292,1548,58674,2414,53740,2520,2181,209,126,46701,6301,24871,2085,20750,2036,1825,152,59,182559,11002,101241,7813,85414,8014,7638,215,160,44326,2459,33877,2229,29189,2459,2025,181,251,50877,62062,22256,2135,17583,2538,2264,76,198,87508,4199,78907,8716,61688,8503,7112,1016,363,3339126,126105,1143572,52971,1028085,62516,57061,1610,3841,79816,3417,50184,3119,44036,3029,2783,150,94,314681,14955,201582,13463,172878,15241,14289,582,365,98873,2527,76288,6160,63981,6147,5524,476,126,61764,8428,60847,7771,44484,8592,7551,849,191,225317,17962,164624,17646,127190,19788,17920,1206,642,443998,54691,252638,33274,181359,38005,36121,708,1064,197803,2181,72920,8081,57013,7826,7387,235,203,210277,7048,49637,4916,39130,5591,5347,135,109,42076,8447,34449,3028,27883,3538,3293,148,93,303218,12537,209333,13913,174672,20748,19207,879,661,67629,4276,82830,5442,71160,6228,5451,356,421,157166,15691,128811,15861,95890,17060,15677,607,452,115699,3684,100619,5876,87891,6852,6367,126,357,80066,6258,59896,4024,50927,4945,4467,253,225,234471,4628,108450,6792,95741,5917,5583,181,153,106119,8183,74985,9061,56651,9273,6977,1068,395,139550,6152,122832,9239,104754,8839,7616,98,210,310232,8285,145162,5928,133410,5824,5517,140,149,152930,4481,105142,7340,90877,6925,6584,152,187,59563,1454,27049,2814,21057,3178,2193,803,182,136037,9636,121762,15079,90440,16243,14902,898,428,119042,12479,75322,6186,62752,6384,5753,361,267,56650,4176,42474,3381,35748,3345,2788,465,92,7825440,480349,3958530,300785,3325926,331819,301978,14738,12791
2021-12-22,94566,10332,38787,3149,31476,4162,3902,31,226,144334,34778,88909,10905,68441,9563,8684,372,501,123723,1549,58960,2414,54025,2521,2182,209,126,46774,6306,24881,2085,20760,2036,1825,152,59,183060,11014,101391,7824,85544,8023,7646,215,161,44403,2459,33886,2229,29197,2460,2026,181,251,51101,62111,22263,2135,17590,2538,2264,76,198,87725,4207,79172,8732,61925,8515,7117,1022,364,3344437,126513,1144628,52981,1029107,62540,57087,1610,3839,79950,3418,50223,3123,44071,3029,2782,150,95,315189,14958,201837,13470,173110,15257,14306,581,365,99065,2527,76316,6160,64007,6149,5526,476,126,61899,8432,60856,7771,44492,8593,7552,849,191,225686,17963,164748,17648,127300,19800,17932,1206,642,445050,54752,252805,33279,181509,38017,36133,708,1064,197925,2183,72929,8084,57019,7826,7387,235,203,210394,7051,49655,4918,39145,5592,5348,135,109,42168,8448,34460,3028,27893,3539,3294,148,93,303858,12543,209429,13917,174760,20752,19212,879,660,67747,4278,82871,5443,71199,6229,5453,355,421,157476,15708,128845,15862,95921,17062,15679,607,452,115914,3684,100659,5879,87928,6852,6368,126,356,80418,6269,59991,4024,51020,4947,4469,253,225,235072,4648,108584,6796,95862,5926,5591,182,153,106294,8186,75038,9063,56701,9274,6978,1068,395,139804,6154,122964,9250,104864,8850,7629,99,207,310617,8290,145207,5929,133454,5824,5517,139,150,153057,4491,105201,7343,90929,6929,6589,152,186,59633,1455,27054,2814,21062,3178,2193,803,182,136390,9638,121806,15079,90480,16247,14906,898,428,119283,12490,75353,6187,62783,6383,5752,361,267,56764,4179,42537,3382,35807,3348,2790,465,93,7839776,481014,3962245,300903,3329381,331961,302119,14743,12788
2021-12-23,94716,10339,38858,3152,31543,4163,3902,31,227,144807,34783,89198,10920,68690,9588,8713,372,497,124402,1551,59307,2415,54369,2523,2182,210,127,46837,6309,24887,2085,20766,2036,1825,152,59,183500,11021,101521,7830,85662,8029,7652,215,161,44491,2460,33892,2229,29201,2462,2027,181,252,51233,62182,22268,2135,17595,2538,2264,76,198,87910,4216,79438,8745,62151,8542,7139,1027,364,3350379,126978,1145738,52983,1030202,62553,57099,1610,3840,80053,3420,50256,3129,44092,3035,2789,150,94,315793,14964,202148,13480,173401,15267,14317,582,362,99263,2528,76333,6161,64023,6149,5527,476,125,62013,8437,60880,7773,44516,8591,7551,848,191,226057,17965,164862,17654,127404,19804,17936,1206,642,445916,54771,252964,33282,181661,38021,36137,708,1064,198038,2185,72939,8085,57024,7830,7391,235,203,210475,7053,49678,4918,39163,5597,5352,136,109,42243,8448,34473,3028,27905,3540,3295,148,93,304401,12556,209530,13918,174852,20760,19219,879,661,67857,4278,82915,5444,71242,6229,5453,355,421,157741,15717,128902,15865,95969,17068,15685,607,452,116111,3685,100720,5879,87984,6857,6373,126,356,80742,6273,60104,4025,51132,4947,4469,253,225,235699,4667,108733,6797,96006,5930,5596,182,152,106481,8188,75088,9064,56746,9278,6982,1068,395,140061,6154,123114,9261,104983,8870,7649,99,207,310996,8297,145242,5930,133488,5824,5518,139,149,153154,4494,105282,7346,91003,6933,6594,152,185,59688,1455,27063,2814,21071,3178,2193,803,182,136744,9640,121881,15079,90547,16255,14912,899,429,119518,12499,75405,6188,62835,6382,5752,361,266,56894,4179,42575,3384,35840,3351,2792,465,93,7854213,481692,3966194,300998,3333066,332130,302285,14751,12781
2021-12-24,94859,10350,38928,3154,31606,4168,3906,31,228,145032,34790,89370,10943,68830,9597,8724,373,494,124961,1553,59659,2416,54718,2525,2184,210,127,46871,6309,24888,2085,20767,2036,1825,152,59,183754,11025,101636,7837,85767,8032,7656,215,160,44542,2460,33896,2229,29205,2462,2027,181,252,51285,62237,22268,2135,17595,2538,2264,76,198,88026,4225,79643,8764,62328,8551,7144,1031,364,3354695,127401,1146713,52992,1031154,62567,57113,1611,3839,80154,3421,50283,3132,44114,3037,2790,150,95,316226,14967,202358,13488,173586,15284,14329,583,366,99418,2528,76351,6163,64041,6147,5526,476,124,62117,8438,60909,7773,44542,8594,7554,848,191,226313,17966,164947,17659,127478,19810,17940,1206,644,446572,54814,253083,33283,181776,38024,36139,709,1064,198094,2187,72948,8085,57032,7831,7392,235,203,210527,7054,49700,4918,39183,5599,5354,136,109,42297,8448,34479,3028,27910,3541,3296,148,93,304831,12564,209631,13923,174937,20771,19229,881,660,67921,4281,82948,5444,71274,6230,5453,355,422,157933,15724,128929,15869,95993,17067,15684,607,452,116232,3686,100755,5879,88017,6859,6375,126,356,80943,6280,60212,4025,51237,4950,4472,253,225,236245,4669,108856,6802,96119,5935,5601,182,152,106611,8189,75143,9064,56789,9290,6992,1069,396,140199,6156,123225,9276,105073,8876,7654,99,208,311210,8299,145265,5930,133511,5824,5518,139,149,153258,4500,105342,7349,91058,6935,6596,152,185,59716,1455,27067,2814,21074,3179,2194,803,182,137007,9643,121900,15080,90563,16257,14914,899,429,119674,12502,75450,6189,62880,6381,5752,361,265,56965,4179,42616,3385,35877,3354,2794,466,93,7864488,482300,3969398,301113,3336034,332251,302391,14763,12784
2021-12-25,94870,10353,38941,3158,31610,4173,3914,31,225,145117,34796,89427,10965,68857,9605,8731,373,496,125112,1557,59841,2418,54898,2525,2184,210,127,46891,6310,24890,2085,20769,2036,1825,152,59,183872,11030,101682,7840,85800,8042,7665,215,161,44562,2460,33897,2229,29205,2463,2028,181,252,51336,62314,22268,2135,17595,2538,2264,76,198,88064,4227,79698,8785,62358,8555,7144,1032,367,3355523,127645,1146932,52995,1031350,62587,57134,1611,3838,80171,3421,50293,3132,44121,3040,2793,150,95,316361,14968,202406,13498,173616,15292,14334,584,368,99501,2529,76354,6163,64044,6147,5526,476,124,62154,8438,60929,7774,44560,8595,7555,848,191,226412,17967,164978,17663,127498,19817,17948,1206,643,446738,54838,253104,33287,181789,38028,36144,709,1063,198138,2188,72959,8086,57037,7836,7395,237,203,210591,7054,49706,4919,39189,5598,5353,136,109,42309,8449,34483,3028,27912,3543,3298,148,93,304971,12569,209670,13925,174967,20778,19236,881,660,67937,4283,82962,5444,71287,6231,5454,355,422,158033,15727,128953,15869,96011,17073,15689,607,453,116258,3686,100783,5881,88038,6864,6382,126,354,81079,6290,60294,4025,51318,4951,4472,253,226,236396,4670,108876,6804,96135,5937,5602,183,152,106660,8189,75159,9066,56801,9292,6993,1070,396,140253,6156,123267,9293,105098,8876,7653,99,209,311281,8300,145268,5930,133514,5824,5518,139,149,153288,4501,105386,7351,91101,6934,6596,152,184,59733,1455,27069,2814,21076,3179,2194,803,182,137082,9648,121912,15082,90573,16257,14914,899,429,119702,12505,75461,6191,62890,6380,5752,361,264,56995,4180,42637,3385,35896,3356,2796,466,93,7867390,482703,3970485,301220,3336913,332352,302486,14769,12785
2021-12-26,94928,10358,38973,3161,31636,4176,3918,31,224,145248,34802,89510,10979,68911,9620,8742,374,499,125318,1560,60028,2418,55080,2530,2189,210,127,46933,6312,24898,2085,20777,2036,1825,152,59,184065,11033,101760,7846,85858,8056,7678,215,162,44627,2463,33906,2229,29212,2465,2030,181,252,51438,62396,22269,2135,17596,2538,2264,76,198,88111,4231,79792,8807,62412,8573,7162,1035,364,3357260,127879,1147466,52997,1031853,62616,57162,1611,3839,80191,3422,50310,3133,44133,3044,2798,150,94,316596,14972,202553,13512,173734,15307,14353,584,364,99592,2532,76390,6163,64078,6149,5528,476,124,62235,8441,60958,7774,44585,8599,7559,848,191,226563,17970,165051,17666,127557,19828,17957,1206,645,446995,54875,253143,33291,181814,38038,36153,710,1063,198208,2188,72966,8087,57042,7837,7395,237,204,210661,7054,49712,4922,39195,5595,5350,136,109,42358,8453,34485,3029,27914,3542,3297,148,93,305204,12571,209730,13928,175013,20789,19247,882,659,67986,4283,82989,5446,71311,6232,5455,355,422,158149,15735,128975,15869,96032,17074,15690,607,453,116296,3686,100793,5883,88045,6865,6384,126,353,81331,6298,60477,4026,51499,4952,4473,254,225,236690,4690,108968,6808,96220,5940,5603,183,154,106731,8189,75199,9073,56830,9296,6995,1070,398,140350,6159,123325,9307,105143,8875,7657,98,205,311392,8300,145272,5930,133518,5824,5518,139,149,153339,4502,105428,7355,91138,6935,6597,151,185,59760,1456,27073,2814,21079,3180,2195,803,182,137242,9651,121921,15082,90580,16259,14915,899,430,119751,12508,75478,6192,62902,6384,5755,362,264,57026,4180,42652,3387,35909,3356,2797,466,93,7872574,483149,3972450,301334,3338606,332510,302641,14775,12783
2021-12-27,95232,10361,39204,3166,31854,4184,3928,31,222,145835,34819,89998,11000,69360,9638,8760,375,498,125982,1565,60756,2418,55805,2533,2190,212,127,47029,6317,24922,2085,20801,2036,1825,152,59,184765,11051,101990,7856,86067,8067,7687,217,162,44720,2466,33927,2229,29233,2465,2030,181,252,51698,62462,22283,2135,17609,2539,2265,76,198,88335,4244,80236,8821,62827,8588,7177,1034,365,3363726,128314,1149727,53002,1034085,62640,57187,1611,3839,80314,3427,50391,3135,44200,3056,2811,150,93,317402,14976,203095,13526,174244,15325,14368,587,364,99874,2533,76449,6164,64126,6159,5537,477,124,62443,8447,61025,7775,44647,8603,7563,849,190,227163,17970,165290,17669,127776,19845,17971,1206,648,448392,55093,253530,33294,182178,38058,36172,711,1063,198394,2189,73005,8087,57075,7843,7400,237,205,210808,7055,49777,4923,39258,5596,5352,135,109,42464,8453,34526,3029,27955,3542,3297,148,93,306253,12596,210038,13931,175307,20800,19258,882,659,68170,4284,83057,5446,71373,6238,5457,355,426,158400,15746,129050,15874,96099,17077,15692,607,454,116607,3687,100895,5883,88142,6870,6389,126,353,81698,6327,60843,4027,51864,4952,4473,254,225,237517,4705,109227,6814,96470,5943,5607,183,153,106924,8192,75280,9077,56904,9299,6996,1071,399,140676,6164,123526,9317,105329,8880,7659,99,207,311842,8305,145366,5930,133611,5825,5519,139,149,153549,4509,105591,7356,91292,6943,6604,151,186,59841,1456,27085,2814,21089,3182,2197,803,182,137761,9652,121982,15084,90637,16261,14918,899,429,120057,12521,75633,6193,63053,6387,5757,363,264,57196,4180,42735,3389,35985,3361,2800,468,93,7891067,484066,3980439,301449,3346255,332735,302846,14789,12790
2021-12-28,95545,10364,39368,3170,32001,4197,3940,31,223,146355,34824,90455,11022,69776,9657,8776,376,501,126910,1571,61532,2419,56576,2537,2192,214,127,47137,6320,24944,2085,20823,2036,1825,152,59,185423,11074,102267,7861,86327,8079,7698,218,162,44823,2467,33941,2229,29246,2466,2030,182,252,51972,62497,22296,2135,17622,2539,2265,76,198,88567,4251,80778,8838,63339,8601,7184,1039,366,3371083,128821,1152671,53005,1036995,62671,57215,1611,3842,80485,3446,50471,3137,44273,3061,2818,150,91,318214,14988,203736,13533,174855,15348,14386,589,366,100095,2533,76500,6164,64177,6159,5537,477,124,62628,8457,61116,7778,44734,8604,7564,849,190,227706,17973,165538,17676,128006,19856,17982,1206,648,449740,55191,254000,33298,182629,38073,36187,711,1063,198580,2192,73048,8091,57116,7841,7399,237,204,210963,7055,49815,4923,39293,5599,5355,135,109,42611,8453,34570,3030,27996,3544,3299,148,93,307405,12622,210465,13932,175713,20820,19276,882,661,68386,4285,83126,5447,71436,6243,5460,355,428,158651,15763,129129,15876,96169,17084,15699,607,454,116880,3690,101012,5883,88256,6873,6392,126,353,82050,6345,61346,4027,52359,4960,4481,254,225,238404,4709,109598,6816,96833,5949,5613,183,153,107173,8194,75389,9080,57002,9307,7004,1071,399,140971,6167,123738,9330,105514,8894,7669,101,208,312269,8313,145485,5931,133726,5828,5522,139,149,153781,4526,105797,7361,91493,6943,6605,151,185,59930,1456,27105,2814,21109,3182,2197,803,182,138288,9655,122032,15086,90679,16267,14925,898,429,120448,12534,75855,6195,63263,6397,5764,366,264,57362,4180,42864,3391,36103,3370,2806,469,94,7910835,484916,3989987,301563,3355439,332985,303065,14806,12802
2021-12-29,95804,10367,39529,3173,32148,4208,3951,31,223,146914,34840,90951,11039,70243,9669,8789,377,499,128058,1577,62593,2419,57633,2541,2196,214,127,47235,6325,24972,2085,20851,2036,1825,152,59,186138,11095,102616,7867,86661,8088,7706,218,163,44959,2468,33960,2229,29265,2466,2030,182,252,52182,62556,22313,2135,17639,2539,2265,76,198,88805,4268,81475,8856,63994,8625,7204,1042,367,3378913,129209,1156086,53006,1040373,62707,57249,1611,3844,80686,3460,50567,3141,44359,3067,2823,150,92,318935,14992,204271,13546,175368,15357,14399,588,363,100353,2534,76558,6164,64232,6162,5540,477,124,62833,8461,61246,7778,44859,8609,7569,849,190,228290,17974,165820,17678,128272,19870,17996,1206,648,451035,55492,254565,33301,183175,38089,36201,711,1065,198761,2195,73092,8092,57158,7842,7400,237,204,211137,7058,49902,4923,39377,5602,5358,135,109,42766,8455,34620,3030,28046,3544,3299,148,93,308675,12651,210989,13935,176220,20834,19289,883,661,68549,4285,83218,5447,71525,6246,5462,355,429,158871,15781,129225,15877,96258,17090,15706,607,453,117207,3691,101182,5883,88421,6878,6397,126,353,82404,6368,61903,4027,52911,4965,4486,254,225,239475,4718,110026,6819,97250,5957,5620,183,154,107477,8201,75541,9082,57143,9316,7011,1072,400,141324,6168,124005,9345,105764,8896,7671,101,208,312655,8314,145598,5932,133838,5828,5522,139,149,154022,4545,106078,7363,91773,6942,6604,151,185,60034,1459,27126,2814,21128,3184,2199,803,182,138796,9660,122100,15088,90742,16270,14927,899,429,120809,12559,76125,6196,63529,6400,5768,366,263,57600,4182,42984,3392,36219,3373,2808,469,95,7931702,485908,4001236,301662,3366374,333200,303270,14812,12806
2021-12-30,96035,10375,39689,3182,32294,4213,3955,31,224,147344,34868,91451,11050,70709,9692,8809,378,501,129307,1579,63602,2420,58639,2543,2198,214,127,47314,6329,24997,2085,20875,2037,1826,152,59,186769,11126,103005,7873,87035,8097,7715,218,163,45085,2469,33996,2229,29301,2466,2030,182,252,52314,62609,22333,2135,17659,2539,2265,76,198,89062,4285,82165,8869,64647,8649,7225,1043,369,3387442,129486,1159912,53014,1044154,62744,57283,1612,3846,80877,3463,50700,3146,44478,3076,2831,150,91,319732,14997,204862,13549,175923,15390,14428,590,364,100600,2537,76614,6164,64285,6165,5543,477,124,62986,8464,61371,7779,44981,8611,7572,848,190,228808,17977,166173,17680,128609,19884,18009,1207,648,452328,55567,255139,33303,183728,38108,36220,711,1065,198921,2196,73135,8092,57201,7842,7400,237,204,211338,7059,50011,4924,39484,5603,5359,135,109,42886,8456,34689,3030,28109,3550,3305,148,93,309948,12694,211569,13938,176778,20853,19309,884,659,68724,4288,83309,5450,71611,6248,5464,355,429,159124,15800,129332,15879,96360,17093,15709,608,452,117487,3691,101370,5883,88602,6885,6403,127,353,82740,6418,62563,4027,53562,4974,4494,255,225,240555,4743,110591,6824,97806,5961,5625,182,154,107822,8206,75753,9083,57347,9323,7016,1074,400,141723,6169,124277,9352,106025,8900,7676,101,207,313053,8323,145743,5932,133978,5833,5527,139,149,154267,4559,106471,7366,92156,6949,6610,152,185,60091,1459,27150,2814,21152,3184,2199,803,182,139298,9666,122176,15090,90815,16271,14928,899,429,121206,12582,76422,6196,63814,6412,5774,372,263,57798,4184,43151,3394,36380,3377,2812,469,95,7952984,486624,4013721,301752,3378497,333472,303519,14829,12809
2021-12-31,96230,10380,39831,3183,32422,4226,3966,31,226,147693,34880,91911,11065,71136,9710,8830,379,496,130275,1586,64467,2420,59500,2547,2202,214,127,47361,6329,25012,2085,20890,2037,1826,152,59,187233,11134,103310,7882,87330,8098,7717,218,162,45156,2470,34060,2229,29365,2466,2030,182,252,52388,62655,22353,2135,17679,2539,2265,76,198,89234,4297,82755,8888,65211,8656,7233,1043,368,3393625,129650,1162944,53021,1047142,62781,57318,1612,3848,81052,3468,50811,3149,44581,3081,2837,148,92,320385,14999,205326,13561,176361,15404,14441,591,364,100807,2537,76686,6165,64353,6168,5546,477,124,63127,8464,61492,7780,45098,8614,7574,848,191,229257,17979,166507,17681,128921,19905,18028,1207,650,453316,55678,255642,33306,184219,38117,36229,711,1065,199046,2196,73178,8093,57243,7842,7399,238,204,211500,7059,50083,4924,39555,5604,5360,135,109,42988,8458,34752,3031,28172,3549,3304,148,93,310883,12717,212105,13941,177294,20870,19325,885,659,68843,4288,83420,5451,71719,6250,5465,355,430,159309,15810,129420,15882,96444,17094,15713,608,449,117670,3691,101518,5883,88745,6890,6408,127,353,83014,6424,63235,4029,54225,4981,4500,256,225,241676,4774,111133,6827,98341,5965,5630,181,154,108123,8209,76005,9087,57596,9322,7015,1074,400,141943,6173,124515,9359,106247,8909,7684,101,208,313374,8325,145896,5932,134131,5833,5527,139,149,154494,4564,106825,7369,92504,6952,6611,153,186,60140,1460,27161,2814,21163,3184,2199,803,182,139590,9666,122279,15090,90915,16274,14931,899,429,121533,12606,76724,6196,64111,6417,5777,373,264,57982,4186,43371,3398,36590,3383,2817,470,95,7969247,487112,4024727,301856,3389203,333668,303707,14834,12811
2022-01-01,96274,10384,39868,3184,32439,4245,3985,31,226,147792,34897,92029,11082,71226,9721,8844,379,492,130541,1590,64782,2422,59805,2555,2209,214,128,47395,6329,25028,2085,20906,2037,1826,152,59,187369,11140,103417,7886,87421,8110,7729,218,162,45189,2470,34082,2229,29386,2467,2030,183,252,52404,62661,22355,2135,17681,2539,2265,76,198,89272,4304,82867,8907,65298,8662,7242,1045,363,3395261,129741,1163886,53027,1048037,62822,57354,1615,3850,81072,3469,50842,3152,44609,3081,2837,148,92,320585,15000,205436,13576,176449,15411,14450,591,362,100875,2539,76705,6165,64370,6170,5548,477,124,63173,8465,61522,7781,45128,8613,7573,848,191,229378,17979,166657,17684,129050,19923,18045,1207,651,453584,55730,255747,33310,184293,38144,36255,712,1065,199081,2197,73192,8096,57256,7840,7397,238,204,211525,7059,50105,4924,39575,5606,5362,135,109,43037,8463,34785,3031,28203,3551,3306,148,93,311187,12732,212299,13942,177477,20880,19335,885,659,68876,4290,83476,5452,71775,6249,5464,355,430,159410,15814,129471,15884,96494,17093,15713,608,448,117721,3692,101579,5884,88797,6898,6415,127,354,83162,6425,63626,4029,54612,4985,4503,256,226,241916,4776,111310,6828,98512,5970,5633,183,154,108220,8212,76068,9089,57649,9330,7023,1075,399,141991,6174,124582,9364,106297,8921,7698,100,207,313453,8332,145931,5932,134163,5836,5529,139,150,154550,4566,106991,7373,92660,6958,6615,153,187,60160,1460,27169,2814,21171,3184,2199,803,182,139721,9672,122317,15092,90952,16273,14930,899,429,121573,12608,76778,6200,64151,6427,5782,378,264,58025,4187,43420,3399,36637,3384,2819,470,95,7973772,487357,4028322,301958,3392479,333885,303915,14848,12805
2022-01-02,96349,10385,39945,3186,32494,4265,4004,31,227,147933,34918,92205,11097,71367,9741,8862,379,494,130817,1596,65201,2424,60214,2563,2216,214,129,47452,6330,25056,2085,20933,2038,1827,152,59,187600,11154,103575,7897,87556,8122,7741,218,162,45309,2471,34128,2229,29431,2468,2031,183,252,52496,62679,22366,2135,17691,2540,2265,76,199,89350,4314,83041,8927,65449,8665,7247,1046,360,3397390,129857,1165501,53037,1049593,62871,57402,1615,3851,81136,3470,50891,3153,44651,3087,2841,148,94,320904,15004,205707,13587,176686,15434,14471,592,363,100986,2543,76755,6166,64414,6175,5553,477,124,63257,8472,61601,7781,45205,8615,7574,849,191,229596,17981,166853,17687,129221,19945,18064,1208,653,453909,55820,255905,33312,184425,38168,36278,713,1065,199200,2199,73219,8096,57279,7844,7401,238,204,211580,7059,50142,4924,39612,5606,5362,135,109,43120,8464,34844,3031,28257,3556,3311,148,93,311476,12736,212501,13945,177665,20891,19347,885,658,68916,4290,83553,5452,71852,6249,5464,355,430,159536,15834,129543,15884,96566,17093,15713,608,448,117825,3693,101655,5887,88867,6901,6419,127,353,83396,6448,64122,4031,55101,4990,4506,257,227,242211,4782,111604,6831,98798,5975,5638,184,153,108323,8218,76191,9092,57758,9341,7033,1077,398,142152,6175,124766,9372,106469,8925,7705,100,204,313582,8339,145990,5933,134218,5839,5533,139,149,154643,4576,107180,7375,92833,6972,6629,153,187,60194,1461,27184,2814,21184,3186,2201,803,182,139913,9683,122397,15092,91022,16283,14939,899,430,121634,12619,76866,6200,64234,6432,5783,382,264,58065,4187,43496,3399,36707,3390,2825,470,95,7980250,487757,4033983,302061,3397752,334170,304185,14861,12807
2022-01-03,96694,10395,40349,3190,32877,4282,4020,31,228,148572,34952,93115,11118,72236,9761,8885,380,490,132022,1613,66704,2428,61698,2578,2229,215,130,47584,6337,25151,2085,21026,2040,1829,152,59,188378,11182,104185,7910,88137,8138,7756,218,163,45529,2473,34254,2229,29556,2469,2032,183,252,52780,62775,22392,2136,17717,2539,2264,76,199,89766,4344,84195,8949,66552,8694,7267,1057,358,3406906,130217,1172084,53046,1056095,62943,57471,1617,3852,81401,3481,51210,3159,44952,3099,2853,148,95,321945,15013,206574,13597,177508,15469,14504,596,363,101157,2544,76887,6167,64538,6182,5560,477,124,63504,8474,61843,7782,45445,8616,7575,849,191,230420,17984,167736,17694,130085,19957,18072,1211,654,455662,56135,257111,33317,185593,38201,36310,714,1065,199514,2201,73359,8096,57413,7850,7405,239,205,211835,7061,50341,4924,39807,5610,5365,135,110,43344,8471,35043,3031,28449,3563,3318,148,93,312818,12769,213621,13949,178735,20937,19393,885,658,69137,4290,83770,5453,72065,6252,5468,355,429,160160,15878,129772,15885,96787,17100,15718,608,450,118356,3695,102147,5892,89352,6903,6423,127,351,83706,6487,64997,4031,55965,5001,4511,258,232,243835,4803,112901,6834,100084,5983,5644,185,154,108897,8253,76816,9095,58374,9347,7037,1080,397,142578,6188,125329,9383,107008,8938,7720,99,203,314145,8340,146494,5934,134719,5841,5535,139,149,155012,4587,107864,7375,93502,6987,6641,153,189,60330,1461,27234,2814,21233,3187,2202,803,182,140590,9699,122688,15093,91304,16291,14947,899,430,122105,12664,77558,6204,64913,6441,5789,385,264,58337,4189,44008,3402,37193,3413,2841,472,99,8007019,488955,4057732,302202,3420918,334612,304584,14894,12818
2022-01-04,97074,10400,40803,3195,33314,4294,4031,32,228,149277,34983,94313,11131,73384,9798,8916,385,491,133451,1620,68405,2433,63386,2586,2234,216,132,47726,6346,25258,2085,21131,2042,1831,152,59,189419,11236,105012,7915,88934,8163,7779,220,163,45822,2478,34487,2229,29789,2469,2032,183,252,53068,62868,22460,2136,17784,2540,2264,76,200,90236,4382,85684,8969,68004,8711,7279,1059,361,3418296,130626,1181377,53051,1065280,63046,57565,1620,3858,81800,3521,51657,3165,45384,3108,2863,148,94,323249,15033,207821,13615,178698,15508,14538,597,367,101364,2548,77098,6170,64740,6188,5566,477,124,63784,8494,62248,7782,45839,8627,7585,850,191,231476,17995,168929,17704,131255,19970,18086,1210,654,457602,56408,258629,33322,187075,38232,36339,716,1065,199852,2205,73514,8097,57562,7855,7409,240,205,212112,7064,50525,4924,39984,5617,5372,135,110,43594,8488,35313,3032,28715,3566,3321,148,93,314417,12823,215123,13950,180193,20980,19436,885,658,69527,4294,84118,5454,72407,6257,5472,355,430,160517,15920,130090,15887,97097,17106,15723,609,450,118868,3704,102722,5893,89916,6913,6433,127,351,84049,6535,66291,4032,57249,5010,4520,258,232,245581,4816,114633,6836,101799,5998,5659,185,154,109449,8284,77615,9099,59164,9352,7042,1080,397,143154,6195,126053,9392,107709,8952,7734,100,203,314746,8343,147004,5934,135222,5848,5542,139,149,155500,4620,108665,7377,94289,6999,6654,153,188,60461,1462,27322,2814,21320,3188,2203,803,182,141269,9708,123037,15094,91643,16300,14955,900,430,122656,12731,78405,6207,65752,6446,5792,388,263,58680,4192,44646,3407,37816,3423,2845,477,99,8038076,490322,4089257,302331,3451834,335092,305020,14923,12833
2022-01-05,97488,10409,41315,3198,33811,4306,4039,33,231,150034,35030,95840,11153,74860,9827,8949,385,487,134793,1675,70061,2433,65035,2593,2241,216,132,47856,6360,25383,2085,21254,2044,1833,152,59,190619,11264,106098,7925,89991,8182,7798,220,163,46113,2480,34702,2229,30004,2469,2032,183,252,53461,62983,22547,2137,17870,2540,2264,76,200,90791,4404,87418,8985,69689,8744,7306,1063,363,3431768,131286,1192711,53060,1076485,63166,57677,1626,3860,82188,3539,52144,3168,45857,3119,2874,148,94,324517,15042,209342,13630,180164,15548,14576,597,369,101603,2549,77341,6171,64977,6193,5571,477,124,64086,8506,62718,7783,46298,8637,7593,851,192,232608,18015,170436,17709,132731,19996,18107,1212,657,459260,56587,260459,33328,188866,38265,36369,716,1068,200236,2210,73737,8097,57782,7858,7412,240,205,212368,7067,50739,4925,40193,5621,5376,135,110,43923,8498,35696,3033,29088,3575,3330,148,93,316064,12870,217060,13953,182060,21047,19500,885,661,69891,4298,84541,5455,72823,6263,5476,356,431,160953,15957,130419,15888,97414,17117,15734,609,450,119461,3708,103467,5893,90649,6925,6443,127,353,84460,6580,67716,4035,58657,5024,4534,258,232,247666,4862,116923,6842,104070,6011,5671,185,155,110116,8332,78649,9103,60182,9364,7049,1082,400,143869,6202,126969,9400,108604,8965,7746,101,203,315328,8347,147647,5934,135861,5852,5546,139,149,156121,4646,109657,7380,95268,7009,6664,153,188,60597,1463,27413,2815,21410,3188,2203,803,182,142110,9722,123445,15097,92042,16306,14961,900,430,123196,12788,79338,6207,66673,6458,5801,388,266,59031,4195,45397,3412,38557,3428,2847,477,102,8072575,491874,4127328,302463,3489225,335640,305522,14941,12861
2022-01-06,97856,10418,41896,3206,34367,4323,4055,34,231,150744,35085,97469,11169,76445,9855,8981,386,482,136162,1680,71816,2436,66774,2606,2254,215,133,47941,6366,25500,2085,21369,2046,1835,152,59,191859,11288,107336,7932,91190,8214,7831,219,163,46343,2481,34977,2229,30275,2473,2035,184,252,53930,63101,22660,2137,17983,2540,2264,76,200,91262,4434,89189,9007,71425,8757,7319,1064,362,3445974,131859,1204190,53071,1087843,63276,57776,1630,3867,82576,3561,52732,3170,46435,3127,2880,148,95,325912,15051,210999,13644,181768,15587,14611,598,372,101915,2553,77650,6172,65269,6209,5588,477,123,64397,8535,63158,7786,46732,8640,7597,850,192,233622,18026,172188,17718,134442,20028,18135,1215,658,460943,56866,262656,33329,191026,38301,36405,716,1068,200610,2214,73967,8098,58007,7862,7415,240,206,212681,7071,50980,4925,40427,5628,5383,135,110,44283,8509,36180,3033,29566,3581,3336,148,93,317790,12941,219399,13960,184332,21107,19557,887,662,70247,4302,84991,5455,73266,6270,5483,356,431,161380,15993,130782,15890,97765,17127,15744,609,450,120089,3717,104300,5894,91479,6927,6445,127,353,84771,6644,69158,4036,60084,5038,4549,258,231,249722,4982,119594,6844,106717,6033,5692,185,156,110751,8400,79822,9105,61337,9380,7064,1083,400,144556,6209,127914,9406,109535,8973,7753,101,204,316202,8354,148499,5934,136706,5859,5553,139,149,156740,4667,110823,7384,96403,7036,6690,153,189,60737,1463,27562,2815,21557,3190,2205,803,182,142742,9727,123940,15097,92519,16324,14979,900,430,123732,12844,80281,6207,67606,6468,5810,389,266,59442,4199,46205,3417,39349,3439,2857,479,102,8107911,493540,4168813,302591,3529998,336224,306081,14956,12871
2022-01-07,98152,10428,42395,3210,34851,4334,4067,34,230,151393,35157,99188,11184,78123,9881,9008,387,480,137651,1692,73877,2437,68826,2614,2261,215,134,48222,6385,25642,2085,21509,2048,1837,152,59,193111,11305,108602,7941,92420,8241,7859,219,163,46480,2481,35241,2229,30538,2474,2036,184,252,54390,63235,22777,2138,18099,2540,2264,76,200,91723,4472,91030,9019,73223,8788,7348,1064,364,3461571,132456,1216311,53087,1099852,63372,57863,1633,3873,83100,3602,53377,3172,47062,3143,2893,150,95,327538,15072,212769,13657,183494,15618,14637,603,373,102264,2554,77984,6172,65584,6228,5606,478,123,64763,8550,63699,7788,47262,8649,7607,850,191,234619,18066,174128,17723,136350,20055,18161,1215,659,462248,57042,265222,33334,193541,38347,36451,716,1068,201009,2219,74254,8099,58285,7870,7420,240,209,213112,7076,51241,4926,40683,5632,5387,135,110,44495,8525,36638,3033,30014,3591,3346,148,93,319357,12991,222126,13964,186976,21186,19635,888,662,70602,4311,85465,5457,73736,6272,5486,356,430,161823,16033,131228,15891,98199,17138,15753,609,452,120666,3729,105224,5894,92395,6935,6451,127,355,85049,6676,70400,4038,61314,5048,4558,259,231,252907,5024,123034,6847,110138,6049,5707,185,157,111434,8443,81075,9106,62577,9392,7075,1084,400,145293,6221,129044,9414,110633,8997,7774,102,206,317143,8364,149341,5934,137538,5869,5561,141,149,157426,4823,112146,7386,97704,7056,6709,154,189,60881,1465,27681,2815,21676,3190,2205,803,182,143358,9737,124572,15100,93134,16338,14993,899,431,124383,12939,81350,6210,68655,6485,5827,389,266,59849,4203,47017,3426,40137,3454,2870,478,103,8146012,495276,4214078,302716,3574528,336834,306655,14973,12889
2022-01-08,98416,10431,42553,3213,34990,4350,4081,34,232,151592,35199,99729,11196,78626,9907,9032,388,480,138245,1697,74698,2437,69640,2621,2267,215,135,48295,6388,25730,2085,21597,2048,1837,152,59,193646,11339,109283,7951,93081,8251,7870,218,163,46535,2481,35308,2229,30604,2475,2037,184,252,54731,63305,22856,2138,18177,2541,2264,76,201,91825,4491,91539,9031,73681,8827,7382,1067,366,3468283,132804,1222547,53094,1105977,63476,57958,1634,3881,83207,3613,53620,3176,47300,3144,2896,150,94,328130,15101,213853,13670,184532,15651,14672,604,370,102359,2558,78183,6176,65781,6226,5604,478,123,64908,8551,63939,7788,47496,8655,7612,851,191,234943,18073,174925,17733,137119,20073,18180,1215,658,462637,57156,265749,33340,194033,38376,36478,717,1069,201178,2220,74427,8101,58449,7877,7423,242,211,213201,7078,51395,4927,40833,5635,5390,135,110,44620,8539,36883,3034,30256,3593,3347,148,94,319975,13125,223205,13969,187997,21239,19687,888,663,70787,4316,85827,5460,74088,6279,5493,356,430,162030,16055,131463,15894,98426,17143,15757,609,453,120853,3735,105468,5898,92629,6941,6457,127,355,85165,6741,71254,4040,62159,5055,4562,260,233,255603,5040,125464,6850,112551,6063,5720,185,158,111644,8453,81578,9108,63059,9411,7086,1092,400,145675,6227,129542,9421,111108,9013,7788,103,207,317888,8365,150071,5935,138255,5881,5573,141,149,157619,4875,112685,7393,98216,7076,6725,155,193,60970,1465,27745,2815,21736,3194,2209,803,182,143561,9749,124888,15101,93444,16343,14998,899,431,124513,12982,81691,6211,68987,6493,5833,390,267,60070,4207,47660,3430,40766,3464,2881,479,102,8163104,496359,4235758,302844,3595593,337321,307099,14995,12912
2022-01-09,98510,10432,42668,3219,35090,4359,4089,34,233,151760,35219,100119,11229,78978,9912,9044,389,475,138562,1700,75239,2439,70167,2633,2278,215,136,48353,6399,25837,2085,21702,2050,1839,152,59,194250,11369,109987,7959,93753,8275,7894,218,163,46679,2494,35541,2229,30836,2476,2038,184,252,55004,63352,22918,2138,18239,2541,2264,76,201,91935,4505,91909,9045,74006,8858,7412,1068,366,3473065,133062,1227945,53104,1111279,63562,58036,1637,3885,83312,3622,53865,3180,47532,3153,2904,151,93,328672,15117,214746,13684,185373,15689,14714,605,366,102549,2566,78440,6176,66019,6245,5623,478,123,65063,8571,64230,7788,47780,8662,7617,852,192,235201,18087,175659,17747,137813,20099,18203,1215,661,462993,57239,266228,33345,194452,38431,36531,719,1069,201338,2222,74564,8102,58574,7888,7432,241,214,213335,7080,51564,4929,40993,5642,5396,136,110,44766,8559,37122,3037,30489,3596,3350,148,94,320394,13154,224282,13972,189035,21275,19723,888,663,70929,4320,86060,5461,74318,6281,5495,356,430,162272,16088,131705,15897,98658,17150,15765,609,452,121048,3735,105870,5899,93019,6952,6468,127,355,85328,6786,72235,4041,63132,5062,4568,261,233,257134,5046,126792,6852,113866,6074,5729,185,160,111792,8458,81956,9114,63422,9420,7096,1091,400,145982,6234,130056,9430,111600,9026,7803,102,206,318094,8365,150378,5936,138549,5893,5584,141,150,157761,4953,113155,7396,98656,7103,6747,156,197,61025,1465,27799,2815,21789,3195,2209,804,182,143795,9762,125246,15103,93790,16353,15007,899,432,124642,13038,82001,6217,69283,6501,5839,391,268,60227,4211,48059,3436,41142,3481,2890,487,103,8175770,497210,4254175,303004,3613334,337837,307587,15015,12923
2022-01-10,98939,10451,43346,3230,35747,4369,4098,34,234,152431,35326,102279,11254,81085,9940,9072,391,473,140180,1716,77376,2440,72292,2644,2289,215,136,48565,6423,26012,2085,21877,2050,1839,152,59,195625,11448,112029,7970,95745,8314,7931,219,164,46945,2498,36065,2229,31357,2479,2040,184,253,55672,63482,23132,2138,18452,2542,2264,76,202,92463,4553,94133,9066,76188,8879,7433,1067,367,3490172,133848,1244400,53122,1127569,63709,58171,1642,3891,83834,3682,54953,3182,48594,3177,2928,151,92,330488,15137,217520,13697,188067,15756,14775,608,369,102902,2575,78962,6176,66523,6263,5641,478,123,65388,8611,64967,7788,48505,8674,7629,852,192,236182,18132,179021,17754,141130,20137,18239,1217,661,464202,57561,270263,33354,198401,38508,36607,719,1070,201862,2234,75174,8103,59182,7889,7434,241,213,214107,7101,52122,4930,41549,5643,5398,135,110,45007,8582,38021,3037,31377,3607,3361,148,94,322354,13219,229475,13983,194119,21373,19819,889,664,71325,4323,86803,5461,75051,6291,5500,356,435,162935,16156,132433,15900,99380,17153,15768,609,452,121556,3752,107080,5904,94217,6959,6476,127,354,85504,6855,73857,4044,64746,5067,4574,261,232,260536,5073,131362,6855,118405,6102,5756,186,160,112335,8490,83702,9119,65129,9454,7121,1097,403,146874,6249,131718,9442,113233,9043,7817,104,207,319342,8373,152426,5936,140581,5909,5600,141,150,158395,5095,115387,7401,100853,7133,6776,157,197,61209,1467,27992,2816,21982,3194,2208,804,182,144566,9783,126292,15105,94814,16373,15027,899,432,125215,13128,83553,6220,70820,6513,5851,392,267,60623,4214,49377,3439,42427,3511,2913,493,104,8217733,499537,4321232,303180,3679397,338655,308355,15044,12942
2022-01-11,99245,10479,44208,3237,36578,4393,4119,35,236,152986,35435,104700,11271,83463,9966,9098,391,473,141592,1725,79308,2444,74190,2674,2318,217,135,48754,6435,26284,2085,22147,2052,1840,153,59,197023,11521,114277,7985,97948,8344,7960,219,165,47223,2504,36703,2229,31988,2486,2046,184,254,56341,63584,23338,2138,18658,2542,2264,76,202,92867,4570,96092,9084,78097,8911,7463,1071,365,3507530,134420,1262123,53138,1145081,63904,58358,1646,3895,84372,3719,56034,3187,49648,3199,2950,152,93,332106,15184,220310,13713,190791,15806,14826,607,369,103409,2589,79687,6179,67227,6281,5659,478,123,65733,8654,65845,7792,49369,8684,7639,852,192,237070,18192,182360,17759,144410,20191,18285,1221,665,465630,57925,275072,33365,203142,38565,36665,719,1069,202352,2242,75835,8104,59836,7895,7440,242,212,214912,7123,52781,4930,42194,5657,5412,135,110,45189,8600,38893,3037,32239,3617,3371,148,94,324249,13273,234331,13984,198885,21462,19905,889,667,71718,4323,87527,5462,75768,6297,5505,356,436,163636,16223,133255,15901,100184,17170,15784,609,452,122038,3766,108363,5905,95486,6972,6488,127,355,85650,6895,75510,4045,66381,5084,4588,261,235,263500,5101,135242,6860,122244,6138,5789,188,161,112916,8554,85696,9125,67098,9473,7141,1097,402,147673,6261,133463,9451,114938,9074,7847,104,207,320596,8390,154735,5937,142862,5936,5628,141,149,158983,5150,117481,7407,102918,7156,6801,157,195,61393,1470,28222,2816,22210,3196,2210,804,182,145350,9805,127393,15106,95885,16402,15053,900,434,125683,13211,85051,6224,72295,6532,5867,394,268,61125,4227,50743,3441,43765,3537,2930,498,107,8258844,501550,4390862,303341,3747925,339596,309249,15071,12961
2022-01-12,99528,10492,44948,3246,37295,4407,4132,35,237,153508,35508,107203,11287,85892,10024,9148,394,478,142730,1735,80890,2453,75753,2684,2326,216,138,48969,6449,26568,2085,22431,2052,1840,153,59,198376,11559,116509,7996,100136,8377,7991,221,165,47560,2512,37327,2229,32605,2493,2051,185,255,56974,63718,23648,2138,18967,2543,2265,76,202,93206,4588,97802,9104,79740,8958,7510,1071,365,3524244,134998,1280590,53163,1163346,64081,58526,1651,3899,84784,3750,57077,3189,50667,3221,2970,151,94,333751,15222,223491,13733,193910,15848,14865,609,370,103895,2601,80536,6182,68042,6312,5690,478,123,66102,8695,66722,7795,50231,8696,7648,855,192,237854,18237,185908,17770,147897,20241,18332,1225,664,466797,58297,279894,33374,207898,38622,36722,720,1068,202966,2255,76632,8106,60620,7906,7452,242,211,215753,7148,53388,4930,42795,5663,5417,136,110,45354,8623,39783,3037,33124,3622,3376,148,94,325946,13315,239275,13997,203693,21585,20027,889,668,72145,4325,88399,5463,76631,6305,5512,357,436,164513,16289,134183,15901,101092,17190,15804,609,452,122555,3785,109701,5913,96802,6986,6504,127,353,85816,6977,77088,4051,67942,5095,4597,261,237,266355,5128,139318,6866,126281,6171,5817,191,163,113354,8572,87814,9131,69182,9501,7157,1107,404,148391,6266,135111,9457,116541,9113,7885,105,207,321860,8402,157243,5939,145343,5961,5654,141,148,159468,5202,119421,7417,104825,7179,6822,157,198,61651,1470,28487,2816,22473,3198,2212,804,182,146115,9839,128522,15111,96987,16424,15075,901,433,126145,13264,86712,6226,73943,6543,5877,394,269,61568,4233,51969,3447,44953,3569,2955,505,107,8298233,503454,4462159,303552,3818037,340570,310159,15114,12981
2022-01-13,99928,10505,45623,3252,37954,4417,4140,35,239,154003,35578,109271,11313,87912,10046,9166,396,481,143921,1746,82481,2459,77328,2694,2334,217,139,49110,6466,26813,2085,22676,2052,1840,153,59,199491,11623,118750,8004,102328,8418,8031,222,165,47833,2518,38001,2229,33272,2500,2056,185,257,57528,63852,23956,2138,19274,2544,2266,76,202,93562,4621,99629,9116,81515,8998,7548,1071,367,3539038,135493,1297546,53182,1180069,64295,58722,1655,3913,85187,3781,57965,3195,51529,3241,2989,151,95,335239,15272,226605,13754,196938,15913,14925,613,371,104378,2605,81212,6184,68683,6345,5722,478,123,66524,8734,67712,7797,51202,8713,7660,859,193,238594,18290,189717,17780,151636,20301,18389,1225,667,467796,58689,284840,33382,212732,38726,36818,724,1072,203360,2270,77501,8109,61478,7914,7459,243,211,216781,7173,54131,4931,43524,5676,5430,136,110,45529,8645,40862,3038,34194,3630,3384,148,94,327429,13373,244015,14005,208323,21687,20119,894,673,72505,4328,89406,5464,77628,6314,5519,358,437,165230,16376,135092,15902,101977,17213,15827,609,452,122988,3802,111248,5916,98328,7004,6522,127,353,85953,7052,78767,4058,69591,5118,4620,260,238,268703,5151,142554,6874,129481,6199,5842,191,166,113766,8610,90014,9139,71351,9524,7175,1112,404,148995,6278,136749,9470,118153,9126,7899,104,207,323103,8406,159663,5940,147743,5980,5672,141,149,159944,5256,121617,7424,106976,7217,6858,158,199,61849,1472,28735,2816,22720,3199,2213,804,182,146684,9885,129712,15115,98141,16456,15102,902,437,126523,13345,88238,6232,75440,6566,5897,395,271,61999,4300,53407,3449,46359,3599,2978,510,109,8333473,505495,4531832,303752,3886455,341625,311122,15152,13035
2022-01-14,100127,10518,46313,3263,38626,4424,4146,35,240,154504,35638,111748,11329,90345,10074,9185,398,488,145206,1757,83907,2465,78734,2708,2347,218,139,49357,6483,27160,2085,23022,2053,1841,153,59,200558,11700,121031,8016,104537,8478,8089,222,167,47993,2518,38616,2230,33882,2504,2059,185,258,58048,64026,24300,2138,19615,2547,2268,76,203,93881,4670,101510,9138,83349,9023,7566,1078,367,3555156,136118,1314750,53220,1197066,64464,58874,1659,3926,85605,3792,59008,3197,52557,3254,2997,153,97,336412,15328,229441,13773,199685,15983,14992,615,372,104808,2612,82056,6184,69494,6378,5754,478,124,66888,8768,68536,7800,52003,8733,7676,862,194,239326,18351,193241,17787,155084,20370,18450,1229,671,468788,59127,289609,33393,217385,38831,36918,729,1072,203679,2289,78289,8112,62256,7921,7465,243,212,217808,7186,54845,4932,44231,5682,5436,136,110,45673,8663,41880,3038,35196,3646,3399,148,95,329041,13458,248764,14014,212938,21812,20243,894,674,72774,4341,90296,5464,78507,6325,5529,359,437,166142,16483,135958,15904,102818,17236,15849,610,452,123391,3813,112781,5918,99845,7018,6532,127,357,86070,7074,79957,4062,70768,5127,4630,260,237,270428,5173,145451,6887,132332,6232,5874,193,165,114169,8668,92089,9147,73384,9558,7203,1117,405,149498,6300,138142,9477,119509,9156,7928,104,208,324153,8416,162411,5940,150456,6015,5706,142,149,160274,5382,123349,7431,108654,7264,6904,157,201,62044,1472,28967,2817,22947,3203,2217,804,182,147280,9951,130982,15118,99380,16484,15128,903,438,126808,13403,89591,6235,76764,6592,5920,395,274,62388,4351,54691,3461,47614,3616,2992,517,106,8368277,507829,4599669,303975,3952983,342711,312117,15199,13079
2022-01-15,100218,10533,46469,3270,38764,4435,4157,35,240,154646,35668,112373,11341,90930,10102,9208,400,491,145686,1762,84475,2469,79286,2720,2358,218,140,49402,6486,27336,2086,23194,2056,1844,153,59,201150,11730,122142,8030,105590,8522,8133,223,166,48050,2519,38892,2232,34154,2506,2061,185,258,58693,64127,24540,2138,19852,2550,2270,76,204,93949,4684,101984,9153,83773,9058,7593,1083,370,3561690,136284,1322758,53247,1204880,64631,59037,1661,3928,85707,3808,59305,3205,52828,3272,3015,154,96,336820,15438,230361,13790,200541,16030,15034,617,375,105071,2614,82511,6187,69936,6388,5763,479,124,66993,8801,68992,7805,52437,8750,7691,864,194,239491,18417,194390,17800,156138,20452,18522,1233,677,469193,59315,290459,33403,218108,38948,37036,729,1071,203811,2295,78609,8112,62563,7934,7476,244,213,217937,7194,55259,4934,44638,5687,5441,136,110,45754,8667,42345,3044,35644,3657,3409,148,96,329601,13477,250663,14028,214757,21878,20305,897,675,72956,4348,90826,5464,79022,6340,5542,359,439,166410,16528,136439,15906,103282,17251,15862,611,453,123564,3818,113616,5923,100653,7040,6549,127,361,86140,7139,80695,4069,71488,5138,4639,260,239,272838,5201,147936,6898,134782,6256,5895,193,168,114291,8675,93151,9149,74420,9582,7222,1120,407,149745,6303,138767,9485,120097,9185,7956,104,209,324667,8420,163780,5942,151803,6035,5723,144,150,160420,5483,124055,7438,109330,7287,6925,157,203,62133,1473,29090,2817,23066,3207,2220,804,183,147445,9990,131731,15121,100104,16506,15150,903,438,126848,13422,89938,6240,77094,6604,5931,396,274,62526,4359,55161,3469,48069,3623,2998,518,105,8383845,508978,4629048,304195,3981223,343630,312965,15231,13116
2022-01-16,100265,10539,46588,3278,38863,4447,4166,35,243,154793,35688,112831,11352,91331,10148,9242,400,503,145873,1764,84815,2473,79610,2732,2368,219,141,49431,6486,27467,2087,23318,2062,1849,154,59,201442,11772,122806,8041,106207,8558,8168,223,167,48169,2534,39325,2235,34578,2512,2066,186,258,59107,64200,24732,2138,20036,2558,2273,76,209,94022,4692,102284,9173,84021,9090,7622,1086,370,3565607,136457,1328452,53285,1210380,64787,59182,1665,3935,85861,3817,59468,3210,52975,3283,3025,154,97,337161,15476,231074,13820,201201,16053,15054,620,375,105279,2622,82988,6191,70383,6414,5788,480,124,67175,8827,69445,7809,52871,8765,7706,865,193,239708,18460,195583,17819,157211,20553,18617,1236,680,469604,59470,291273,33416,218814,39043,37129,729,1073,203967,2297,79068,8112,63007,7949,7489,244,215,218060,7221,55844,4938,45209,5697,5451,136,110,45822,8677,42656,3046,35944,3666,3415,149,98,329983,13498,252119,14037,216120,21962,20386,899,676,73074,4351,91230,5465,79412,6353,5554,359,440,166638,16553,136921,15908,103746,17267,15878,611,453,123639,3824,114234,5926,101257,7051,6559,127,362,86181,7166,81136,4071,71918,5147,4647,260,240,274523,5209,149621,6909,136435,6277,5912,192,173,114427,8680,94139,9157,75380,9602,7237,1125,407,149962,6308,139494,9500,120803,9191,7963,104,209,324802,8423,164363,5944,152367,6052,5738,144,152,160475,5536,124489,7448,109718,7323,6961,157,203,62209,1473,29173,2817,23148,3208,2221,804,183,147544,10010,132324,15126,100680,16518,15162,903,438,126908,13437,90178,6243,77309,6626,5948,400,275,62602,4362,55467,3475,48352,3640,3009,525,106,8394313,509829,4651587,304449,4002604,344534,313785,15267,13167
2022-01-17,100555,10559,47787,3285,40029,4473,4190,35,245,155279,35772,115468,11373,93905,10190,9288,400,499,147004,1776,86379,2477,81159,2743,2378,219,142,49573,6523,27755,2089,23602,2064,1851,154,59,202328,11812,125042,8058,108371,8613,8221,224,168,48380,2553,40108,2236,35356,2516,2069,186,259,59719,64418,25158,2138,20459,2561,2276,76,209,94374,4710,104561,9192,86232,9137,7666,1091,368,3579935,136810,1345825,53331,1227471,65023,59392,1674,3952,86240,3839,60495,3216,53983,3296,3037,154,98,338196,15760,233935,13842,203957,16136,15136,624,372,105714,2638,84010,6197,71372,6441,5811,483,125,67590,8869,70673,7811,54078,8784,7722,868,193,240405,18557,199490,17841,161023,20626,18685,1241,680,470337,59923,296747,33429,224135,39183,37264,733,1074,204322,2313,80015,8115,63931,7969,7509,244,215,218746,7243,56502,4939,45855,5708,5462,136,110,45928,8692,43921,3048,37191,3682,3431,149,98,331385,13533,258537,14064,222407,22066,20483,900,682,73377,4364,92414,5467,80579,6368,5565,359,444,167494,16639,138090,15909,104890,17291,15900,612,454,124015,3843,116298,5927,103286,7085,6591,128,363,86293,7235,82242,4074,73012,5156,4655,260,241,276110,5247,152554,6922,139308,6324,5960,192,172,114719,8707,96428,9163,77627,9638,7264,1132,409,150442,6325,141052,9518,122319,9215,7988,104,208,325935,8429,167822,5946,155793,6083,5770,144,151,160858,5666,126266,7460,111429,7377,7015,157,203,62424,1473,29530,2817,23500,3213,2225,805,183,147990,10082,133958,15129,102274,16555,15194,905,441,127208,13513,92089,6250,79180,6659,5979,401,276,62967,4373,56651,3479,49503,3669,3032,528,108,8425842,512196,4727802,304742,4077216,345844,315009,15318,13201
2022-01-18,100733,10571,48652,3295,40865,4492,4206,35,248,155505,36265,117180,11396,95558,10226,9322,400,500,147863,1783,87595,2484,82346,2765,2400,219,142,49716,6554,28070,2089,23910,2071,1857,155,59,203259,11871,127217,8078,110476,8663,8269,225,169,48578,2563,40908,2240,36140,2528,2081,185,260,60193,64587,25517,2140,20810,2567,2280,76,211,94697,4755,106577,9213,88181,9183,7705,1095,371,3593404,137257,1362751,53373,1244143,65235,59585,1682,3963,86516,3856,61321,3223,54769,3329,3069,155,99,339171,16147,236832,13866,206767,16199,15198,625,372,106121,2664,84944,6203,72277,6464,5833,483,126,67947,8921,71781,7817,55158,8806,7739,872,194,240921,18629,202895,17868,164310,20717,18763,1250,684,471077,60479,301780,33444,229038,39298,37373,738,1075,204560,2322,80927,8117,64822,7988,7527,245,215,219552,7280,57114,4940,46448,5726,5479,136,111,46021,8710,45007,3051,38255,3701,3450,149,98,332683,13563,264162,14099,227928,22135,20550,900,684,73627,4372,93661,5468,81810,6383,5576,359,448,168353,16746,139300,15913,106067,17320,15924,613,457,124436,3863,118525,5932,105475,7118,6622,128,365,86396,7281,83370,4078,74112,5180,4679,261,240,277424,5279,155437,6935,142145,6357,5994,193,170,115002,8755,98283,9175,79433,9675,7294,1138,410,150848,6345,142490,9528,123706,9256,8027,104,210,326893,8437,170916,5950,158847,6119,5804,144,153,161263,5682,127889,7475,113001,7413,7051,157,203,62676,1478,29973,2817,23938,3218,2229,806,183,148407,10166,135532,15132,103799,16601,15233,906,446,127467,13569,93708,6252,80758,6698,6013,403,279,63571,4384,57869,3486,50690,3693,3042,540,109,8454880,515134,4798183,305077,4145982,347124,316174,15377,13254
2022-01-19,100973,10582,49469,3298,41658,4513,4225,36,249,155680,36742,118547,11413,96866,10268,9357,404,503,148595,1787,88630,2486,83354,2790,2422,220,144,49828,6580,28393,2089,24228,2076,1862,155,59,204189,11949,129302,8102,112467,8733,8337,226,170,48757,2594,41782,2243,37011,2528,2082,185,259,60625,64817,25854,2140,21144,2570,2282,76,212,95010,4809,108168,9233,89709,9226,7744,1100,370,3607751,137614,1380095,53418,1261228,65449,59784,1686,3974,86770,3866,62071,3230,55484,3357,3096,156,99,339969,16528,239559,13880,209394,16285,15273,630,378,106555,2675,85705,6208,73017,6480,5847,483,128,68179,8982,72701,7823,56045,8833,7760,874,198,241380,18729,205908,17899,167185,20824,18857,1258,689,471659,61044,305787,33455,232898,39434,37504,740,1078,204806,2334,81650,8124,65520,8006,7544,245,216,220005,7310,57664,4942,46979,5743,5496,136,111,46098,8724,46109,3056,39339,3714,3463,149,98,333892,13608,269325,14119,232982,22224,20636,902,685,73873,4386,94943,5475,83079,6389,5583,359,447,169215,16832,140493,15918,107239,17336,15940,613,457,124815,3879,120583,5937,107502,7144,6647,128,366,86494,7318,84568,4078,75294,5196,4694,261,241,278823,5297,158011,6951,144680,6380,6018,191,171,115225,8786,100017,9186,81132,9699,7310,1144,412,151248,6358,143864,9544,125030,9290,8061,104,210,327789,8449,173845,5953,161736,6156,5836,145,157,161583,5714,129330,7491,114373,7466,7103,157,204,62923,1483,30423,2817,24381,3225,2236,806,183,148759,10247,137222,15137,105452,16633,15264,908,445,127754,13620,95147,6261,82155,6731,6042,405,280,64138,4389,58908,3494,51687,3727,3073,543,109,8483360,518032,4864073,305400,4210248,348425,317378,15425,13302
2022-01-20,101442,10588,50555,3307,42715,4533,4244,36,250,155857,37057,119737,11431,97985,10321,9404,406,507,149279,1788,89616,2494,84328,2794,2423,221,146,49964,6622,28794,2090,24620,2084,1869,156,59,205008,11990,131106,8122,114216,8768,8373,226,169,48943,2647,42608,2244,37831,2533,2087,185,259,61392,65124,26371,2140,21656,2575,2286,76,213,95251,4846,109719,9254,91194,9271,7785,1103,371,3619411,138065,1395846,53457,1276702,65687,59995,1693,3994,86978,3871,62734,3238,56121,3375,3115,155,99,340696,16926,242041,13897,211786,16358,15345,630,379,107018,2691,86518,6210,73808,6500,5864,486,128,68347,9027,73564,7829,56869,8866,7792,873,200,241873,18801,208689,17920,169824,20945,18963,1269,693,472245,61648,309584,33465,236540,39579,37643,746,1078,205150,2341,82400,8126,66236,8038,7575,245,217,220602,7359,58219,4943,47517,5759,5512,136,111,46208,8741,47180,3060,40383,3737,3486,149,98,334950,13636,273608,14152,237171,22285,20697,905,682,74158,4399,96130,5477,84241,6412,5599,362,451,170085,16913,141706,15923,108426,17357,15959,613,459,125218,3909,122757,5943,109625,7189,6688,129,369,86588,7347,85334,4083,76027,5224,4719,261,244,280467,5314,160603,6970,147227,6406,6043,191,172,115438,8821,101436,9203,82514,9719,7324,1150,412,151657,6370,145332,9557,126458,9317,8087,104,211,328480,8469,175973,5961,163825,6187,5867,145,157,161847,5789,130661,7515,115647,7499,7138,157,202,63146,1488,30906,2817,24858,3231,2241,806,184,149188,10292,138942,15145,107117,16680,15310,909,445,128080,13664,96672,6270,83642,6760,6068,408,280,64633,4404,59980,3504,52739,3737,3084,542,109,8509599,520947,4925321,305747,4269848,349726,318585,15473,13348
2022-01-21,101792,10599,51310,3321,43436,4553,4261,37,252,156013,37353,120775,11455,98978,10342,9425,407,506,149865,1792,90492,2498,85189,2805,2432,221,148,50120,6659,29147,2092,24967,2088,1871,156,61,205803,12021,132605,8142,115633,8830,8433,227,170,49063,2667,43247,2246,38459,2542,2094,185,261,61788,65379,26749,2141,22028,2580,2289,76,215,95493,4894,111278,9279,92718,9281,7794,1105,370,3632759,138730,1410377,53500,1290988,65889,60183,1697,4004,87181,3876,63142,3246,56505,3391,3133,154,99,341359,17291,244328,13915,213977,16436,15414,634,384,107415,2706,87222,6212,74488,6522,5885,487,128,68599,9096,74210,7837,57484,8889,7815,871,202,242264,18866,210723,17955,171740,21028,19037,1274,697,472817,62067,312544,33487,239353,39704,37766,749,1077,205459,2347,82997,8130,66817,8050,7588,245,216,221094,7382,58686,4945,47972,5769,5522,136,111,46294,8753,48024,3062,41214,3748,3498,149,97,335739,13667,276848,14174,240317,22357,20768,906,682,74394,4408,97314,5484,85403,6427,5610,364,453,170876,17024,142969,15931,109661,17377,15979,611,461,125550,3969,124340,5949,111170,7221,6714,128,376,86674,7374,85980,4086,76646,5248,4742,261,245,282082,5326,162924,6982,149506,6436,6072,192,172,115611,8844,102775,9210,83814,9751,7355,1152,411,151961,6381,146720,9575,127798,9347,8112,105,215,329058,8480,177828,5964,165655,6209,5887,147,157,162061,5845,131615,7535,116546,7534,7174,157,201,63404,1493,31351,2817,25292,3242,2251,807,184,149452,10345,140189,15152,108310,16727,15357,909,445,128341,13709,98060,6279,84978,6803,6110,410,279,65072,4408,60865,3518,53586,3761,3107,545,106,8535453,523751,4977634,306119,4320628,350887,319678,15504,13385
2022-01-22,101817,10600,51405,3335,43505,4565,4267,37,258,156103,37436,121039,11472,99198,10369,9448,409,508,150090,1802,90922,2500,85611,2811,2437,222,148,50154,6671,29259,2092,25071,2096,1877,157,62,206164,12061,133241,8172,116208,8861,8463,226,172,49120,2681,43561,2248,38767,2546,2098,185,261,62173,65494,27061,2142,22335,2584,2291,76,217,95543,4905,111527,9302,92913,9312,7817,1113,370,3639066,138916,1417267,53552,1297659,66056,60340,1702,4009,87226,3878,63259,3254,56614,3391,3136,154,97,341621,17337,245168,13944,214746,16478,15453,636,385,107579,2709,87601,6218,74853,6530,5891,489,128,68715,9127,74622,7844,57868,8910,7833,873,203,242429,18899,211452,17993,172354,21105,19103,1281,701,473081,62244,313283,33503,239949,39831,37891,750,1078,205552,2350,83254,8134,67058,8062,7599,245,217,221152,7409,59059,4947,48331,5781,5534,136,111,46343,8757,48470,3069,41645,3756,3504,149,99,336015,13690,277993,14191,241393,22409,20820,906,682,74532,4414,97931,5489,86005,6437,5619,363,455,171218,17058,143549,15941,110213,17395,15996,611,462,125622,3987,124805,5954,111598,7253,6742,128,381,86711,7392,86382,4099,77033,5250,4745,261,244,283217,5336,164158,6995,150702,6461,6096,192,173,115708,8853,103450,9219,84467,9764,7367,1154,410,152097,6383,147372,9590,128424,9358,8121,105,217,329319,8485,178430,5975,166236,6219,5895,147,159,162141,5899,132071,7557,116929,7585,7221,159,203,63452,1493,31514,2817,25446,3251,2260,807,184,149565,10377,140962,15162,109036,16764,15395,910,443,128376,13724,98309,6290,85192,6827,6133,411,279,65157,4408,61136,3533,53828,3775,3126,543,105,8547058,524775,4999512,306533,4341187,351792,320518,15537,13421
2022-01-23,101832,10600,51516,3349,43587,4580,4284,37,256,156168,37502,121239,11490,99352,10397,9468,409,516,150202,1807,91131,2509,85817,2805,2433,223,145,50184,6680,29418,2094,25223,2101,1882,157,62,206355,12077,133746,8201,116671,8874,8478,226,170,49181,2728,43974,2250,39165,2559,2109,185,263,62484,65565,27249,2142,22521,2586,2293,76,217,95584,4920,111747,9319,93088,9340,7841,1116,371,3642390,139039,1421483,53594,1301648,66241,60508,1706,4022,87330,3879,63371,3260,56705,3406,3149,155,99,341816,17389,246065,13968,215560,16537,15505,641,387,107741,2716,87882,6221,75096,6565,5922,492,129,68836,9150,75050,7850,58262,8938,7861,875,201,242560,18921,211951,18026,172740,21185,19172,1283,710,473321,62433,313904,33524,240406,39974,38028,751,1083,205630,2352,83440,8140,67228,8072,7612,245,214,221177,7415,59297,4953,48543,5801,5553,137,111,46384,8758,48827,3075,41988,3764,3512,149,99,336201,13826,278738,14211,242059,22468,20875,906,686,74652,4420,98448,5492,86500,6456,5633,366,457,171546,17111,144153,15947,110795,17411,16010,611,464,125708,3992,125191,5959,111959,7273,6761,128,382,86771,7405,86619,4100,77254,5265,4758,262,245,283766,5343,164951,7009,151466,6476,6113,192,171,115783,8857,103989,9234,84977,9778,7380,1155,410,152229,6387,147823,9601,128839,9383,8146,105,217,329404,8491,178771,5979,166549,6243,5917,146,161,162215,5919,132349,7582,117146,7621,7255,160,204,63497,1494,31673,2817,25602,3254,2263,807,184,149687,10453,141720,15175,109738,16807,15436,909,446,128414,13741,98541,6302,85400,6839,6143,412,280,65211,4409,61305,3543,53970,3792,3136,548,108,8554259,525779,5015561,306916,4355854,352791,321436,15570,13470
2022-01-24,102197,10606,52186,3358,44231,4597,4301,37,256,156354,37823,122221,11510,100293,10418,9485,409,520,150857,1811,92098,2512,86775,2811,2439,224,144,50297,6735,29800,2094,25599,2107,1888,157,62,207107,12110,135319,8229,118187,8903,8505,228,170,49264,2763,44953,2253,40134,2566,2116,186,262,63104,65843,27671,2143,22939,2589,2297,76,216,95868,4949,113115,9337,94384,9394,7882,1126,374,3654772,139366,1434622,53655,1314516,66451,60692,1709,4044,87575,3895,63985,3268,57294,3423,3166,155,100,342484,17710,248836,14003,218211,16622,15593,639,386,108119,2737,88630,6227,75813,6590,5945,492,130,69050,9202,75826,7855,59002,8969,7888,879,201,242961,18997,214202,18051,174826,21325,19292,1289,723,474096,62775,316908,33549,243218,40141,38184,758,1087,205879,2360,84114,8152,67872,8090,7629,245,215,221562,7432,59751,4956,48958,5837,5585,140,112,46452,8780,49671,3081,42809,3781,3530,149,98,337118,13858,282902,14247,246126,22529,20934,906,688,74946,4433,99937,5499,87952,6486,5663,365,458,172341,17204,145651,15956,112234,17461,16056,612,467,125953,4027,126765,5966,113480,7319,6801,128,388,86835,7434,87152,4106,77760,5286,4777,262,247,285146,5360,167040,7034,153502,6504,6139,192,173,115964,8884,105428,9251,86372,9805,7396,1165,411,152586,6401,149284,9612,130242,9430,8192,106,217,330080,8500,180488,5985,168229,6274,5950,147,158,162554,5955,133458,7605,118195,7658,7291,160,205,63755,1505,32255,2818,26177,3260,2268,807,185,149989,10544,143593,15181,111529,16883,15507,909,450,128632,13807,99931,6307,86747,6877,6179,412,282,65559,4415,62030,3553,54666,3811,3148,553,110,8579456,528221,5069822,307353,4408272,354197,322718,15622,13539
2022-01-25,102511,10619,52894,3371,44902,4621,4323,37,258,156528,38158,122999,11530,101023,10446,9506,410,526,151303,1813,92818,2515,87483,2820,2445,225,146,50481,6792,30240,2098,26027,2115,1895,158,62,207769,12219,136642,8261,119439,8942,8545,228,169,49370,2794,45790,2256,40956,2578,2125,186,265,63962,66098,27996,2144,23261,2591,2299,76,216,96098,4967,114260,9354,95464,9442,7915,1135,380,3665463,139711,1445532,53727,1325151,66654,60884,1715,4049,87705,3900,64350,3275,57632,3443,3187,155,99,343115,18007,251017,14036,220295,16686,15654,640,388,108556,2755,89379,6234,76525,6620,5971,494,132,69250,9247,76586,7859,59724,9003,7922,878,202,243317,19064,216061,18084,176555,21422,19370,1301,730,474664,63117,319476,33581,245609,40286,38328,757,1089,206126,2364,84699,8163,68420,8116,7650,248,217,221997,7458,60325,4967,49501,5857,5605,140,112,46518,8793,50379,3083,43493,3803,3551,149,99,337998,13897,286666,14290,249773,22603,21008,904,690,75090,4437,101271,5503,89256,6512,5683,366,463,173137,17319,147059,15965,113595,17499,16089,612,472,126210,4068,128136,5982,114805,7349,6826,129,392,86924,7463,87602,4111,78191,5300,4790,263,247,286264,5421,168777,7054,155185,6538,6178,192,168,116111,8922,106546,9265,87447,9834,7423,1163,415,152927,6419,150447,9635,131347,9465,8224,107,219,330688,8522,181984,5991,169681,6312,5986,147,160,162838,6022,134460,7629,119136,7695,7326,161,206,63939,1537,32804,2819,26719,3266,2273,808,185,150303,10611,145179,15191,113053,16935,15555,910,453,128866,13856,101003,6316,87767,6920,6221,414,281,65774,4417,62567,3563,55170,3834,3164,559,110,8601802,530787,5115944,307852,4452585,355507,323921,15667,13600
2022-01-26,102747,10637,53588,3379,45554,4655,4355,39,258,156660,38477,123547,11548,101516,10483,9538,413,528,151710,1818,93410,2517,88062,2831,2454,226,147,50603,6870,30632,2101,26409,2122,1902,158,62,208390,12241,137728,8290,120458,8980,8583,227,170,49480,2835,46681,2259,41835,2587,2134,187,264,64541,66353,28285,2147,23534,2604,2311,77,216,96381,4989,115248,9376,96390,9482,7952,1137,381,3676312,140081,1456099,53794,1335431,66874,61084,1718,4066,87817,3905,64653,3282,57905,3466,3207,154,103,343733,18258,253032,14056,222200,16776,15739,645,388,108874,2783,89974,6246,77093,6635,5984,496,132,69486,9278,77298,7865,60396,9037,7947,885,204,243648,19144,217683,18108,178059,21516,19459,1306,729,475250,63386,321737,33608,247718,40411,38447,762,1090,206331,2368,85239,8169,68917,8153,7687,248,217,222481,7496,60778,4969,49934,5875,5624,139,112,46573,8812,51011,3089,44099,3823,3572,149,98,338809,13933,289643,14329,252660,22654,21056,905,692,75223,4442,102653,5518,90602,6533,5706,365,462,173817,17408,148431,15977,114921,17533,16124,612,471,126483,4095,129379,5995,116011,7373,6848,129,394,86987,7492,87976,4121,78548,5307,4796,264,247,287569,5451,170563,7066,156930,6567,6205,194,168,116261,8942,107599,9280,88453,9866,7448,1167,418,153279,6427,151441,9644,132294,9503,8263,107,218,331288,8561,183103,5996,170769,6338,6005,147,166,163076,6105,135300,7648,119900,7752,7378,161,211,64122,1572,33342,2820,27246,3276,2283,808,185,150606,10680,146839,15201,114631,17007,15624,913,453,129106,13898,102029,6331,88755,6943,6242,415,282,66006,4417,63058,3573,55639,3846,3174,560,111,8623649,533154,5157979,308302,4492869,356808,325131,15713,13643
2022-01-27,102936,10675,54321,3391,46265,4665,4365,39,258,156780,38750,124008,11561,101941,10506,9560,414,528,152123,1819,94025,2525,88666,2834,2457,228,145,50700,6931,30935,2102,26702,2131,1911,158,62,208904,12281,138614,8322,121281,9011,8613,227,171,49566,2871,47445,2260,42584,2601,2147,187,265,65117,66569,28599,2149,23842,2608,2315,77,216,96641,5018,116141,9397,97229,9515,7983,1138,382,3685533,140455,1464455,53861,1343547,67047,61235,1724,4081,87944,3915,64905,3288,58138,3479,3221,154,102,344275,18461,254708,14089,223778,16841,15799,650,388,109171,2796,90619,6254,77714,6651,5999,496,133,69674,9313,78035,7874,61092,9069,7974,888,206,243939,19210,219032,18146,179271,21615,19550,1311,732,475683,63683,323684,33638,249523,40523,38554,766,1091,206499,2370,85710,8179,69357,8174,7707,249,216,222920,7510,61233,4975,50354,5904,5653,139,112,46636,8835,51630,3094,44699,3837,3584,149,100,339509,13951,291834,14361,254759,22714,21117,904,692,75343,4445,103676,5521,91599,6556,5725,365,466,174468,17520,149780,15986,116222,17572,16165,611,470,126725,4118,130565,6003,117156,7406,6878,132,393,87040,7508,88321,4134,78875,5312,4800,264,248,288592,5476,171928,7079,158265,6584,6221,194,169,116392,8963,108560,9290,89369,9901,7480,1168,420,153548,6432,152386,9666,133182,9538,8298,108,217,331861,8567,184138,6004,171775,6359,6025,147,167,163398,6171,136062,7678,120598,7786,7410,162,212,64306,1598,33834,2822,27731,3281,2287,809,185,150922,10747,148353,15212,116073,17068,15683,914,454,129313,13953,102744,6334,89441,6969,6267,416,282,66249,4422,63516,3589,56067,3860,3183,564,113,8642707,535333,5193796,308784,4527095,357917,326166,15752,13676
2022-01-28,103071,10679,54770,3405,46683,4682,4382,39,258,156899,38954,124411,11578,102290,10543,9591,415,533,152610,1821,94631,2532,89266,2833,2459,228,142,50773,6954,31164,2105,26926,2133,1913,158,62,209433,12301,139299,8347,121914,9038,8639,228,171,49629,2888,48074,2261,43201,2612,2157,187,266,65766,66807,28844,2151,24082,2611,2317,77,217,96885,5046,116879,9425,97923,9531,7991,1143,385,3695712,140753,1472132,53911,1350995,67226,61391,1734,4094,88040,3927,65154,3296,58362,3496,3238,154,102,344791,18685,256054,14109,225038,16907,15861,651,391,109439,2810,91115,6263,78188,6664,6011,496,133,69845,9347,78566,7883,61596,9087,7991,890,205,244241,19287,220229,18183,180346,21700,19629,1316,732,476278,64000,325438,33667,251153,40618,38645,768,1093,206688,2377,86137,8194,69754,8189,7723,249,215,223353,7519,61544,4984,50639,5921,5670,139,112,46677,8849,52155,3100,45198,3857,3606,149,98,340211,13980,293599,14391,256446,22762,21165,903,693,75438,4452,104725,5528,92622,6575,5743,366,466,175091,17652,150978,16005,117370,17603,16195,611,471,126966,4133,131630,6024,118183,7423,6897,132,391,87102,7516,88579,4141,79122,5316,4807,264,245,289611,5486,173022,7099,159326,6597,6237,194,166,116532,8981,109438,9304,90213,9921,7500,1170,418,153832,6441,153234,9682,133984,9568,8325,108,220,332362,8598,185111,6011,172714,6386,6047,148,171,163582,6237,136648,7702,121136,7810,7434,163,211,64492,1636,34288,2823,28175,3290,2296,809,185,151074,10793,149441,15222,117098,17121,15733,914,457,129517,13976,103516,6340,90176,7000,6293,419,284,66455,4425,63888,3598,56413,3877,3198,563,116,8662395,537310,5224693,309264,4556532,358897,327084,15785,13703
2022-01-29,103092,10681,54879,3412,46772,4695,4394,39,259,156966,39003,124553,11596,102390,10567,9612,416,535,152701,1821,94867,2533,89490,2844,2468,229,143,50803,6959,31291,2107,27044,2140,1919,158,63,209649,12315,139620,8366,122180,9074,8674,228,172,49655,2888,48361,2266,43480,2615,2161,187,265,66176,66942,28963,2151,24196,2616,2320,78,218,96920,5049,117013,9462,98018,9533,7993,1145,383,3700977,140842,1476068,53996,1354761,67311,61476,1737,4091,88088,3928,65259,3299,58451,3509,3252,154,101,344980,18737,257300,14129,226201,16970,15918,652,396,109572,2812,91374,6272,78424,6678,6021,498,135,69934,9366,78810,7889,61812,9109,8011,890,207,244343,19312,220588,18216,180586,21786,19708,1316,737,476491,64143,326014,33700,251588,40726,38754,766,1094,206760,2381,86327,8205,69912,8210,7745,250,214,223390,7524,61752,4988,50822,5942,5690,139,113,46707,8865,52418,3111,45444,3863,3612,149,98,340456,13994,294322,14414,257079,22829,21228,904,696,75494,4457,105317,5536,93193,6588,5758,367,463,175365,17680,151592,16014,117949,17629,16218,612,473,127028,4135,131951,6036,118468,7447,6920,132,393,87133,7525,88736,4149,79269,5318,4811,264,243,290135,5490,173602,7114,159871,6617,6255,194,168,116647,8984,109869,9312,90618,9939,7515,1173,418,153972,6441,153593,9697,134313,9583,8340,108,220,332517,8601,185372,6024,172955,6393,6053,149,171,163639,6255,136861,7736,121305,7820,7447,162,209,64534,1638,34413,2824,28294,3295,2301,809,185,151142,10838,150020,15236,117633,17151,15765,913,456,129545,13984,103674,6351,90313,7010,6303,419,284,66529,4425,64061,3606,56563,3892,3211,564,116,8671340,538015,5238840,309747,4569394,359699,327853,15801,13719
2022-01-30,103154,10685,54972,3417,46840,4715,4414,39,259,156996,39032,124673,11615,102481,10577,9624,416,533,152736,1821,95022,2534,89633,2855,2476,229,146,50844,6981,31435,2110,27184,2141,1920,158,63,209760,12328,139878,8394,122385,9099,8699,229,171,49690,2910,48757,2273,43868,2616,2160,188,266,66603,67008,29122,2151,24350,2621,2322,78,221,96963,5053,117151,9483,98107,9561,8020,1146,383,3703933,140964,1478596,54072,1357096,67428,61580,1745,4096,88126,3930,65301,3306,58475,3520,3262,154,101,345158,18786,258113,14156,226947,17010,15957,652,397,109703,2816,91609,6278,78633,6698,6040,499,135,70031,9391,79083,7899,62052,9132,8028,895,208,244445,19331,220937,18260,180827,21850,19769,1321,734,476721,64280,326540,33732,251992,40816,38844,766,1094,206837,2382,86462,8218,70016,8228,7761,249,217,223419,7531,61873,4995,50916,5962,5710,139,113,46739,8869,52619,3118,45628,3873,3622,149,98,340618,14020,294774,14442,257475,22857,21255,905,696,75559,4463,105683,5542,93528,6613,5778,368,467,175586,17701,152022,16020,118352,17650,16237,612,475,127105,4137,132172,6045,118661,7466,6937,132,395,87164,7534,88861,4153,79386,5322,4814,264,244,290397,5491,173850,7137,160083,6630,6267,194,169,116738,8987,110135,9321,90855,9959,7530,1177,419,154069,6446,153899,9717,134582,9600,8356,108,221,332608,8608,185497,6038,173058,6401,6062,147,171,163702,6268,137007,7765,121418,7824,7451,163,208,64569,1638,34564,2824,28435,3305,2310,810,185,151220,10858,150499,15249,118061,17189,15798,914,458,129580,14002,103792,6360,90409,7023,6315,420,284,66601,4425,64195,3619,56681,3895,3217,563,114,8677374,538676,5249093,310243,4578414,360436,328535,15829,13741
2022-01-31,103435,10690,55518,3429,47361,4728,4425,39,261,157099,39314,125163,11640,102917,10606,9653,416,533,153152,1825,95700,2536,90304,2860,2481,229,146,50931,6995,31780,2112,27523,2145,1924,158,63,210278,12352,140461,8424,122912,9125,8723,231,171,49760,2940,49470,2278,44568,2624,2167,190,265,66908,67164,29399,2151,24615,2633,2330,78,225,97201,5066,117951,9497,98856,9598,8050,1149,387,3712341,141202,1485328,54135,1363638,67555,61698,1747,4103,88299,3937,65554,3312,58710,3532,3275,154,100,345715,19057,259434,14188,228184,17062,16007,654,397,109891,2838,92101,6279,79100,6722,6062,500,136,70241,9452,79809,7907,62747,9155,8050,896,208,244750,19413,222178,18294,181950,21934,19846,1326,736,477346,64671,328575,33766,253869,40940,38963,767,1098,207060,2388,87024,8221,70544,8259,7791,250,217,223833,7549,62274,4998,51292,5984,5732,139,113,46803,8884,53143,3128,46129,3886,3634,150,98,341416,14062,296829,14473,259440,22916,21306,908,701,75698,4477,106744,5552,94556,6636,5800,367,469,176262,17864,153204,16031,119487,17686,16276,612,473,127323,4196,133234,6063,119677,7494,6969,134,389,87209,7547,89081,4164,79594,5323,4815,264,244,291283,5513,174695,7164,160892,6639,6277,194,168,116868,9000,110992,9333,91679,9980,7548,1179,420,154354,6453,154824,9731,135465,9628,8385,109,219,333212,8616,186307,6048,173835,6424,6086,147,170,163945,6348,137644,7786,122001,7857,7484,162,209,64756,1692,35102,2825,28965,3312,2315,812,185,151373,10907,151682,15264,119174,17244,15850,913,460,129741,14049,104485,6370,91080,7035,6325,421,285,66809,4430,64566,3627,57029,3910,3231,564,114,8695292,540891,5280251,310726,4608093,361432,329478,15859,13763
2022-02-01,103840,10719,55998,3438,47814,4746,4443,39,261,157229,39481,125500,11659,103215,10626,9677,416,529,153538,1825,96119,2540,90715,2864,2485,230,145,51023,7023,32065,2114,27804,2147,1927,158,62,210718,12369,140886,8458,123290,9138,8737,231,170,49831,2964,50085,2284,45164,2637,2178,190,267,67172,67316,29685,2153,24892,2640,2337,78,225,97399,5080,118659,9520,99514,9625,8070,1149,394,3720150,141419,1491326,54193,1369464,67669,61805,1750,4107,88416,3942,65738,3317,58881,3540,3282,154,101,346205,19265,261018,14217,229679,17122,16064,655,398,110158,2846,92556,6293,79531,6732,6073,501,134,70422,9497,80404,7916,63310,9178,8071,898,208,244978,19474,223068,18342,182745,21981,19886,1328,741,477733,65116,330118,33799,255269,41050,39069,769,1100,207192,2427,87407,8231,70899,8277,7807,251,218,224273,7566,62457,5007,51429,6021,5767,140,114,46858,8894,53588,3133,46551,3904,3653,150,97,341980,14087,298277,14515,260792,22970,21361,909,699,75847,4487,107636,5558,95425,6653,5816,368,469,176767,17959,154338,16035,120570,17733,16316,613,479,127502,4234,134061,6081,120454,7526,7002,135,387,87248,7555,89245,4173,79745,5327,4821,264,242,291978,5575,175386,7174,161551,6661,6297,195,169,117019,9020,111651,9346,92305,10000,7561,1185,421,154552,6462,155637,9749,136229,9659,8414,109,221,333687,8620,186892,6050,174395,6447,6106,147,173,164136,6401,138161,7821,122462,7878,7506,163,207,64944,1718,35541,2825,29392,3324,2324,815,185,151523,10973,152959,15274,120403,17282,15886,914,460,129905,14079,104997,6380,91558,7059,6347,421,287,66996,4431,64853,3638,57297,3918,3235,565,117,8711219,542824,5306311,311233,4632744,362334,330323,15890,13787
2022-02-02,104087,10730,56357,3446,48152,4759,4456,40,260,157336,39603,125745,11686,103426,10633,9684,415,529,153943,1829,96499,2542,91089,2868,2488,230,146,51092,7033,32340,2117,28070,2153,1933,159,61,211128,12393,141336,8478,123695,9163,8761,231,171,49897,2977,50634,2286,45689,2659,2196,190,271,67479,67449,29886,2154,25083,2649,2343,78,228,97584,5100,119317,9549,100140,9628,8076,1149,391,3727707,141653,1496633,54254,1374568,67811,61941,1754,4109,88520,3944,65881,3325,59005,3551,3294,154,100,346663,19483,262418,14254,231013,17151,16092,657,397,110338,2857,92934,6302,79890,6742,6082,502,134,70566,9585,80945,7924,63817,9204,8097,898,208,245217,19534,223895,18378,183472,22045,19946,1331,742,478103,65532,331519,33835,256553,41131,39149,770,1100,207367,2470,87795,8237,71252,8306,7834,251,220,224725,7588,62716,5012,51657,6047,5794,139,114,46918,8909,53973,3141,46925,3907,3658,150,95,342659,14109,299533,14539,261969,23025,21414,909,701,75976,4496,108466,5567,96219,6680,5844,369,467,177255,18044,155458,16042,121633,17783,16362,614,482,127674,4258,134808,6094,121156,7558,7033,136,387,87283,7562,89390,4178,79876,5336,4830,264,242,292649,5588,176119,7194,162250,6675,6313,193,169,117139,9039,112277,9365,92884,10028,7588,1187,420,154785,6472,156376,9772,136919,9685,8438,109,223,334181,8625,187442,6056,174914,6472,6128,149,174,164376,6463,138607,7849,122854,7904,7534,163,205,65079,1747,35888,2825,29733,3330,2330,815,185,151633,11004,154044,15285,121428,17331,15931,914,463,130128,14114,105500,6391,92029,7080,6365,420,291,67157,4431,65136,3652,57566,3918,3237,566,115,8726644,544621,5329867,311729,4654926,363212,331171,15906,13800
2022-02-03,104361,10734,56785,3461,48557,4767,4467,40,257,157437,39693,126014,11702,103669,10643,9692,415,531,154326,1834,96862,2544,91442,2876,2494,231,147,51176,7056,32624,2118,28347,2159,1938,160,61,211450,12412,141591,8495,123910,9186,8784,231,171,49958,2990,51118,2294,46159,2665,2202,190,271,67664,67614,30099,2156,25289,2654,2347,78,229,97708,5105,119649,9570,100435,9644,8092,1152,388,3733836,141835,1501637,54315,1379411,67911,62026,1761,4117,88594,3945,65977,3328,59096,3553,3295,154,101,347181,19680,263443,14277,231966,17200,16136,659,400,110587,2867,93287,6310,80222,6755,6092,504,135,70723,9649,81411,7936,64242,9233,8127,900,205,245445,19589,224598,18425,184087,22086,19989,1333,738,478520,65893,332678,33865,257612,41201,39217,771,1101,207516,2511,88104,8248,71535,8321,7848,251,221,225127,7609,62856,5018,51774,6064,5811,139,114,46967,8919,54305,3149,47236,3920,3670,150,95,343089,14136,300401,14564,262779,23058,21444,912,701,76085,4508,109209,5579,96937,6693,5856,372,464,177753,18135,156436,16047,122565,17824,16403,614,482,127841,4281,135430,6106,121739,7585,7059,137,387,87319,7568,89521,4180,79997,5344,4838,265,241,293435,5613,176608,7207,162717,6684,6322,193,169,117255,9061,112828,9380,93409,10039,7594,1189,423,155010,6477,156933,9791,137430,9712,8461,109,227,334589,8643,187924,6060,175365,6499,6154,150,174,164595,6508,138954,7878,123150,7926,7557,164,203,65204,1774,36232,2825,30057,3350,2347,818,185,151758,11054,154938,15297,122252,17389,15984,916,466,130290,14128,105896,6405,92404,7087,6373,421,289,67286,4432,65370,3656,57791,3923,3243,565,115,8740085,546253,5349718,312186,4673581,363951,331862,15944,13808
2022-02-04,104561,10740,57102,3468,48861,4773,4474,40,256,157510,39770,126252,11722,103885,10645,9695,415,530,154584,1835,97193,2547,91764,2882,2499,232,147,51242,7062,32780,2119,28493,2168,1946,160,62,211672,12417,141814,8522,124104,9188,8788,231,169,49993,2997,51496,2301,46524,2671,2208,190,271,67798,67713,30326,2157,25505,2664,2355,78,231,97808,5114,120006,9593,100762,9651,8098,1153,388,3740881,141975,1506027,54371,1383655,68001,62112,1763,4119,88665,3948,66080,3330,59187,3563,3304,154,102,347641,19822,264145,14300,232604,17241,16175,659,402,110767,2879,93593,6315,80508,6770,6108,504,134,70880,9678,81832,7948,64629,9255,8144,902,208,245637,19630,225147,18461,184556,22130,20025,1336,743,478939,66153,333817,33894,258662,41261,39277,770,1102,207701,2558,88368,8256,71771,8341,7868,251,221,225745,7626,63012,5024,51905,6083,5829,139,115,47026,8927,54571,3149,47489,3933,3683,150,95,343349,14152,300926,14596,263238,23092,21473,913,705,76166,4516,109852,5590,97557,6705,5868,371,465,178265,18252,157376,16060,123465,17851,16432,614,480,127997,4310,135920,6117,122191,7612,7084,137,389,87356,7572,89617,4182,80085,5350,4843,265,242,294098,5658,176977,7218,163066,6693,6332,193,168,117374,9073,113233,9391,93796,10046,7603,1188,422,155167,6481,157428,9806,137895,9727,8475,109,228,334977,8667,188325,6067,175741,6517,6170,150,176,164743,6545,139172,7895,123333,7944,7575,165,202,65353,1801,36507,2825,30324,3358,2354,818,186,151826,11091,155623,15302,122884,17437,16027,919,468,130434,14153,106254,6408,92742,7104,6387,422,291,67408,4436,65526,3663,57935,3928,3253,564,111,8753563,547551,5366297,312597,4689116,364584,332464,15955,13828
2022-02-05,104613,10743,57170,3476,48919,4775,4476,40,256,157551,39795,126312,11739,103924,10649,9699,415,531,154630,1835,97326,2549,91889,2888,2504,232,148,51266,7068,32822,2122,28532,2168,1946,160,62,211765,12427,141891,8541,124163,9187,8787,231,169,50014,2998,51678,2303,46700,2675,2213,190,270,67836,67749,30388,2157,25553,2678,2365,78,235,97841,5121,120075,9618,100808,9649,8097,1156,384,3744479,142062,1508119,54414,1385655,68050,62149,1765,4129,88688,3949,66130,3335,59228,3567,3308,154,102,347805,19863,264745,14324,233157,17264,16199,658,401,110887,2880,93717,6327,80623,6767,6104,504,135,70948,9716,82028,7958,64811,9259,8147,902,209,245732,19646,225351,18495,184671,22185,20086,1335,738,479113,66329,334159,33925,258921,41313,39328,773,1100,207760,2565,88484,8269,71865,8350,7876,252,221,225782,7630,63102,5027,51978,6097,5843,139,115,47055,8930,54704,3153,47617,3934,3683,150,96,343466,14161,301166,14609,263443,23114,21494,914,705,76213,4518,110205,5596,97893,6716,5877,372,466,178467,18282,157812,16069,123861,17882,16465,614,478,128043,4314,136052,6130,122302,7620,7095,137,386,87413,7577,89675,4191,80141,5343,4840,265,238,294713,5667,177184,7227,163262,6695,6333,193,169,117438,9075,113388,9402,93936,10050,7607,1189,421,155248,6485,157612,9829,138060,9723,8471,109,228,335066,8669,188403,6074,175812,6517,6172,150,174,164817,6550,139282,7916,123405,7961,7586,165,208,65378,1801,36599,2825,30414,3360,2355,819,186,151862,11103,155985,15313,123203,17469,16057,919,470,130467,14163,106320,6423,92790,7107,6384,426,293,67486,4436,65591,3669,57996,3926,3252,563,111,8759842,548107,5373475,313005,4695532,364938,332798,15969,13834
2022-02-06,104654,10746,57216,3481,48958,4777,4479,40,255,157581,39818,126380,11755,103975,10650,9707,416,523,154685,1836,97409,2551,91966,2892,2508,233,147,51282,7070,32889,2127,28592,2170,1946,162,62,211842,12430,141966,8553,124208,9205,8804,231,170,50049,2999,51836,2308,46851,2677,2213,190,272,67887,67786,30436,2160,25593,2683,2370,78,235,97868,5125,120126,9645,100836,9645,8098,1157,378,3746470,142130,1509392,54468,1386815,68109,62203,1768,4131,88712,3952,66155,3339,59245,3571,3313,154,101,347929,19887,265114,14349,233485,17280,16215,658,401,110973,2884,93804,6338,80695,6771,6109,504,134,71014,9751,82209,7966,64977,9266,8150,904,211,245804,19659,225524,18539,184783,22202,20107,1334,735,479280,66464,334440,33948,259102,41390,39405,775,1098,207851,2578,88566,8283,71930,8353,7880,252,220,225817,7635,63189,5030,52047,6112,5858,140,114,47082,8933,54813,3164,47715,3934,3683,150,96,343573,14177,301318,14636,263541,23141,21519,916,705,76250,4520,110387,5602,98051,6734,5891,373,469,178658,18300,158168,16083,124189,17896,16478,614,479,128071,4314,136180,6142,122398,7640,7116,137,385,87465,7581,89707,4195,80172,5340,4838,265,237,294941,5670,177272,7239,163338,6695,6332,194,169,117466,9078,113475,9413,93996,10066,7619,1193,421,155310,6491,157768,9848,138185,9735,8484,109,227,335114,8671,188451,6079,175846,6526,6181,150,174,164874,6565,139363,7936,123459,7968,7590,166,210,65400,1801,36750,2826,30556,3368,2363,819,186,151891,11124,156292,15332,123469,17491,16076,919,473,130493,14179,106373,6435,92831,7107,6386,426,291,67517,4436,65670,3673,58069,3928,3254,563,111,8763803,548590,5378638,313443,4699873,365322,333175,15990,13820
2022-02-07,104712,10751,57374,3493,49110,4771,4475,40,253,157637,39833,126453,11776,104029,10648,9708,416,520,154760,1836,97528,2551,92079,2898,2513,233,148,51311,7071,33004,2134,28702,2168,1944,162,62,211959,12437,142047,8569,124276,9202,8801,231,170,50073,3020,52132,2314,47134,2684,2219,190,273,67998,67868,30499,2162,25654,2683,2371,78,234,97905,5130,120229,9659,100919,9651,8104,1159,376,3748316,142217,1510790,54532,1388097,68161,62252,1771,4131,88755,3953,66196,3342,59278,3576,3318,154,101,348121,19911,265717,14376,234047,17294,16231,658,399,111103,2889,93964,6350,80837,6777,6110,509,134,71084,9784,82457,7971,65208,9278,8160,905,212,245886,19677,225729,18567,184918,22244,20149,1336,733,479435,66617,334728,33977,259312,41439,39452,776,1099,207925,2587,88723,8290,72063,8370,7897,252,220,225859,7650,63298,5032,52133,6133,5879,140,114,47098,8933,54965,3168,47857,3940,3688,150,97,343782,14184,301601,14666,263798,23137,21515,916,705,76310,4527,110730,5611,98370,6749,5905,373,470,178906,18344,158703,16094,124692,17917,16500,613,479,128131,4315,136364,6154,122557,7653,7126,137,388,87477,7582,89765,4199,80227,5339,4838,265,236,295448,5674,177468,7249,163515,6704,6338,195,171,117558,9080,113638,9428,94132,10078,7631,1195,419,155395,6494,157985,9869,138381,9735,8486,109,225,335263,8674,188601,6086,175981,6534,6191,150,172,164942,6590,139483,7953,123553,7977,7600,166,209,65446,1801,36956,2826,30753,3377,2372,819,186,151947,11145,156690,15345,123829,17516,16099,919,474,130528,14193,106418,6440,92864,7114,6395,426,289,67567,4437,65699,3681,58093,3925,3254,563,108,8768637,549204,5385934,313864,4706398,365672,333521,16006,13807
2022-02-08,104959,10761,57745,3505,49467,4773,4476,40,254,157741,39927,126673,11792,104228,10653,9713,416,520,154983,1837,97871,2557,92411,2903,2519,233,147,51365,7082,33187,2137,28880,2170,1946,162,62,212273,12447,142271,8585,124470,9216,8815,231,170,50133,3046,52528,2316,47524,2688,2221,190,275,68168,67973,30706,2162,25855,2689,2375,78,236,98035,5146,120627,9676,101294,9657,8110,1161,374,3754263,142349,1514714,54576,1391895,68243,62333,1771,4132,88852,3956,66279,3345,59350,3584,3327,154,101,348583,20038,266957,14397,235244,17316,16251,661,398,111303,2909,94235,6362,81092,6781,6114,510,133,71261,9819,82817,7984,65543,9290,8170,907,212,246071,19707,226297,18592,185421,22284,20183,1343,732,479790,66928,335833,34010,260310,41513,39524,777,1100,208078,2595,89105,8302,72416,8387,7915,253,218,226233,7659,63501,5039,52309,6153,5898,141,114,47167,8942,55314,3171,48196,3947,3695,150,97,344199,14197,302257,14690,264410,23157,21531,918,707,76385,4541,111362,5618,98973,6771,5924,374,472,179386,18476,159684,16106,125613,17965,16544,614,482,128256,4324,136903,6167,123065,7671,7145,137,387,87515,7586,89831,4204,80290,5337,4836,265,236,296236,5680,177825,7261,163858,6706,6341,196,169,117692,9086,114072,9437,94547,10088,7641,1194,420,155622,6519,158533,9886,138880,9767,8516,112,224,335553,8675,188846,6091,176208,6547,6206,150,170,165115,6633,139725,7976,123773,7976,7599,166,209,65590,1830,37343,2827,31128,3388,2381,819,188,152050,11175,157467,15363,124548,17556,16143,919,470,130658,14214,106712,6446,93144,7122,6400,428,290,67699,4437,65812,3691,58200,3921,3254,560,107,8781214,550494,5403032,314271,4722542,366219,334046,16030,13806
2022-02-09,105171,10768,58013,3514,49724,4775,4481,40,251,157838,40024,126851,11813,104385,10653,9720,416,512,155149,1840,98144,2562,92675,2907,2523,233,147,51418,7092,33320,2140,29006,2174,1949,163,62,212536,12467,142465,8608,124643,9214,8813,231,170,50176,3057,52804,2319,47790,2695,2228,191,274,68327,68101,30837,2163,25983,2691,2378,78,235,98125,5161,120893,9689,101533,9671,8123,1162,374,3759196,142474,1517710,54631,1394773,68306,62396,1776,4128,88945,3970,66335,3350,59395,3590,3334,154,100,348970,20143,267686,14409,235929,17348,16279,663,401,111447,2934,94437,6374,81283,6780,6112,512,132,71406,9842,83159,7995,65858,9306,8180,911,214,246244,19723,226682,18622,185744,22316,20215,1345,730,480130,67277,336641,34042,261035,41564,39572,778,1102,208261,2630,89379,8324,72669,8386,7914,252,219,226438,7664,63576,5047,52380,6149,5894,141,114,47216,8952,55570,3176,48438,3956,3704,150,97,344600,14229,302828,14724,264938,23166,21541,919,705,76447,4549,111896,5626,99485,6785,5939,375,470,179825,18585,160556,16118,126439,17999,16579,615,480,128380,4328,137277,6177,123410,7690,7164,137,387,87552,7593,89902,4205,80360,5337,4836,265,236,296822,5683,178081,7269,164101,6711,6348,195,168,117815,9093,114430,9445,94882,10103,7651,1199,420,155827,6529,158966,9900,139284,9782,8533,112,222,335827,8701,189077,6097,176416,6564,6221,152,170,165264,6662,139930,7989,123948,7993,7614,167,210,65719,1849,37646,2829,31427,3390,2382,819,189,152162,11208,158266,15376,125286,17604,16188,922,469,130785,14220,106906,6456,93324,7126,6405,427,290,67854,4437,65919,3698,58300,3921,3255,560,106,8791872,551785,5416182,314687,4734843,366652,334471,16060,13784
2022-02-10,105423,10771,58261,3515,49963,4783,4489,40,251,157944,40089,127004,11823,104518,10663,9732,417,509,155403,1843,98394,2565,92916,2913,2528,234,147,51460,7099,33441,2145,29123,2173,1950,162,61,212781,12475,142653,8616,124816,9221,8820,231,170,50231,3073,53049,2320,48030,2699,2230,191,276,68465,68231,30953,2169,26090,2694,2381,78,235,98219,5165,121112,9705,101733,9674,8126,1166,370,3763646,142583,1520340,54684,1397309,68347,62439,1779,4123,89038,3988,66385,3354,59437,3594,3338,154,100,349356,20224,268237,14429,236449,17359,16288,664,402,111619,2943,94625,6381,81459,6785,6118,511,132,71540,9862,83481,7998,66152,9331,8201,910,219,246424,19735,227018,18650,186031,22337,20235,1346,731,480435,67608,337459,34063,261787,41609,39613,780,1104,208381,2648,89669,8337,72927,8405,7929,253,222,226716,7678,63666,5056,52448,6162,5905,141,116,47272,8964,55774,3180,48634,3960,3707,150,98,345009,14269,303339,14744,265412,23183,21560,919,703,76525,4561,112422,5639,99982,6801,5951,373,476,180227,18682,161341,16131,127186,18024,16605,615,479,128478,4339,137677,6192,123775,7710,7185,137,386,87585,7596,89958,4207,80408,5343,4842,265,236,297349,5691,178363,7277,164368,6718,6355,195,168,117927,9102,114693,9452,95121,10120,7664,1203,420,155976,6536,159295,9914,139592,9789,8542,112,220,336054,8725,189298,6099,176618,6581,6238,152,170,165430,6694,140142,7998,124131,8013,7635,167,209,65847,1869,37888,2830,31656,3402,2394,819,189,152252,11254,158969,15388,125938,17643,16224,922,472,130946,14237,107092,6462,93494,7136,6414,427,291,67987,4438,66034,3702,58413,3919,3252,560,107,8801945,552972,5428032,315025,4745916,367091,334890,16073,13792
2022-02-11,105605,10773,58478,3522,50169,4787,4493,40,251,158038,40136,127142,11836,104636,10670,9736,417,512,155622,1844,98620,2566,93140,2914,2529,234,147,51491,7103,33522,2147,29202,2173,1950,162,61,213022,12486,142769,8626,124910,9233,8829,231,173,50264,3078,53209,2326,48183,2700,2231,191,276,68625,68315,31075,2170,26199,2706,2390,78,238,98315,5174,121355,9716,101964,9675,8126,1170,367,3768288,142712,1522807,54718,1399684,68405,62492,1781,4126,89094,4000,66441,3357,59486,3598,3343,154,99,349690,20304,268611,14445,236794,17372,16298,665,404,111737,2954,94760,6388,81585,6787,6119,512,132,71633,9881,83739,8017,66393,9329,8201,912,215,246588,19750,227331,18671,186288,22372,20265,1349,733,480687,67899,338054,34090,262342,41622,39622,780,1108,208491,2655,89886,8345,73118,8423,7944,253,225,227074,7685,63767,5065,52536,6166,5910,140,116,47310,8972,55970,3185,48822,3963,3710,150,98,345391,14278,303800,14762,265842,23196,21572,923,700,76588,4571,112842,5649,100380,6813,5962,372,478,180669,18758,162030,16139,127835,18056,16638,615,477,128574,4348,137983,6208,124057,7718,7196,137,383,87610,7596,90005,4209,80451,5345,4845,265,235,297937,5695,178638,7282,164634,6722,6358,195,169,118031,9113,114907,9467,95321,10119,7666,1201,419,156132,6544,159536,9926,139802,9808,8560,113,220,336367,8731,189508,6107,176810,6591,6249,152,169,165633,6738,140310,8009,124275,8026,7647,167,210,65965,1886,38132,2830,31895,3407,2398,820,189,152335,11283,159649,15395,126577,17677,16259,921,472,131055,14255,107273,6469,93660,7144,6422,428,290,68112,4438,66146,3705,58519,3922,3253,562,107,8811973,553955,5438295,315347,4755509,367439,335213,16090,13799
2022-02-12,105639,10773,58514,3526,50200,4788,4493,40,252,158084,40151,127196,11853,104677,10666,9738,417,506,155679,1844,98691,2567,93205,2919,2534,234,147,51505,7107,33561,2151,29234,2176,1952,164,60,213142,12496,142799,8641,124934,9224,8819,231,174,50289,3078,53275,2333,48246,2696,2227,191,276,68647,68351,31101,2172,26217,2712,2395,79,238,98351,5177,121404,9723,102002,9679,8131,1170,366,3770857,142752,1523903,54760,1400717,68426,62518,1782,4120,89109,4002,66459,3361,59499,3599,3344,154,99,349800,20323,269104,14465,237267,17372,16299,664,404,111823,2956,94827,6395,81643,6789,6120,513,132,71684,9890,83856,8029,66486,9341,8209,916,215,246668,19762,227453,18685,186367,22401,20289,1350,737,480831,67999,338260,34111,262497,41652,39652,780,1108,208550,2662,89977,8354,73193,8430,7952,253,224,227110,7686,63854,5072,52618,6164,5909,139,116,47333,8972,56069,3189,48917,3963,3710,150,98,345564,14294,303999,14782,266021,23196,21572,923,700,76635,4575,113048,5658,100571,6819,5971,371,476,180858,18796,162336,16150,128121,18065,16648,615,476,128610,4348,138070,6221,124120,7729,7209,137,381,87637,7597,90034,4211,80478,5345,4845,265,235,298353,5706,178795,7292,164785,6718,6356,195,167,118071,9190,114992,9477,95396,10119,7662,1203,421,156215,6546,159639,9938,139889,9812,8567,113,217,336485,8732,189562,6114,176850,6598,6257,152,168,165699,6756,140361,8021,124311,8029,7650,167,210,66006,1887,38234,2835,31989,3410,2401,820,189,152389,11309,159994,15406,126878,17710,16293,921,471,131095,14262,107386,6472,93755,7159,6436,428,291,68152,4438,66199,3709,58564,3926,3258,562,106,8816870,554417,5442952,315673,4759647,367632,335416,16099,13780
2022-02-13,105671,10775,58529,3528,50209,4792,4496,40,253,158132,40168,127239,11862,104709,10668,9739,418,506,155696,1844,98746,2568,93251,2927,2542,234,147,51512,7107,33594,2153,29264,2177,1951,165,61,213217,12500,142823,8652,124952,9219,8815,231,173,50309,3090,53404,2333,48369,2702,2233,191,276,68658,68363,31135,2172,26248,2715,2396,79,240,98374,5185,121432,9732,102016,9684,8136,1170,366,3772147,142785,1524587,54799,1401325,68463,62555,1783,4119,89134,4004,66463,3361,59499,3603,3347,154,100,349927,20352,269776,14476,237912,17388,16317,663,403,111886,2958,94879,6400,81683,6796,6125,515,132,71726,9904,83969,8036,66581,9352,8219,916,216,246729,19775,227584,18706,186447,22431,20314,1353,739,480965,68094,338417,34130,262596,41691,39688,781,1110,208618,2666,90038,8360,73241,8437,7959,253,224,227142,7691,63911,5078,52661,6172,5917,139,116,47354,8972,56127,3194,48969,3964,3711,150,98,345666,14298,304106,14808,266110,23188,21566,922,699,76675,4576,113210,5667,100715,6828,5982,371,474,181001,18810,162577,16155,128336,18086,16669,615,476,128636,4348,138144,6239,124171,7734,7215,137,380,87656,7598,90053,4212,80493,5348,4848,265,235,298525,5707,178857,7303,164842,6712,6355,195,162,118406,9303,115211,9489,95603,10119,7665,1201,420,156278,6547,159713,9949,139951,9813,8571,112,215,336545,8732,189591,6119,176863,6609,6269,152,167,165763,6765,140410,8035,124347,8028,7648,167,211,66037,1888,38326,2836,32073,3417,2407,820,190,152426,11322,160236,15424,127073,17739,16321,921,472,131125,14265,107447,6481,93811,7155,6437,428,286,68182,4440,66274,3714,58637,3923,3256,561,106,8820118,554832,5446808,315971,4762957,367880,335669,16102,13772
2022-02-14,105839,10788,58769,3539,50445,4785,4489,40,253,158262,40227,127390,11870,104844,10676,9748,418,505,155856,1846,98986,2572,93483,2931,2546,234,147,51536,7115,33718,2153,29385,2180,1954,165,61,213477,12506,142932,8663,125051,9218,8813,232,173,50347,3099,53594,2339,48550,2705,2238,192,273,68728,68460,31203,2177,26310,2716,2397,79,240,98496,5197,121676,9743,102234,9699,8150,1169,368,3776382,142902,1526783,54845,1403447,68491,62595,1778,4112,89214,4007,66498,3365,59526,3607,3351,154,100,350271,20439,270647,14491,238757,17399,16331,664,399,111991,2973,95011,6404,81805,6802,6131,516,131,71881,9929,84246,8047,66844,9355,8224,917,213,246880,19791,227918,18730,186731,22457,20345,1355,732,481332,68227,339152,34159,263274,41719,39719,781,1107,208742,2689,90262,8366,73440,8456,7977,253,225,227315,7698,64000,5084,52737,6179,5924,139,116,47401,8980,56346,3199,49179,3968,3715,150,98,345995,14308,304531,14826,266507,23198,21579,921,697,76733,4582,113610,5677,101097,6836,5990,370,475,181384,18887,163231,16166,128941,18124,16704,615,479,128764,4353,138443,6247,124450,7746,7231,137,376,87700,7604,90103,4214,80538,5351,4850,265,236,299039,5717,179120,7311,165100,6709,6353,195,161,119107,9421,115571,9500,95944,10127,7673,1203,418,156445,6555,160035,9961,140246,9828,8586,112,215,336826,8736,189753,6124,177014,6615,6276,152,166,165909,6798,140573,8047,124483,8043,7662,168,211,66110,1901,38648,2837,32391,3420,2409,821,190,152526,11341,160921,15442,127710,17769,16351,921,472,131206,14283,107587,6491,93939,7157,6440,428,285,68282,4443,66355,3718,58715,3922,3256,561,105,8829976,555802,5457612,316307,4773117,368188,336007,16105,13739
2022-02-15,105983,10795,58990,3540,50657,4793,4495,40,255,158361,40289,127487,11879,104934,10674,9748,418,504,156399,1846,99187,2575,93675,2937,2553,234,146,51584,7129,33801,2155,29462,2184,1958,165,61,213712,12515,143012,8666,125121,9225,8818,233,174,50387,3102,53764,2347,48713,2704,2240,192,270,68969,68541,31307,2184,26406,2717,2397,79,241,98625,5203,121857,9754,102403,9700,8152,1170,366,3780483,143074,1528712,54877,1405306,68529,62634,1776,4113,89287,4015,66529,3365,59550,3614,3358,154,100,350635,20509,271568,14504,239653,17411,16341,665,400,112102,2974,95133,6410,81921,6802,6131,517,130,72012,9950,84483,8058,67066,9359,8230,916,212,247034,19803,228126,18751,186892,22483,20367,1358,733,481659,68355,339695,34184,263781,41730,39728,782,1108,208844,2701,90438,8376,73592,8470,7994,253,222,227539,7708,64055,5088,52782,6185,5930,139,116,47436,8986,56503,3203,49326,3974,3720,150,99,346339,14315,304801,14846,266758,23197,21578,921,697,76769,4589,113876,5686,101350,6840,5997,370,472,181785,18952,163778,16171,129445,18162,16739,615,482,128871,4357,138674,6254,124664,7756,7242,137,375,87727,7607,90129,4216,80561,5352,4852,265,235,299474,5726,179299,7319,165270,6710,6356,195,159,119892,9489,115963,9512,96326,10125,7671,1203,418,156587,6558,160249,9973,140441,9835,8592,112,216,337076,8754,189872,6129,177114,6629,6287,152,169,166078,6820,140672,8058,124573,8041,7660,169,210,66178,1923,38844,2837,32580,3427,2415,821,191,152604,11353,161413,15458,128162,17793,16371,922,475,131288,14285,107689,6497,94034,7158,6442,428,284,68359,4447,66494,3725,58852,3917,3253,559,105,8840078,556670,5466400,316597,4781370,368433,336249,16110,13738
2022-02-16,106152,10800,59163,3545,50821,4797,4500,40,254,158458,40331,127565,11887,105007,10671,9749,418,500,156785,1847,99357,2576,93843,2938,2555,234,145,51617,7141,33883,2159,29538,2186,1961,164,61,213950,12522,143103,8672,125197,9234,8827,233,174,50432,3111,53913,2350,48858,2705,2242,192,269,69031,68621,31374,2188,26472,2714,2396,79,239,98760,5206,121993,9758,102532,9703,8154,1171,365,3784792,143213,1530885,54910,1407407,68568,62679,1775,4108,89360,4047,66552,3368,59567,3617,3361,154,100,350943,20555,272279,14520,240340,17419,16347,667,400,112195,2976,95239,6414,82019,6806,6134,518,130,72146,9976,84708,8064,67277,9367,8237,916,213,247190,19808,228329,18766,187057,22506,20388,1360,733,481941,68582,340181,34203,264198,41780,39778,782,1108,208966,2703,90598,8386,73737,8475,7999,253,222,227780,7713,64119,5094,52835,6190,5934,139,117,47489,8996,56666,3204,49484,3978,3724,150,99,346709,14325,305092,14857,267035,23200,21581,922,696,76842,4602,114138,5694,101605,6839,5996,370,472,182109,18993,164269,16179,129909,18181,16758,615,482,128992,4363,138880,6261,124848,7771,7258,137,374,87759,7611,90150,4216,80580,5354,4853,265,236,299957,5735,179436,7323,165402,6711,6357,195,159,120779,9506,116337,9520,96689,10128,7672,1204,419,156706,6563,160450,9979,140626,9845,8604,112,214,337392,8763,190030,6139,177244,6647,6308,152,166,166250,6841,140793,8072,124670,8051,7673,171,205,66232,1947,39038,2839,32766,3433,2421,821,191,152713,11375,161889,15469,128593,17827,16402,923,477,131400,14292,107806,6502,94143,7161,6446,427,284,68453,4448,66529,3728,58884,3917,3252,559,106,8850280,557512,5474744,316842,4789183,368719,336546,16118,13718
2022-02-17,106339,10807,59375,3550,51022,4803,4508,40,252,158535,40380,127641,11893,105073,10675,9755,418,498,157044,1847,99516,2577,93999,2940,2557,234,145,51649,7161,33964,2159,29618,2187,1962,164,61,214182,12541,143153,8683,125240,9230,8823,233,174,50468,3119,54026,2354,48970,2702,2241,191,268,69265,68704,31420,2190,26516,2714,2396,79,239,98872,5209,122111,9762,102642,9707,8158,1172,364,3789800,143306,1532854,54946,1409323,68585,62703,1773,4103,89419,4061,66571,3371,59580,3620,3365,154,99,351324,20602,272878,14531,240911,17436,16363,668,400,112284,2982,95340,6419,82116,6805,6132,519,130,72263,10005,84935,8074,67489,9372,8247,916,208,247349,19819,228519,18788,187220,22511,20399,1360,727,482206,68744,340607,34222,264583,41802,39802,781,1107,209056,2710,90730,8394,73853,8483,8008,253,221,227892,7722,64166,5101,52864,6201,5945,139,117,47545,9006,56794,3206,49608,3980,3726,150,99,347049,14330,305404,14869,267329,23206,21589,921,695,76928,4611,114399,5698,101843,6858,6012,370,475,182484,19019,164738,16189,130347,18202,16777,615,484,129105,4366,139115,6265,125054,7796,7280,137,377,87799,7618,90181,4218,80607,5356,4855,265,236,300364,5738,179575,7331,165535,6709,6354,195,160,121959,9534,116646,9528,96988,10130,7672,1205,420,156813,6566,160606,9985,140770,9851,8610,112,214,337660,8768,190136,6142,177333,6661,6323,152,165,166450,6858,140900,8076,124763,8061,7683,171,205,66288,1952,39166,2841,32891,3434,2422,821,191,152812,11399,162310,15480,128970,17860,16435,923,477,131505,14303,107879,6505,94212,7162,6446,427,285,68565,4449,66585,3730,58934,3921,3256,559,106,8861273,558236,5482240,317077,4796203,368960,336804,16117,13702
2022-02-18,106447,10808,59498,3552,51139,4807,4512,40,252,158613,40412,127719,11896,105142,10681,9759,419,499,157218,1849,99674,2579,94155,2940,2557,234,145,51670,7171,34006,2161,29659,2186,1962,163,61,214383,12549,143202,8686,125285,9231,8824,233,174,50502,3119,54135,2354,49074,2707,2246,191,268,69347,68752,31482,2195,26571,2716,2400,79,237,98933,5212,122232,9769,102750,9713,8162,1174,364,3794723,143452,1534543,54971,1410960,68612,62737,1773,4096,89504,4066,66594,3373,59596,3625,3371,154,98,351573,20643,273372,14536,241389,17447,16373,668,401,112388,2986,95432,6420,82202,6810,6135,520,131,72391,10025,85110,8083,67655,9372,8248,915,208,247469,19828,228704,18803,187381,22520,20410,1360,725,482414,68906,340984,34237,264915,41832,39833,783,1104,209146,2717,90837,8398,73944,8495,8017,253,224,228008,7727,64210,5101,52898,6211,5954,139,118,47576,9010,56901,3209,49709,3983,3729,150,99,347406,14337,305614,14882,267531,23201,21590,921,689,76979,4614,114599,5705,102026,6868,6023,370,474,182871,19054,165147,16197,130729,18221,16795,616,484,129217,4368,139294,6271,125220,7803,7288,137,376,87838,7621,90206,4219,80628,5359,4858,265,236,300761,5784,179699,7335,165656,6708,6353,195,160,122639,9571,116861,9532,97197,10132,7674,1205,420,156948,6570,160754,9991,140906,9857,8615,112,214,337950,8770,190235,6150,177420,6665,6329,152,163,166604,6870,140975,8077,124828,8070,7692,171,205,66354,1963,39289,2844,33007,3438,2425,822,191,152894,11409,162709,15493,129341,17875,16449,923,478,131591,14308,107955,6507,94284,7164,6448,428,284,68686,4450,66660,3731,59008,3921,3257,559,105,8871043,558921,5488632,317257,4802205,369170,337025,16124,13683
2022-02-19,106519,10811,59552,3554,51188,4810,4517,40,250,158656,40421,127747,11901,105163,10683,9758,420,501,157290,1851,99715,2582,94195,2938,2555,234,145,51674,7171,34021,2162,29673,2186,1963,162,61,214469,12550,143218,8687,125296,9235,8826,235,174,50512,3121,54184,2355,49120,2709,2247,191,269,69397,68830,31500,2195,26586,2719,2403,79,237,98966,5214,122253,9777,102763,9713,8162,1175,363,3797528,143500,1535365,55010,1411726,68629,62751,1775,4097,89525,4069,66601,3375,59602,3624,3370,154,98,351671,20651,273458,14547,241464,17447,16374,668,400,112431,2986,95475,6422,82240,6813,6137,521,131,72447,10029,85196,8091,67737,9368,8248,914,205,247525,19835,228742,18823,187400,22519,20412,1361,721,482522,68978,341092,34253,264998,41841,39839,784,1106,209183,2721,90873,8404,73974,8495,8017,253,224,228024,7728,64230,5102,52913,6215,5958,139,118,47618,9014,56935,3214,49742,3979,3726,150,98,347562,14344,305709,14898,267611,23200,21591,921,687,77008,4629,114700,5710,102120,6870,6026,370,473,183032,19073,165358,16199,130925,18234,16807,616,485,129269,4368,139342,6281,125257,7804,7291,137,374,87870,7625,90221,4220,80641,5360,4859,265,236,301044,5785,179777,7335,165729,6713,6357,195,161,123134,9610,117003,9542,97332,10129,7672,1205,419,156992,6579,160817,9998,140961,9858,8617,112,213,338082,8770,190263,6155,177442,6666,6331,152,162,166674,6878,141003,8081,124852,8070,7694,171,203,66388,1963,39368,2845,33081,3442,2426,824,192,152942,11424,162891,15504,129498,17889,16463,924,477,131627,14312,107976,6511,94302,7163,6448,428,283,68713,4451,66705,3732,59050,3923,3259,559,105,8876294,559291,5491290,317465,4804581,369244,337104,16134,13668
2022-02-20,106562,10814,59568,3556,51199,4813,4522,40,248,158680,40435,127770,11908,105174,10688,9764,420,500,157332,1852,99751,2584,94230,2937,2554,234,145,51695,7178,34061,2164,29709,2188,1965,162,61,214548,12561,143238,8696,125308,9234,8823,237,174,50533,3130,54225,2357,49158,2710,2249,192,267,69404,68840,31516,2196,26597,2723,2407,80,236,99002,5216,122271,9787,102777,9707,8160,1173,361,3799463,143558,1535912,55030,1412248,68634,62761,1775,4092,89549,4072,66606,3375,59604,3627,3373,154,98,351772,20660,273611,14555,241605,17451,16379,667,400,112466,2987,95510,6425,82265,6820,6143,522,131,72512,10048,85304,8095,67835,9374,8253,915,205,247590,19844,228789,18840,187428,22521,20410,1367,719,482675,69061,341187,34271,265063,41853,39849,784,1108,209222,2723,90909,8411,74004,8494,8016,253,223,228048,7729,64245,5103,52922,6220,5963,139,118,47647,9014,56980,3219,49783,3978,3725,150,98,347660,14351,305766,14903,267660,23203,21593,921,688,77038,4634,114810,5715,102220,6875,6032,371,471,183185,19091,165520,16206,131069,18245,16818,616,485,129312,4369,139390,6292,125298,7800,7291,137,370,87893,7627,90234,4222,80652,5360,4859,265,236,301160,5873,179816,7338,165761,6717,6360,196,161,123476,9635,117110,9547,97434,10129,7670,1207,419,157040,6581,160903,10005,141037,9861,8620,113,212,338150,8771,190276,6157,177447,6672,6338,152,161,166737,6887,141030,8085,124871,8074,7698,171,203,66411,1963,39403,2847,33111,3445,2429,824,192,152991,11440,163058,15517,129637,17904,16479,923,477,131659,14313,107982,6513,94307,7162,6447,428,283,68731,4451,66773,3733,59115,3925,3260,560,105,8880143,559708,5493524,317652,4806528,369344,337210,16148,13647
2022-02-21,106724,10815,59741,3558,51371,4812,4521,40,248,158776,40498,127866,11913,105260,10693,9770,420,499,157500,1872,99941,2587,94415,2939,2555,235,145,51736,7195,34144,2166,29789,2189,1966,162,61,214811,12574,143304,8702,125370,9232,8821,238,173,50566,3135,54346,2361,49272,2713,2254,192,265,69436,68906,31547,2199,26627,2721,2406,80,235,99129,5225,122376,9791,102872,9713,8166,1174,360,3804075,143669,1537536,55049,1413829,68658,62791,1775,4086,89619,4076,66630,3375,59619,3636,3382,154,98,352098,20718,273835,14568,241814,17453,16384,667,397,112551,2992,95588,6429,82333,6826,6146,524,132,72629,10073,85464,8102,67987,9375,8255,915,204,247733,19859,228979,18853,187597,22529,20418,1367,719,482945,69257,341586,34280,265424,41882,39879,784,1107,209345,2728,91049,8419,74135,8495,8018,253,222,228315,7730,64308,5108,52976,6224,5967,139,118,47699,9025,57071,3224,49873,3974,3721,150,98,348027,14364,306004,14916,267892,23196,21587,921,687,77102,4660,115035,5720,102432,6883,6041,371,470,183561,19146,166014,16214,131536,18264,16835,617,485,129470,4372,139612,6297,125501,7814,7306,137,369,87938,7632,90262,4225,80679,5358,4860,265,233,301643,5881,179951,7343,165889,6719,6364,196,159,124162,9693,117380,9553,97695,10132,7671,1207,421,157197,6586,161139,10012,141264,9863,8622,113,212,338485,8786,190403,6163,177559,6681,6348,152,160,166923,6902,141112,8092,124945,8075,7701,171,201,66475,1973,39543,2848,33247,3448,2431,824,193,153091,11451,163535,15526,130091,17918,16492,924,477,131763,14333,108073,6513,94393,7167,6452,428,283,68823,4452,66822,3735,59160,3927,3261,561,105,8890347,560578,5500196,317841,4812846,369509,337391,16156,13622
2022-02-22,106872,10817,59884,3558,51510,4816,4525,40,248,158832,40541,127929,11919,105311,10699,9778,420,497,157775,1874,100093,2589,94561,2943,2557,236,145,51766,7211,34195,2169,29839,2187,1964,162,61,215046,12581,143346,8705,125410,9231,8821,238,172,50594,3140,54442,2362,49364,2716,2257,192,265,69451,69007,31576,2200,26654,2722,2407,80,235,99263,5232,122456,9797,102946,9713,8168,1174,358,3808051,143765,1538880,55073,1415132,68675,62814,1775,4080,89667,4086,66649,3375,59630,3644,3390,154,98,352462,20777,274009,14574,241974,17461,16391,668,397,112641,3000,95642,6434,82382,6826,6147,524,131,72755,10098,85626,8110,68139,9377,8260,915,201,247855,19867,229113,18870,187713,22530,20423,1366,716,483177,69406,341896,34296,265710,41890,39887,784,1107,209419,2731,91133,8424,74203,8506,8028,254,222,228589,7733,64370,5110,53025,6235,5978,139,118,47770,9032,57170,3228,49968,3974,3721,150,98,348338,14370,306209,14921,268079,23209,21600,921,687,77157,4668,115201,5728,102581,6892,6050,373,468,183894,19184,166403,16220,131898,18285,16854,617,487,129603,4377,139797,6304,125676,7817,7311,137,367,87984,7634,90296,4225,80710,5361,4863,265,233,301951,5945,180067,7345,166001,6721,6366,196,159,124707,9819,117548,9557,97854,10137,7676,1208,420,157345,6589,161297,10021,141411,9865,8624,113,212,338796,8791,190472,6168,177621,6683,6351,152,159,167111,6918,141173,8096,124997,8080,7705,171,202,66530,1980,39686,2852,33386,3448,2431,825,192,153186,11458,163881,15537,130400,17944,16519,924,476,131846,14343,108125,6515,94445,7165,6450,428,283,68931,4453,66926,3737,59263,3926,3261,561,104,8899364,561427,5505490,318019,4817793,369678,337577,16162,13598
2022-02-23,107014,10818,60024,3561,51650,4813,4523,40,247,158900,40572,127990,11923,105366,10701,9781,420,496,158099,1876,100238,2591,94701,2946,2558,237,146,51793,7234,34234,2170,29876,2188,1965,162,61,215226,12592,143381,8706,125441,9234,8825,238,171,50634,3144,54526,2365,49447,2714,2258,192,262,69492,69074,31608,2201,26683,2724,2410,80,234,99377,5244,122545,9802,103028,9715,8170,1175,357,3812126,143856,1540092,55096,1416295,68701,62846,1777,4072,89735,4088,66669,3376,59648,3645,3392,154,97,352763,20802,274157,14579,242104,17474,16403,669,397,112709,3005,95684,6437,82420,6827,6149,523,131,72874,10119,85754,8114,68256,9384,8267,915,201,248000,19882,229239,18880,187827,22532,20426,1365,716,483398,69544,342214,34308,265995,41911,39907,784,1108,209506,2739,91221,8432,74284,8505,8030,254,219,228766,7741,64386,5110,53031,6245,5988,139,118,47816,9042,57258,3230,50053,3975,3722,150,98,348669,14378,306388,14928,268243,23217,21609,921,686,77233,4668,115366,5730,102735,6901,6058,373,469,184260,19223,166872,16228,132349,18295,16865,617,486,129687,4387,139938,6310,125808,7820,7316,137,365,88021,7638,90325,4226,80736,5363,4865,265,233,302286,5972,180166,7348,166098,6720,6366,196,158,125215,10030,117699,9563,98000,10136,7677,1207,419,157467,6593,161393,10025,141502,9866,8624,113,213,339112,8795,190554,6169,177697,6688,6356,152,159,167256,6928,141245,8102,125060,8083,7708,171,202,66584,1983,39783,2854,33481,3448,2432,825,191,153259,11478,164236,15544,130728,17964,16540,924,474,131944,14350,108194,6518,94513,7163,6449,428,282,69028,4454,66982,3740,59315,3927,3262,561,104,8908249,562249,5510361,318166,4822370,369825,337747,16164,13572
2022-02-24,107099,10823,60165,3561,51786,4818,4528,40,247,158949,40608,128021,11931,105387,10703,9787,420,492,158280,1877,100344,2592,94806,2946,2558,237,146,51828,7248,34293,2171,29932,2190,1967,162,61,215469,12606,143417,8708,125474,9235,8826,238,171,50656,3146,54581,2366,49501,2714,2259,192,261,69515,69117,31627,2203,26699,2725,2411,80,234,99454,5261,122605,9803,103086,9716,8171,1176,356,3816167,143931,1541079,55118,1417245,68716,62867,1776,4067,89812,4089,66684,3377,59663,3644,3391,154,97,353068,20950,274282,14583,242217,17482,16413,668,396,112796,3008,95747,6441,82477,6829,6150,524,131,72983,10133,85856,8119,68348,9389,8273,914,201,248119,19898,229354,18893,187929,22532,20429,1363,715,483600,69586,342485,34314,266242,41929,39923,785,1109,209576,2760,91288,8436,74347,8505,8030,254,219,228913,7751,64410,5110,53048,6252,5995,139,118,47867,9052,57330,3232,50122,3976,3723,150,98,348919,14385,306521,14931,268370,23220,21612,921,686,77292,4672,115488,5736,102851,6901,6062,373,465,184581,19278,167243,16232,132709,18302,16873,617,485,129798,4404,140058,6314,125921,7823,7319,137,365,88056,7648,90357,4227,80764,5366,4869,265,232,302601,6005,180237,7349,166164,6724,6369,197,158,125850,10182,117844,9568,98141,10135,7678,1207,417,157635,6600,161521,10026,141624,9871,8627,113,215,339345,8815,190601,6171,177736,6694,6362,152,159,167367,6941,141281,8105,125092,8084,7709,171,202,66631,1992,39882,2855,33575,3452,2435,826,191,153326,11512,164531,15549,131005,17977,16554,924,473,132036,14355,108247,6518,94563,7166,6452,428,282,69178,4454,67041,3741,59372,3928,3263,562,103,8916766,563087,5514420,318280,4826196,369944,337885,16165,13552
2022-02-25,107198,10826,60232,3562,51847,4823,4533,40,247,158976,40649,128054,11935,105416,10703,9788,420,491,158397,1878,100448,2593,94909,2946,2558,237,146,51847,7263,34315,2171,29952,2192,1968,163,61,215616,12625,143439,8709,125493,9237,8828,238,171,50671,3153,54643,2370,49561,2712,2259,192,259,69521,69151,31643,2203,26715,2725,2411,80,234,99500,5278,122658,9804,103138,9716,8170,1177,356,3819899,144071,1542002,55129,1418134,68739,62890,1777,4066,89848,4099,66704,3377,59681,3646,3393,154,97,353245,20984,274353,14586,242278,17489,16420,668,396,112849,3013,95769,6442,82498,6829,6150,524,131,73058,10142,85925,8122,68409,9394,8278,916,199,248219,19916,229440,18900,188006,22534,20433,1363,713,483745,69639,342663,34318,266404,41941,39935,785,1109,209642,2775,91349,8440,74400,8509,8034,255,218,229091,7753,64441,5111,53075,6255,5998,139,118,47903,9060,57372,3234,50161,3977,3724,150,98,349157,14393,306631,14932,268471,23228,21619,921,687,77340,4681,115596,5738,102954,6904,6063,374,466,184860,19347,167500,16237,132952,18311,16883,617,484,129881,4427,140154,6319,126016,7819,7315,137,365,88095,7656,90376,4227,80781,5368,4871,265,232,302856,6027,180286,7351,166212,6723,6369,197,157,126343,10284,117947,9569,98241,10137,7679,1208,417,157772,6604,161622,10031,141714,9877,8633,113,215,339635,8837,190663,6176,177790,6697,6369,152,155,167484,6953,141333,8108,125141,8084,7710,171,201,66684,2003,39935,2855,33626,3454,2437,826,191,153368,11545,164788,15551,131241,17996,16572,924,474,132098,14370,108298,6519,94609,7170,6456,428,282,69310,4454,67084,3741,59414,3929,3264,562,103,8924108,563856,5517663,318360,4829239,370064,338010,16173,13539
2022-02-26,107226,10836,60250,3563,51863,4824,4534,40,247,158992,40672,128066,11937,105426,10703,9788,420,491,158434,1878,100464,2593,94925,2946,2558,237,146,51848,7270,34323,2172,29958,2193,1970,163,60,215657,12646,143453,8711,125506,9236,8827,238,171,50681,3156,54673,2370,49588,2715,2262,192,259,69528,69164,31646,2204,26717,2725,2412,80,233,99508,5285,122665,9804,103143,9718,8172,1177,356,3821825,144146,1542360,55146,1418479,68735,62893,1777,4059,89858,4104,66713,3377,59689,3647,3394,154,97,353286,20998,274381,14588,242299,17494,16425,668,396,112880,3023,95784,6445,82510,6829,6151,523,131,73077,10153,85955,8128,68433,9394,8279,916,198,248264,19931,229455,18902,188016,22537,20435,1363,714,483832,69666,342718,34331,266444,41943,39938,785,1108,209662,2786,91358,8443,74408,8507,8033,255,217,229122,7755,64450,5113,53083,6254,5997,139,118,47929,9063,57384,3235,50173,3976,3723,150,98,349278,14403,306666,14934,268501,23231,21624,921,685,77354,4685,115635,5739,102989,6907,6065,375,466,184976,19378,167603,16239,133044,18320,16891,617,485,129909,4437,140171,6322,126030,7819,7315,137,365,88121,7664,90385,4227,80789,5369,4872,265,232,302992,6060,180306,7351,166232,6723,6369,197,157,126649,10367,118000,9571,98288,10141,7683,1208,417,157812,6607,161650,10034,141738,9878,8634,113,215,339733,8852,190679,6177,177802,6700,6373,152,154,167524,6959,141351,8110,125154,8087,7713,171,201,66701,2008,39952,2857,33642,3453,2437,826,190,153389,11572,164887,15554,131328,18005,16580,925,474,132120,14376,108309,6519,94620,7170,6456,428,282,69325,4456,67122,3741,59452,3929,3264,562,103,8927492,564356,5518814,318437,4830269,370108,338067,16174,13525
2022-02-27,107249,10845,60257,3565,51869,4823,4534,40,246,159009,40699,128075,11940,105431,10704,9790,420,490,158443,1880,100491,2593,94949,2949,2561,237,146,51852,7283,34331,2172,29966,2193,1970,163,60,215705,12666,143461,8711,125513,9237,8828,238,171,50690,3160,54690,2372,49604,2714,2262,192,258,69530,69170,31647,2205,26717,2725,2413,80,232,99511,5296,122672,9805,103146,9721,8174,1178,356,3823027,144226,1542591,55160,1418694,68737,62897,1777,4057,89881,4106,66714,3377,59690,3647,3394,154,97,353354,21019,274404,14589,242314,17501,16428,670,398,112898,3036,95796,6445,82520,6831,6152,524,131,73114,10166,85983,8131,68456,9396,8282,916,197,248292,19948,229478,18905,188029,22544,20443,1363,713,483938,69695,342743,34341,266462,41940,39936,785,1107,209697,2793,91381,8445,74430,8506,8033,255,216,229149,7756,64461,5114,53091,6256,5999,139,118,47965,9063,57394,3235,50180,3979,3726,150,98,349363,14414,306705,14936,268531,23238,21631,921,685,77369,4692,115693,5740,103041,6912,6071,375,465,185064,19404,167685,16243,133120,18322,16893,617,485,129931,4443,140182,6323,126038,7821,7317,137,365,88133,7668,90392,4229,80795,5368,4872,265,231,303103,6091,180322,7354,166246,6722,6368,197,157,126835,10391,118040,9577,98324,10139,7681,1208,417,157841,6622,161677,10035,141762,9880,8637,113,214,339781,8870,190683,6180,177803,6700,6373,152,154,167555,6965,141366,8113,125167,8086,7712,171,201,66707,2027,39967,2857,33657,3453,2437,826,190,153401,11604,165006,15556,131439,18011,16586,925,474,132137,14383,108316,6519,94626,7171,6457,428,282,69351,4457,67140,3742,59469,3929,3264,562,103,8929875,564838,5519743,318509,4831079,370155,338121,16178,13514
2022-02-28,107328,10858,60331,3565,51943,4823,4534,40,246,159045,40746,128110,11940,105465,10705,9791,420,490,158650,1896,100584,2593,95041,2950,2562,237,146,51853,7295,34343,2172,29977,2194,1971,163,60,215841,12689,143488,8711,125540,9237,8828,238,171,50708,3167,54724,2374,49638,2712,2260,192,258,69540,69176,31661,2207,26730,2724,2414,80,230,99528,5302,122682,9805,103156,9721,8174,1178,356,3824661,144518,1543095,55164,1419186,68745,62906,1777,4056,89905,4111,66727,3377,59702,3648,3395,154,97,353460,21144,274459,14589,242367,17503,16430,670,398,112923,3045,95811,6445,82535,6831,6152,524,131,73165,10182,86042,8133,68513,9396,8283,916,196,248327,20012,229531,18905,188076,22550,20449,1363,713,484083,69739,342858,34343,266571,41944,39940,785,1107,209717,2803,91422,8446,74468,8508,8035,255,216,229192,7758,64468,5114,53096,6258,6001,139,118,47991,9066,57407,3235,50193,3979,3726,150,98,349533,14428,306787,14936,268608,23243,21636,921,685,77408,4703,115772,5742,103118,6912,6072,375,464,185258,19514,167875,16246,133300,18329,16900,617,485,129993,4482,140244,6323,126098,7823,7319,137,365,88142,7683,90401,4229,80804,5368,4872,265,231,303202,6097,180343,7354,166265,6724,6370,197,157,126849,10421,118078,9577,98358,10143,7685,1208,417,157937,6639,161739,10038,141822,9879,8636,113,214,339859,9030,190698,6181,177817,6700,6374,152,153,167630,6978,141392,8113,125192,8087,7713,171,201,66712,2067,39988,2857,33677,3454,2438,826,190,153427,11641,165170,15556,131599,18015,16589,926,474,132176,14409,108353,6519,94663,7171,6457,428,282,69410,4547,67160,3742,59489,3929,3264,562,103,8933453,566146,5521743,318531,4833007,370205,338176,16179,13508
2022-03-01,107328,10858,60331,3565,51943,4823,4534,40,246,159045,40746,128110,11940,105465,10705,9791,420,490,158650,1896,100584,2593,95041,2950,2562,237,146,51853,7295,34343,2172,29977,2194,1971,163,60,215841,12689,143488,8711,125540,9237,8828,238,171,50708,3167,54724,2374,49638,2712,2260,192,258,69540,69176,31661,2207,26730,2724,2414,80,230,99528,5302,122682,9805,103156,9721,8174,1178,356,3824661,144518,1543096,55164,1419186,68746,62907,1777,4056,89905,4111,66727,3377,59702,3648,3395,154,97,353460,21144,274459,14589,242367,17503,16430,670,398,112923,3045,95811,6445,82535,6831,6152,524,131,73165,10182,86042,8133,68513,9396,8283,916,196,248327,20012,229531,18905,188076,22550,20449,1363,713,484083,69740,342858,34343,266571,41944,39940,785,1107,209717,2803,91422,8446,74468,8508,8035,255,216,229192,7758,64468,5114,53096,6258,6001,139,118,47991,9066,57407,3235,50193,3979,3726,150,98,349533,14428,306787,14936,268608,23243,21636,921,685,77408,4703,115772,5742,103118,6912,6072,375,464,185258,19514,167875,16246,133300,18329,16900,617,485,129993,4482,140244,6323,126098,7823,7319,137,365,88142,7683,90401,4229,80804,5368,4872,265,231,303202,6097,180343,7354,166265,6724,6370,197,157,126849,10421,118078,9577,98358,10143,7685,1208,417,157937,6639,161739,10038,141822,9879,8636,113,214,339859,9032,190698,6181,177817,6700,6374,152,153,167631,6978,141392,8113,125192,8087,7713,171,201,66712,2067,39988,2857,33677,3454,2438,826,190,153427,11641,165170,15556,131599,18015,16589,926,474,132176,14409,108353,6519,94663,7171,6457,428,282,69410,4547,67160,3742,59489,3929,3264,562,103,8933454,566149,5521744,318531,4833007,370206,338177,16179,13508
